EXPOCODE 316N138_9  WHP-ID P16A/P17A  DATES 100692-112592              20020417WHPOSIOSA                *
  STNNBR  CASTNO  BTLNBR  REVPRS  REVTMP  SALNTY  NITRAT  NITRIT  SILCAT  PHSPHT  DELC14  C14ERR   QUALT1
			    DBAR  ITS-90  PSS-78 UMOL/KG UMOL/KG UMOL/KG UMOL/KG  /MILLE  /MILLE        *                     
                 *******                 ******* ******* ******* ******* ******* *******                *
      14       1      41  2823.5  1.8700 34.6780   34.70    0.00  120.80    2.43  -999.0    -9.0  2222229
      14       1      81  2824.0  1.8700 34.6800   34.60    0.00  120.80    2.43  -202.2     4.0  2222222
      14       1      42  3128.2  1.7400 34.6950   33.60    0.00  117.10    2.35  -999.0    -9.0  2222229
      14       1      82  3128.7  1.7400 34.6960   33.60    0.00  116.90    2.32  -196.0     4.0  2222222
      14       1      43  3433.4 -9.0000 34.7130   -9.00   -9.00   -9.00   -9.00  -999.0    -9.0  2255559
      14       1      83  3433.9 -9.0000 34.7130   -9.00   -9.00   -9.00   -9.00  -177.8     4.0  2255552
      14       1      44  3739.4  1.4200 34.7170   32.00    0.00  112.40    2.22  -999.0    -9.0  2222229
      14       1      84  3739.9  1.4200 34.7180   32.00    0.00  112.40    2.22  -177.1     4.0  2222222
      14       1      45  4046.3 -9.0000 -9.0000   -9.00   -9.00   -9.00   -9.00  -999.0    -9.0  2555559
      14       1      87  4046.8 -9.0000 34.7150   -9.00   -9.00   -9.00   -9.00  -167.9     4.0  2255552
      14       1      46  4354.3  1.1700 34.7160   32.10    0.00  118.60    2.21  -999.0    -9.0  2322229
      14       1      89  4354.8  1.1700 34.7130   31.60    0.00  115.60    2.17  -167.5     4.0  2222222
      14       1      47  4663.3  1.1500 34.7130   32.10    0.00  119.80    2.21  -999.0    -9.0  2222229
      14       1      90  4663.8  1.1500 34.7130   32.00    0.00  118.00    2.19  -168.0     4.0  2222222
      14       1      48  4973.7 -9.0000 -9.0000   -9.00   -9.00   -9.00   -9.00  -999.0    -9.0  2555559
      14       1      92  4974.2 -9.0000 34.7130   -9.00   -9.00   -9.00   -9.00  -173.0     4.0  2255552
      14       1      49  5285.6  1.1900 34.7120   32.20    0.00  120.20    2.21  -999.0    -9.0  2222229
      14       1      93  5286.1  1.1900 34.7120   32.10    0.00  119.30    2.20  -173.8     4.0  2222222
      22       2      41  3339.4  1.7100 34.7220   32.00    0.01  105.70    2.25  -999.0    -9.0  2222229
      22       2      81  3339.9  1.7100 34.7220   32.00    0.00  105.70    2.27  -165.0     4.0  2222222
      22       2      42  3545.6  1.5700 34.7240   31.90    0.00  107.30    2.23  -999.0    -9.0  2222229
      22       2      82  3546.1  1.5700 34.7240   31.90    0.00  107.40    2.21  -169.5     4.0  2222222
      22       2      43  3749.9 -9.0000 34.7220   -9.00   -9.00   -9.00   -9.00  -999.0    -9.0  2255559
      22       2      83  3750.4 -9.0000 34.7230   -9.00   -9.00   -9.00   -9.00  -166.5     4.0  2255552
      22       2      44  3951.9  1.3100 34.7200   31.90    0.00  113.30    2.24  -999.0    -9.0  2222229
      22       2      84  3952.4  1.3100 34.7210   31.90    0.00  113.20    2.23  -165.9     4.0  2222222
      22       2      45  4151.0  1.2400 34.7150   32.00    0.00  116.00    2.24  -999.0    -9.0  2222229
      22       2      87  4151.5  1.2400 34.7170   32.00    0.00  116.30    2.24  -167.9     4.0  2222222
      22       2      46  4346.8  1.1800 34.7150   32.10    0.00  117.70    2.25  -999.0    -9.0  2222229
      22       2      89  4347.3  1.1800 34.7150   32.10    0.00  118.00    2.25  -168.9     4.0  2222222
      32       2      41  2863.1  1.7600 34.7380   31.10    0.00   97.20    2.18  -999.0    -9.0  2222229
      32       2      81  2863.6  1.7600 34.7370   31.00    0.00   97.20    2.22  -999.0    -9.0  2222225
      32       2      42  3065.7  1.5900 34.7350   31.10    0.00  102.40    2.23  -999.0    -9.0  2222229
      32       2      82  3066.2  1.5900 34.7350   31.10    0.00  102.50    2.20  -999.0    -9.0  2222225
      32       2      49  4515.7  1.1000 34.7120   31.80    0.00  122.60    2.26  -999.0    -9.0  2222229
      32       2      93  4516.2  1.1000 34.7130   31.90    0.00  122.30    2.25  -999.0    -9.0  2222225
      38       1      41  2143.6  1.6300 34.7370   31.10    0.00   99.00    2.16  -999.0    -9.0  2222229
      38       1      81  2144.1  1.6300 34.7360   31.10    0.00   99.00    2.17  -157.4     4.0  2222222
      38       1      42  2348.7 -9.0000 34.7320   -9.00   -9.00   -9.00   -9.00  -999.0    -9.0  2255559
      38       1      82  2349.2 -9.0000 34.7310   -9.00   -9.00   -9.00   -9.00  -158.3     4.0  2255552
      38       1      43  2550.5 -9.0000 34.7270   -9.00   -9.00   -9.00   -9.00  -999.0    -9.0  2255559
      38       1      83  2551.0 -9.0000 34.7270   -9.00   -9.00   -9.00   -9.00  -159.5     4.0  2255552
      38       1      44  2758.1  1.0900 34.7190   31.70    0.00  114.90    2.22  -999.0    -9.0  2222229
      38       1      84  2758.6  1.0900 34.7190   31.80    0.00  114.70    2.22  -158.0     4.0  2222222
      38       1      49  2962.2 -9.0000 34.7150   -9.00   -9.00   -9.00   -9.00  -999.0    -9.0  2255559
      38       1      85  2962.7 -9.0000 34.7150   -9.00   -9.00   -9.00   -9.00  -165.7     4.0  2255552
      38       1      45  3164.6  0.9100 34.7110   32.00    0.00  125.60    2.26  -999.0    -9.0  2222229
      38       1      87  3165.1  0.9100 34.7100   32.10    0.00  125.50    2.24  -162.6     4.0  2222222
      38       1      46  3367.3  0.9000 34.7100   32.10    0.00  126.90    2.25  -999.0    -9.0  2222229
      38       1      89  3367.8  0.9000 34.7100   32.10    0.00  126.60    2.26  -159.2     4.0  2222222
      38       1      47  3569.0  0.8800 34.7060   32.20    0.00  126.00    2.25  -999.0    -9.0  2322229
      38       1      90  3569.5  0.8800 34.7090   32.20    0.00  128.20    2.23  -158.8     4.0  2222222
      38       1      48  3769.6  0.8900 34.7080   32.20    0.00  128.50    2.22  -999.0    -9.0  2222229
      38       1      93  3770.1  0.8900 34.7080   32.20    0.00  128.50    2.22  -160.4     4.0  2222222
      43       1      41  1876.3  1.3200 34.7320   31.30    0.00  106.90    2.21  -999.0    -9.0  2222229
      43       1      81  1876.8  1.3200 34.7310   31.20    0.00  106.50    2.20  -999.0    -9.0  2222225
      43       1      42  2026.0  1.2200 34.7280   31.40    0.00  109.30    2.22  -999.0    -9.0  2222229
      43       1      82  2026.5  1.2200 34.7270   31.30    0.00  109.40    2.22  -155.6     4.0  2222222
      43       1      43  2175.3  1.1400 34.7240   31.50    0.00  112.00    2.22  -999.0    -9.0  2222229
      43       1      83  2175.8  1.1400 34.7240   31.50    0.00  112.00    2.22  -167.9     4.0  2222222
      43       1      44  2323.3  1.0500 34.7200   31.60    0.00  114.20    2.23  -999.0    -9.0  2222229
      43       1      84  2323.8  1.0500 34.7210   31.60    0.00  114.90    2.23  -163.1     4.0  2222222
      43       1      45  2472.8 -9.0000 34.6150   -9.00   -9.00   -9.00   -9.00  -999.0    -9.0  2455559
      43       1      85  2473.3 -9.0000 34.7150   -9.00   -9.00   -9.00   -9.00  -164.4     4.0  2255552
      43       1      46  2621.0  0.9000 34.7130   31.90    0.00  120.60    2.23  -999.0    -9.0  2222229
      43       1      87  2621.5  0.9000 34.7130   31.90    0.00  120.80    2.25  -999.0    -9.0  2222225
      43       1      47  2768.8  0.8200 34.7090   32.10    0.00  127.10    2.25  -999.0    -9.0  2222229
      43       1      89  2769.3  0.8200 34.7100   32.10    0.00  127.40    2.25  -161.0     4.0  2222222
      43       1      48  2916.2  0.7900 34.7070   32.20    0.00  130.50    2.25  -999.0    -9.0  2222229
      43       1      90  2916.7  0.7900 34.7080   32.20    0.00  130.70    2.24  -167.6     4.0  2222222
      43       1      49  3062.2  0.8000 34.7070   32.20    0.00  130.70    2.24  -999.0    -9.0  2222229
      43       1      93  3062.7  0.8000 34.7070   32.30    0.00  130.80    2.23  -160.6     4.0  2222222
      48       1      41  1622.5  0.6900 34.7080   32.10    0.01  124.40    2.24  -999.0    -9.0  2222229
      48       1      81  1623.0  0.6900 34.7080   32.10    0.01  124.60    2.26  -158.1     4.0  2222222
      48       1      42  1774.9  0.6500 34.7070   32.20    0.01  127.00    2.25  -999.0    -9.0  2222229
      48       1      82  1775.4  0.6500 34.7060   32.10    0.00  127.40    2.26  -163.4     4.0  2222222
      48       1      43  1927.0  0.6400 34.7050   32.30    0.00  128.60    2.24  -999.0    -9.0  2222229
      48       1      83  1927.5  0.6400 34.7050   32.20    0.00  128.30    2.28  -161.3     4.0  2222232
      48       1      44  2078.7  0.6000 34.7040   32.30    0.00  128.90    2.26  -999.0    -9.0  2222229
      48       1      84  2079.2  0.6000 34.7040   32.30    0.00  128.30    2.24  -159.3     4.0  2222222
      48       1      45  2229.9 -9.0000 34.7040   -9.00   -9.00   -9.00   -9.00  -999.0    -9.0  2355559
      48       1      85  2230.4 -9.0000 34.7020   -9.00   -9.00   -9.00   -9.00  -999.0    -9.0  2255555
      48       1      46  2380.7  0.4500 34.7010   32.30    0.00  127.50    2.26  -999.0    -9.0  2222229
      48       1      87  2381.2  0.4500 34.7010   32.30    0.00  127.10    2.28  -159.3     4.0  2222232
      48       1      47  2530.7  0.3900 34.7000   32.40    0.00  127.60    2.25  -999.0    -9.0  2222229
      48       1      89  2531.2  0.3900 34.7000   32.30    0.00  127.40    2.25  -155.5     4.0  2222222
      48       1      48  2680.1 -9.0000 -9.0000   -9.00   -9.00   -9.00   -9.00  -999.0    -9.0  2555559
      48       1      90  2680.6 -9.0000 34.6990   -9.00   -9.00   -9.00   -9.00  -163.5     4.0  2255553
      48       1      49  2828.6  0.2900 34.6990   32.50    0.00  127.80    2.25  -999.0    -9.0  2222229
      48       1      93  2829.1  0.2900 34.6990   32.40    0.00  127.60    2.25  -158.2     4.0  2222222
      56       3      41  1411.2  1.1600 34.7250   -9.00   -9.00  110.40   -9.00  -999.0    -9.0  2255259
      56       3      81  1411.7  1.1600 34.7250   -9.00   -9.00  110.60   -9.00  -164.6     4.0  2255252
      56       3      42  1612.4  1.0100 34.7200   -9.00   -9.00  114.80   -9.00  -999.0    -9.0  2255259
      56       3      82  1612.9  1.0100 34.7200   -9.00   -9.00  114.80   -9.00  -159.9     4.0  2255252
      56       3      43  1813.7  0.9100 34.7160   -9.00   -9.00  118.50   -9.00  -999.0    -9.0  2255259
      56       3      83  1814.2  0.9100 34.7160   -9.00   -9.00  118.40   -9.00  -165.9     4.0  2255252
      56       3      44  2015.2  0.8300 34.7110   -9.00   -9.00  122.10   -9.00  -999.0    -9.0  2255259
      56       3      84  2015.7  0.8300 34.7110   -9.00   -9.00  122.30   -9.00  -163.6     4.0  2255252
      56       3      45  2217.0  0.7200 34.7090   -9.00   -9.00  125.70   -9.00  -999.0    -9.0  2255259
      56       3      85  2217.5  0.7200 34.7080   -9.00   -9.00  125.50   -9.00  -150.5     4.0  2255253
      56       3      46  2419.1  0.6800 34.7060   -9.00   -9.00  127.50   -9.00  -999.0    -9.0  2255259
      56       3      87  2419.6  0.6800 34.7060   -9.00   -9.00  127.50   -9.00  -160.5     4.0  2255252
      56       3      47  2621.7  0.6200 34.7050   -9.00   -9.00  127.70   -9.00  -999.0    -9.0  2255259
      56       3      89  2622.2  0.6200 34.7040   -9.00   -9.00  127.90   -9.00  -160.2     4.0  2255252
      56       3      48  2824.8  0.5200 34.7020   -9.00   -9.00  129.00   -9.00  -999.0    -9.0  2255259
      56       3      90  2825.3  0.5200 34.7030   -9.00   -9.00  128.50   -9.00  -165.7     4.0  2255252
      56       3      49  3028.6  0.4300 34.7020   -9.00   -9.00  130.00   -9.00  -999.0    -9.0  2255259
      56       3      93  3029.1  0.4300 34.7030   -9.00   -9.00  129.80   -9.00  -156.7     4.0  2255252
      56       1      41  3288.6  0.3800 34.7020   -9.00   -9.00  132.20   -9.00  -999.0    -9.0  2255259
      56       1      81  3289.1  0.3800 34.7010   -9.00   -9.00  132.20   -9.00  -160.5     4.0  2255252
      56       1      42  3545.6  0.3100 34.7010   -9.00   -9.00  133.20   -9.00  -999.0    -9.0  2255259
      56       1      82  3546.1  0.3100 34.7020   -9.00   -9.00  133.10   -9.00  -150.4     4.0  2255252
      56       1      43  3802.5 -9.0000 34.7010   -9.00   -9.00   -9.00   -9.00  -999.0    -9.0  2255559
      56       1      83  3803.0 -9.0000 34.7010   -9.00   -9.00   -9.00   -9.00  -157.2     4.0  2255552
      56       1      44  4059.3  0.2200 34.7010   -9.00   -9.00  130.40   -9.00  -999.0    -9.0  2255259
      56       1      84  4059.8  0.2200 34.7000   -9.00   -9.00  130.30   -9.00  -153.4     4.0  2255252
      56       1      45  4315.7 -9.0000 34.7010   -9.00   -9.00   -9.00   -9.00  -999.0    -9.0  2255559
      56       1      85  4316.2 -9.0000 34.7010   -9.00   -9.00   -9.00   -9.00  -154.0     4.0  2255552
      56       1      47  4571.7  0.2500 34.7000   -9.00   -9.00  130.50   -9.00  -999.0    -9.0  2255259
      56       1      87  4572.2  0.2500 34.7000   -9.00   -9.00  130.40   -9.00  -153.3     4.0  2255252
      56       1      46  4827.1  0.2800 34.7000   -9.00   -9.00  129.20   -9.00  -999.0    -9.0  2255359
      56       1      89  4827.6  0.2800 34.7000   -9.00   -9.00  130.70   -9.00  -153.8     4.0  2255252
      56       1      48  5081.9  0.3000 34.7010   -9.00   -9.00  130.90   -9.00  -999.0    -9.0  2255259
      56       1      90  5082.4  0.3000 34.7000   -9.00   -9.00  131.00   -9.00  -152.5     4.0  2255252
      56       1      49  5335.8  0.3300 34.7010   -9.00   -9.00  131.00   -9.00  -999.0    -9.0  2255259
      56       1      93  5336.3  0.3300 34.7010   -9.00   -9.00  131.00   -9.00  -154.2     4.0  2255252
      73       1      41  1600.7  1.7900 34.7350   -9.00   -9.00   92.90   -9.00  -999.0    -9.0  2255259
      73       1      81  1601.2  1.7900 34.7350   -9.00   -9.00   92.90   -9.00  -154.1     4.0  2255252
      73       1      42  1801.7  1.6100 34.7370   -9.00   -9.00   97.60   -9.00  -999.0    -9.0  2255259
      73       1      82  1802.2  1.6100 34.7370   -9.00   -9.00   97.60   -9.00  -152.1     4.0  2255252
      73       1      43  2003.9  1.4500 34.7340   -9.00   -9.00  102.80   -9.00  -999.0    -9.0  2255259
      73       1      83  2004.4  1.4500 34.7340   -9.00   -9.00  102.90   -9.00  -163.0     4.0  2255252
      73       1      44  2206.4  1.3000 34.7290   -9.00   -9.00  107.50   -9.00  -999.0    -9.0  2255259
      73       1      84  2206.9  1.3000 34.7280   -9.00   -9.00  107.70   -9.00  -157.8     4.0  2255252
      73       1      45  2409.3  1.1700 34.6010   -9.00   -9.00   76.70   -9.00  -999.0    -9.0  4455459
      73       1      85  2409.8  1.1700 34.7240   -9.00   -9.00  111.40   -9.00  -160.4     4.0  2255252
      73       1      46  2612.5  1.0900 34.7190   -9.00   -9.00  115.20   -9.00  -999.0    -9.0  2255259
      73       1      87  2613.0  1.0900 34.7200   -9.00   -9.00  115.40   -9.00  -156.9     4.0  2255252
      73       1      47  2816.0  1.0100 34.7170   -9.00   -9.00  117.50   -9.00  -999.0    -9.0  2255259
      73       1      89  2816.5  1.0100 34.7170   -9.00   -9.00  117.90   -9.00  -152.1     4.0  2255252
      73       1      48  3021.1  0.9300 34.7140   -9.00   -9.00  120.10   -9.00  -999.0    -9.0  2255259
      73       1      90  3021.6  0.9300 34.7140   -9.00   -9.00  120.70   -9.00  -154.8     4.0  2255252
      73       1      49  3214.3  0.8300 34.7100   -9.00   -9.00  123.10   -9.00  -999.0    -9.0  2255259
      73       1      93  3214.8  0.8300 34.7110   -9.00   -9.00  122.80   -9.00  -158.7     4.0  2255252
      80       3      41  1603.3  2.5800 34.5550   -9.00   -9.00   76.10   -9.00  -999.0    -9.0  2255259
      80       3      81  1603.8  2.5800 34.5540   -9.00   -9.00   75.80   -9.00  -152.0     4.0  2255252
      80       3      42  1754.3  2.4200 34.6050   -9.00   -9.00   81.00   -9.00  -999.0    -9.0  2255259
      80       3      82  1754.8  2.4200 34.6060   -9.00   -9.00   80.90   -9.00  -148.1     4.0  2255252
      80       3      43  1905.4  2.3400 34.6390   -9.00   -9.00   84.60   -9.00  -999.0    -9.0  2255259
      80       3      83  1905.9  2.3400 34.6390   -9.00   -9.00   84.40   -9.00  -156.2     4.0  2255252
      80       3      44  2056.6  2.2600 34.6690   -9.00   -9.00   86.30   -9.00  -999.0    -9.0  2255259
      80       3      84  2057.1  2.2600 34.6700   -9.00   -9.00   86.50   -9.00  -159.3     4.0  2255252
      80       3      45  2207.9  2.1400 34.6880   -9.00   -9.00   92.40   -9.00  -999.0    -9.0  2255259
      80       3      85  2208.4  2.1400 34.6880   -9.00   -9.00   92.40   -9.00  -165.8     4.0  2255252
      80       3      46  2359.4  2.0700 34.7050   -9.00   -9.00   93.00   -9.00  -999.0    -9.0  2255259
      80       3      87  2359.9  2.0700 34.7050   -9.00   -9.00   93.00   -9.00  -164.9     4.0  2255252
      80       3      47  2510.9  1.9800 34.7190   -9.00   -9.00   93.60   -9.00  -999.0    -9.0  2255259
      80       3      89  2511.4  1.9800 34.7190   -9.00   -9.00   93.40   -9.00  -158.6     4.0  2255253
      80       3      48  2662.6  1.8700 34.7270   -9.00   -9.00   97.30   -9.00  -999.0    -9.0  2255259
      80       3      90  2663.1  1.8700 34.7250   -9.00   -9.00   97.50   -9.00  -170.9     4.0  2255253
      80       3      49  2814.4  1.7500 34.7270   -9.00   -9.00  100.00   -9.00  -999.0    -9.0  2255259
      80       3      93  2814.9  1.7500 34.7280   -9.00   -9.00  100.00   -9.00  -162.5     4.0  2255252
      80       1      41  2935.9  1.6700 34.7260   -9.00   -9.00  103.30   -9.00  -999.0    -9.0  2255259
      80       1      81  2936.4  1.6700 34.7260   -9.00   -9.00  103.30   -9.00  -161.4     4.0  2255252
      80       1      42  3135.6  1.4900 34.7240   -9.00   -9.00  107.60   -9.00  -999.0    -9.0  2255259
      80       1      82  3136.1  1.4900 34.7240   -9.00   -9.00  107.40   -9.00  -165.9     4.0  2255252
      80       1      43  3336.5  1.4300 34.7220   -9.00   -9.00  110.20   -9.00  -999.0    -9.0  2255259
      80       1      83  3337.0  1.4300 34.7220   -9.00   -9.00  110.20   -9.00  -166.2     4.0  2255252
      80       1      44  3537.7  1.3400 34.7190   -9.00   -9.00  113.30   -9.00  -999.0    -9.0  2255259
      80       1      84  3538.2  1.3400 34.7190   -9.00   -9.00  113.30   -9.00  -174.6     4.0  2255252
      80       1      45  3738.2  1.3000 34.7170   -9.00   -9.00  115.10   -9.00  -999.0    -9.0  2255259
      80       1      85  3738.7  1.3000 34.7180   -9.00   -9.00  115.10   -9.00  -172.0     4.0  2255252
      80       1      47  3939.1  1.2900 34.7180   -9.00   -9.00  115.50   -9.00  -999.0    -9.0  2255259
      80       1      87  3939.6  1.2900 34.7170   -9.00   -9.00  115.60   -9.00  -172.1     4.0  2255252
      80       1      46  4140.4  1.2900 34.7160   -9.00   -9.00  116.90   -9.00  -999.0    -9.0  2255259
      80       1      89  4140.9  1.2900 34.7160   -9.00   -9.00  116.80   -9.00  -172.2     4.0  2255252
      80       1      48  4342.2  1.3000 34.7150   -9.00   -9.00  117.00   -9.00  -999.0    -9.0  2255259
      80       1      90  4342.7  1.3000 34.7160   -9.00   -9.00  117.20   -9.00  -170.5     4.0  2255252
      80       1      49  4544.6  1.3200 34.7150   -9.00   -9.00  117.40   -9.00  -999.0    -9.0  2255259
      80       1      93  4545.1  1.3200 34.7160   -9.00   -9.00  117.20   -9.00  -167.0     4.0  2255252
      87       3      41  1437.1  3.3000 34.4000   -9.00   -9.00   53.80   -9.00  -999.0    -9.0  2255259
      87       3      81  1437.6  3.3000 34.4000   -9.00   -9.00   53.60   -9.00  -118.4     4.0  2255252
      87       3      42  1610.0  2.9200 34.4680   -9.00   -9.00   65.30   -9.00  -999.0    -9.0  2255259
      87       3      82  1610.5  2.9200 34.4670   -9.00   -9.00   65.30   -9.00  -139.0     4.0  2255252
      87       3      43  1790.1  2.6900 34.5340   -9.00   -9.00   75.80   -9.00  -999.0    -9.0  2255259
      87       3      83  1790.6  2.6900 34.5340   -9.00   -9.00   75.80   -9.00  -152.4     4.0  2255252
      87       4      45  1883.6  2.5800 34.5380   -9.00   -9.00   76.40   -9.00  -999.0    -9.0  4455359
      87       4      85  1884.1  2.5800 34.5760   -9.00   -9.00   82.90   -9.00  -161.6     4.0  4455252
      87       4      44  1971.6  2.5400 34.5890   -9.00   -9.00   86.50   -9.00  -999.0    -9.0  2255259
      87       4      84  1972.1  2.5400 34.5890   -9.00   -9.00   86.50   -9.00  -162.3     4.0  2255252
      87       4      46  2323.5  2.2700 34.6550   -9.00   -9.00   98.30   -9.00  -999.0    -9.0  2255259
      87       4      87  2324.0  2.2700 34.6540   -9.00   -9.00   98.30   -9.00  -181.5     4.0  2255252
      87       4      47  2501.0  2.1800 34.6770   -9.00   -9.00   99.00   -9.00  -999.0    -9.0  2255259
      87       4      89  2501.5  2.1800 34.6760   -9.00   -9.00   99.00   -9.00  -178.1     4.0  2255252
      87       4      48  2679.7  2.1200 34.7030   -9.00   -9.00   93.70   -9.00  -999.0    -9.0  2255259
      87       4      90  2680.2  2.1200 34.7030   -9.00   -9.00   93.70   -9.00  -167.3     4.0  2255252
      87       4      49  2860.0  1.9900 34.7120   -9.00   -9.00   99.20   -9.00  -999.0    -9.0  2255259
      87       4      93  2860.5  1.9900 34.7120   -9.00   -9.00   99.20   -9.00  -165.6     4.0  2255252
      87       1      41  3053.8  1.9000 34.7260   -9.00   -9.00   97.20   -9.00  -999.0    -9.0  2255259
      87       1      81  3054.3  1.9000 34.7260   -9.00   -9.00   97.20   -9.00  -170.5     4.0  2255252
      87       1      42  3284.1  1.6700 34.7240   -9.00   -9.00  103.20   -9.00  -999.0    -9.0  2255259
      87       1      82  3284.6  1.6700 34.7260   -9.00   -9.00  103.40   -9.00  -168.3     4.0  2255252
      87       1      43  3513.5  1.5000 34.7200   -9.00   -9.00  109.80   -9.00  -999.0    -9.0  2255259
      87       1      83  3514.0  1.5000 34.7200   -9.00   -9.00  109.80   -9.00  -176.2     4.0  2255252
      87       1      44  3742.1  1.4000 34.7180   -9.00   -9.00  113.10   -9.00  -999.0    -9.0  2255259
      87       1      84  3742.6  1.4000 34.7180   -9.00   -9.00  112.90   -9.00  -176.5     4.0  2255252
      87       1      45  3972.0  1.3000 34.7160   -9.00   -9.00  115.00   -9.00  -999.0    -9.0  2255259
      87       1      85  3972.5  1.3000 34.7160   -9.00   -9.00  115.80   -9.00  -168.6     4.0  2255252
      87       1      46  4202.2  1.2900 34.7150   -9.00   -9.00  116.90   -9.00  -999.0    -9.0  2255259
      87       1      87  4202.7  1.2900 34.7150   -9.00   -9.00  116.90   -9.00  -167.3     4.0  2255253
      87       1      47  4432.5  1.2900 34.7140   -9.00   -9.00  117.10   -9.00  -999.0    -9.0  2255259
      87       1      89  4433.0  1.2900 34.7150   -9.00   -9.00  117.80   -9.00  -171.9     4.0  2255252
      87       1      48  4663.1  1.3000 34.7140   -9.00   -9.00  118.00   -9.00  -999.0    -9.0  2255259
      87       1      90  4663.6  1.3000 34.7140   -9.00   -9.00  118.20   -9.00  -176.1     4.0  2255252
      87       1      49  4894.0  1.3100 34.7130   -9.00   -9.00  118.40   -9.00  -999.0    -9.0  2255259
      87       1      93  4894.5  1.3100 34.7130   -9.00   -9.00  118.60   -9.00  -175.1     4.0  2255252
      95       3      41  1442.7  2.9200 34.4580   -9.00   -9.00   63.60   -9.00  -999.0    -9.0  2255259
      95       3      81  1443.2  2.9200 34.4590   -9.00   -9.00   63.60   -9.00  -999.0    -9.0  2255255
      95       3      42  1592.4  2.6400 34.5280   -9.00   -9.00   73.80   -9.00  -999.0    -9.0  2255259
      95       3      82  1592.9  2.6400 34.5280   -9.00   -9.00   73.80   -9.00  -147.4     4.0  2255252
      95       3      43  1742.1  2.4900 34.5820   -9.00   -9.00   82.70   -9.00  -999.0    -9.0  2255259
      95       3      83  1742.6  2.4900 34.5820   -9.00   -9.00   82.70   -9.00  -999.0    -9.0  2255255
      95       3      44  1891.7  2.3600 34.6170   -9.00   -9.00   90.50   -9.00  -999.0    -9.0  2255259
      95       3      84  1892.2  2.3600 34.6170   -9.00   -9.00   90.50   -9.00  -172.6     4.0  2255252
      95       3      45  2041.0  2.2400 34.6410   -9.00   -9.00   98.80   -9.00  -999.0    -9.0  2255259
      95       3      85  2041.5  2.2400 34.6410   -9.00   -9.00   98.80   -9.00  -999.0    -9.0  2255255
      95       3      46  2190.1  2.1400 34.6530   -9.00   -9.00  106.50   -9.00  -999.0    -9.0  2255259
      95       3      87  2190.6  2.1400 34.6530   -9.00   -9.00  106.40   -9.00  -196.8     4.0  2255252
      95       3      47  2339.0  2.0300 34.6600   -9.00   -9.00  112.70   -9.00  -999.0    -9.0  2255259
      95       3      89  2339.5  2.0300 34.6610   -9.00   -9.00  113.10   -9.00  -999.0    -9.0  2255255
      95       3      48  2487.5  1.9200 34.6660   -9.00   -9.00  118.90   -9.00  -999.0    -9.0  2255259
      95       3      90  2488.0  1.9200 34.6650   -9.00   -9.00  118.90   -9.00  -203.8     4.0  2255252
      95       1      41  2769.1  1.8200 34.6740   -9.00   -9.00  123.70   -9.00  -999.0    -9.0  2255259
      95       1      81  2769.6  1.8200 34.6740   -9.00   -9.00  123.70   -9.00  -209.9     4.0  2255252
      95       1      42  3022.1  1.7200 34.6810   -9.00   -9.00  124.50   -9.00  -999.0    -9.0  2255259
      95       1      82  3022.6  1.7200 34.6810   -9.00   -9.00  124.40   -9.00  -999.0    -9.0  2255255
      95       1      43  3276.3  1.6400 34.6900   -9.00   -9.00  123.40   -9.00  -999.0    -9.0  2255259
      95       1      83  3276.8  1.6400 34.6910   -9.00   -9.00  123.30   -9.00  -203.3     4.0  2255252
      95       1      44  3527.6  1.5500 34.6980   -9.00   -9.00  121.40   -9.00  -999.0    -9.0  2255259
      95       1      84  3528.1  1.5500 34.6980   -9.00   -9.00  121.30   -9.00  -999.0    -9.0  2255255
      95       1      45  3779.8  1.7500 34.7010   -9.00   -9.00  120.50   -9.00  -999.0    -9.0  4355259
      95       1      85  3780.3  1.7500 34.7040   -9.00   -9.00  119.60   -9.00  -187.0     4.0  2255252
      95       1      46  4029.9  1.3500 34.7100   -9.00   -9.00  118.70   -9.00  -999.0    -9.0  2255259
      95       1      87  4030.4  1.3500 34.7090   -9.00   -9.00  118.70   -9.00  -999.0    -9.0  2255255
      95       1      47  4278.6  1.2700 34.7110   -9.00   -9.00  119.00   -9.00  -999.0    -9.0  2255259
      95       1      89  4279.1  1.2700 34.7120   -9.00   -9.00  119.00   -9.00  -179.4     4.0  2255252
      95       1      48  4524.8  1.2000 34.7110   -9.00   -9.00  120.20   -9.00  -999.0    -9.0  2255259
      95       1      90  4525.3  1.2000 34.7110   -9.00   -9.00  120.00   -9.00  -173.4     4.0  2255252
      95       1      49  4770.4  1.1900 34.7110   -9.00   -9.00  120.60   -9.00  -999.0    -9.0  2255259
      95       1      93  4770.9  1.1900 34.7110   -9.00   -9.00  120.50   -9.00  -999.0    -9.0  2255255
     105       4      41  1357.1  3.0700 34.4300   -9.00   -9.00   59.50   -9.00  -999.0    -9.0  2255259
     105       4      81  1357.6  3.0700 34.4290   -9.00   -9.00   59.10   -9.00  -999.0    -9.0  2255255
     105       4      42  1558.2  2.6700 34.5250   -9.00   -9.00   74.70   -9.00  -999.0    -9.0  2255259
     105       4      82  1558.7  2.6700 34.5250   -9.00   -9.00   74.70   -9.00  -999.0    -9.0  2255255
     105       4      43  1759.4  2.4600 34.5940   -9.00   -9.00   90.10   -9.00  -999.0    -9.0  2255259
     105       4      83  1759.9  2.4600 34.5950   -9.00   -9.00   90.10   -9.00  -176.1     4.0  2255252
     105       4      44  1960.9  2.2600 34.6340   -9.00   -9.00  103.20   -9.00  -999.0    -9.0  2255259
     105       4      84  1961.4  2.2600 34.6340   -9.00   -9.00  103.00   -9.00  -195.9     4.0  2255252
     105       4      45  2162.7  2.1000 34.6490   -9.00   -9.00  113.30   -9.00  -999.0    -9.0  2255259
     105       4      85  2163.2  2.1000 34.6500   -9.00   -9.00  113.10   -9.00  -210.4     4.0  2255252
     105       4      46  2364.7  1.9800 34.6580   -9.00   -9.00  119.70   -9.00  -999.0    -9.0  2255259
     105       4      87  2365.2  1.9800 34.6580   -9.00   -9.00  119.70   -9.00  -216.4     4.0  2255252
     105       4      47  2566.2  1.8900 -9.0000   -9.00   -9.00   -9.00   -9.00  -999.0    -9.0  2555559
     105       4      89  2566.7  1.8900 34.6670   -9.00   -9.00  123.70   -9.00  -999.0    -9.0  2255255
     105       4      48  2769.0  1.8000 34.6740   -9.00   -9.00  124.60   -9.00  -999.0    -9.0  2255259
     105       4      90  2769.5  1.8000 34.6740   -9.00   -9.00  124.60   -9.00  -999.0    -9.0  2255255
     105       4      49  2972.4  1.7200 34.6820   -9.00   -9.00  124.60   -9.00  -999.0    -9.0  2255259
     105       4      93  2972.9  1.7200 34.6820   -9.00   -9.00  124.60   -9.00  -999.0    -9.0  2255255
     105       1      41  3146.3  1.6800 34.6920   -9.00   -9.00  123.00   -9.00  -999.0    -9.0  2255259
     105       1      81  3146.8  1.6800 34.6910   -9.00   -9.00  123.20   -9.00  -999.0    -9.0  2255255
     105       1      42  3403.5  1.5500 34.7000   -9.00   -9.00  121.20   -9.00  -999.0    -9.0  2255259
     105       1      82  3404.0  1.5500 34.6990   -9.00   -9.00  121.20   -9.00  -193.9     4.0  2255252
     105       1      43  3660.1 -9.0000 34.7050   -9.00   -9.00   -9.00   -9.00  -999.0    -9.0  2255559
     105       1      83  3660.6 -9.0000 34.7040   -9.00   -9.00   -9.00   -9.00  -999.0    -9.0  2255555
     105       1      44  3915.8  1.3300 34.7070   -9.00   -9.00  119.70   -9.00  -999.0    -9.0  2255259
     105       1      84  3916.3  1.3300 34.7070   -9.00   -9.00  119.70   -9.00  -196.4     4.0  2255252
     105       1      45  4170.5  1.2600 34.7090   -9.00   -9.00  120.10   -9.00  -999.0    -9.0  2255259
     105       1      85  4171.0  1.2600 34.7080   -9.00   -9.00  120.40   -9.00  -183.2     4.0  2255252
     105       2      46  4390.8  1.2400 34.7090   -9.00   -9.00  119.50   -9.00  -999.0    -9.0  2255259
     105       2      81  4391.3  1.2400 34.7090   -9.00   -9.00  119.50   -9.00  -179.0     4.0  2255252
     105       2      47  4659.8  1.2500 34.7100   -9.00   -9.00  119.90   -9.00  -999.0    -9.0  2255259
     105       2      82  4660.3  1.2500 34.7110   -9.00   -9.00  119.70   -9.00  -999.0    -9.0  2255255
     105       2      48  4920.4 -9.0000 34.2460   -9.00   -9.00   -9.00   -9.00  -999.0    -9.0  2255559
     105       2      83  4920.9 -9.0000 34.7110   -9.00   -9.00   -9.00   -9.00  -999.0    -9.0  2255555
     105       2      49  5172.5  1.2800 34.7180   -9.00   -9.00  119.40   -9.00  -999.0    -9.0  2255259
     105       2      84  5173.0  1.2800 34.7110   -9.00   -9.00  119.50   -9.00  -999.0    -9.0  2255255
     113       3      41  1505.2  2.7900 34.5160   -9.00   -9.00   75.40   -9.00  -999.0    -9.0  2255259
     113       3      81  1505.7  2.7900 34.5160   -9.00   -9.00   75.40   -9.00  -999.0    -9.0  2255255
     113       3      42  1656.8  2.5300 34.5720   -9.00   -9.00   89.30   -9.00  -999.0    -9.0  2255259
     113       3      82  1657.3  2.5300 34.5720   -9.00   -9.00   89.40   -9.00  -182.8     4.0  2255252
     113       3      43  1808.4  2.3800 34.5990   -9.00   -9.00   98.20   -9.00  -999.0    -9.0  2255259
     113       3      83  1808.9  2.3800 34.6030   -9.00   -9.00   98.40   -9.00  -183.7     4.0  2255252
     113       3      44  1960.0  2.2700 34.6230   -9.00   -9.00  107.10   -9.00  -999.0    -9.0  2255259
     113       3      84  1960.5  2.2700 34.6240   -9.00   -9.00  107.10   -9.00  -203.8     4.0  2255252
     113       3      45  2111.6  2.1300 34.6380   -9.00   -9.00  113.50   -9.00  -999.0    -9.0  2255259
     113       3      85  2112.1  2.1300 34.6380   -9.00   -9.00  113.30   -9.00  -205.8     4.0  2255252
     113       3      46  2263.3  2.0400 34.6470   -9.00   -9.00  117.70   -9.00  -999.0    -9.0  2255259
     113       3      87  2263.8  2.0400 34.6480   -9.00   -9.00  117.70   -9.00  -214.9     4.0  2255252
     113       3      47  2414.8  1.9600 34.6560   -9.00   -9.00  121.90   -9.00  -999.0    -9.0  2255259
     113       3      89  2415.3  1.9600 34.6580   -9.00   -9.00  121.90   -9.00  -999.0    -9.0  2255255
     113       3      48  2566.3  1.8700 34.6610   -9.00   -9.00  124.30   -9.00  -999.0    -9.0  2255259
     113       3      90  2566.8  1.8700 34.6620   -9.00   -9.00  124.40   -9.00  -999.0    -9.0  2255255
     113       3      49  2717.7  1.8000 34.6660   -9.00   -9.00  125.90   -9.00  -999.0    -9.0  2255259
     113       3      93  2718.2  1.8000 34.6670   -9.00   -9.00  126.00   -9.00  -215.4     4.0  2255252
     113       1      41  2933.9  1.7300 34.6720   -9.00   -9.00  127.40   -9.00  -999.0    -9.0  2255259
     113       1      81  2934.4  1.7300 34.6730   -9.00   -9.00  127.40   -9.00  -194.7     4.0  2255252
     113       1      42  3163.8  1.6500 34.6790   -9.00   -9.00  127.40   -9.00  -999.0    -9.0  2255259
     113       1      82  3164.3  1.6500 34.6800   -9.00   -9.00  127.40   -9.00  -999.0    -9.0  2255255
     113       1      43  3391.7 -9.0000 -9.0000   -9.00   -9.00   -9.00   -9.00  -999.0    -9.0  2555559
     113       1      83  3392.2 -9.0000 34.6860   -9.00   -9.00   -9.00   -9.00  -999.0    -9.0  2255555
     113       1      44  3620.8  1.5100 34.6920   -9.00   -9.00  124.20   -9.00  -999.0    -9.0  2255259
     113       1      84  3621.3  1.5100 34.6930   -9.00   -9.00  124.40   -9.00  -999.0    -9.0  2255255
     113       1      45  3848.8  1.4000 34.6620   -9.00   -9.00  124.40   -9.00  -999.0    -9.0  4455459
     113       1      85  3849.3  1.4000 34.7000   -9.00   -9.00  122.20   -9.00  -999.0    -9.0  2255255
     113       1      46  4076.8  1.3100 34.7050   -9.00   -9.00  120.40   -9.00  -999.0    -9.0  2255259
     113       1      87  4077.3  1.3100 34.7060   -9.00   -9.00  120.60   -9.00  -179.4     4.0  2255252
     113       1      47  4305.8  1.2800 34.7070   -9.00   -9.00  120.40   -9.00  -999.0    -9.0  2255259
     113       1      89  4306.3  1.2800 34.7080   -9.00   -9.00  120.20   -9.00  -999.0    -9.0  2255255
     113       1      48  4534.5  1.2700 34.7080   -9.00   -9.00  120.20   -9.00  -999.0    -9.0  2255259
     113       1      90  4535.0  1.2700 34.7090   -9.00   -9.00  120.20   -9.00  -999.0    -9.0  2255255
     113       1      49  4763.0  1.2900 34.7090   -9.00   -9.00  120.20   -9.00  -999.0    -9.0  2255259
     113       1      93  4763.5  1.2900 34.7090   -9.00   -9.00  120.20   -9.00  -999.0    -9.0  2255255
     119       1      46  1898.9  2.2200 34.6200   -9.00   -9.00  105.60   -9.00  -999.0    -9.0  2255259
     119       1      81  1899.4  2.2200 34.6190   -9.00   -9.00  105.80   -9.00  -999.0    -9.0  2255255
     119       1      42  2105.6  2.0500 34.6390   -9.00   -9.00  113.40   -9.00  -999.0    -9.0  2255259
     119       1      82  2106.1  2.0500 34.6390   -9.00   -9.00  113.60   -9.00  -206.3     4.0  2255252
     119       1      43  2309.2  1.9200 34.6520   -9.00   -9.00  119.40   -9.00  -999.0    -9.0  2255259
     119       1      83  2309.7  1.9200 34.6520   -9.00   -9.00  119.40   -9.00  -213.6     4.0  2255252
     119       1      44  2513.3  1.8500 34.6610   -9.00   -9.00  121.90   -9.00  -999.0    -9.0  2255259
     119       1      84  2513.8  1.8500 34.6590   -9.00   -9.00  122.10   -9.00  -212.3     4.0  2255252
     119       1      45  2715.3  1.7500 34.6680   -9.00   -9.00  123.80   -9.00  -999.0    -9.0  2255259
     119       1      85  2715.8  1.7500 34.6670   -9.00   -9.00  123.80   -9.00  -213.5     4.0  2255252
