2013may
      2013.38
STN   LAT    LON CAST SAMP BTL CTDPRS CTDTMP CTDSAL CTDOXY   THETA   SALNTY  OXYGEN  CFC-11  CFC-12  CFC113  SF6  pCFC-12 CFC12age Mean Age
9002  40.152 -69.879 1  3  3    3.0  13.297  33.094 293.800  13.297  33.087  -9.000  -9.000  -9.000  -9.000  -9.000  -9.000  -9.000  -9.000
9002  40.152 -69.879 1  2  2   50.5  12.551  34.895 233.600  12.544  34.901  -9.000  -9.000  -9.000  -9.000  -9.000  -9.000  -9.000  -9.000
9002  40.152 -69.879 1  1  1  113.0  12.978  35.537 211.500  12.962  35.513  -9.000  -9.000  -9.000  -9.000  -9.000  -9.000  -9.000  -9.000
9003  40.012 -68.007 1  4  4    2.7  15.328  33.751 269.300  15.328  33.745  -9.000  -9.000  -9.000  -9.000  -9.000  -9.000  -9.000  -9.000
9003  40.012 -68.007 1  3  3   50.6  12.774  35.117 248.000  12.767  35.106  -9.000  -9.000  -9.000  -9.000  -9.000  -9.000  -9.000  -9.000
9003  40.012 -68.007 1  2  2  101.5  13.263  35.627 218.300  13.249  35.618  -9.000  -9.000  -9.000  -9.000  -9.000  -9.000  -9.000  -9.000
9003  40.012 -68.007 1  1  1  152.7  12.456  35.615 187.600  12.436  35.607  -9.000  -9.000  -9.000  -9.000  -9.000  -9.000  -9.000  -9.000
9004  39.906 -68.073 1  9  9    2.2  15.506  33.654 268.000  15.506  33.648  -9.000  -9.000  -9.000  -9.000  -9.000  -9.000  -9.000  -9.000
9004  39.906 -68.073 1  8  8   50.5  13.859  35.629 210.400  13.852  35.605  -9.000  -9.000  -9.000  -9.000  -9.000  -9.000  -9.000  -9.000
9004  39.906 -68.073 1  7  7  101.3  14.393  36.034 218.900  14.378  36.019  -9.000  -9.000  -9.000  -9.000  -9.000  -9.000  -9.000  -9.000
9004  39.906 -68.073 1  6  6  201.7  11.231  35.468 151.700  11.206  35.452  -9.000  -9.000  -9.000  -9.000  -9.000  -9.000  -9.000  -9.000
9004  39.906 -68.073 1  5  5  303.0   8.973  35.215 147.400   8.940  35.195  -9.000  -9.000  -9.000  -9.000  -9.000  -9.000  -9.000  -9.000
9004  39.906 -68.073 1  4  4  403.5   6.799  35.089 182.800   6.761  35.079  -9.000  -9.000  -9.000  -9.000  -9.000  -9.000  -9.000  -9.000
9004  39.906 -68.073 1  3  3  505.1   5.640  35.032 217.300   5.597  35.024  -9.000  -9.000  -9.000  -9.000  -9.000  -9.000  -9.000  -9.000
9004  39.906 -68.073 1  2  2  605.8   5.095  35.008 235.700   5.045  35.001  -9.000  -9.000  -9.000  -9.000  -9.000  -9.000  -9.000  -9.000
9004  39.906 -68.073 1  1  1  711.5   4.612  34.989 250.400   4.556  34.981  -9.000  -9.000  -9.000  -9.000  -9.000  -9.000  -9.000  -9.000
9005  39.853 -68.105 1 10 10    0.8  15.740  33.790 266.000  15.740  33.807  -9.000  -9.000  -9.000  -9.000  -9.000  -9.000  -9.000  -9.000
9005  39.853 -68.105 1  9  9   75.6  13.524  35.535 204.800  13.513  35.555  -9.000  -9.000  -9.000  -9.000  -9.000  -9.000  -9.000  -9.000
9005  39.853 -68.105 1  8  8  150.5  12.586  35.668 196.200  12.566  35.625  -9.000  -9.000  -9.000  -9.000  -9.000  -9.000  -9.000  -9.000
9005  39.853 -68.105 1  7  7  252.2   9.718  35.262 136.200   9.689  35.242  -9.000  -9.000  -9.000  -9.000  -9.000  -9.000  -9.000  -9.000
9005  39.853 -68.105 1  6  6  352.9   7.824  35.129 159.700   7.788  35.125  -9.000  -9.000  -9.000  -9.000  -9.000  -9.000  -9.000  -9.000
9005  39.853 -68.105 1  5  5  479.4   6.015  35.051 208.300   5.973  35.046  -9.000  -9.000  -9.000  -9.000  -9.000  -9.000  -9.000  -9.000
9005  39.853 -68.105 1  4  4  605.5   5.194  35.012 234.200   5.143  -9.000  -9.000  -9.000  -9.000  -9.000  -9.000  -9.000  -9.000  -9.000
9005  39.853 -68.105 1  3  3  731.7   4.800  34.996 246.800   4.741  34.987  -9.000  -9.000  -9.000  -9.000  -9.000  -9.000  -9.000  -9.000
9005  39.853 -68.105 1  2  2  858.5   4.452  34.983 254.200   4.385  34.974  -9.000  -9.000  -9.000  -9.000  -9.000  -9.000  -9.000  -9.000
9005  39.853 -68.105 1  1  1  947.0   4.376  34.980 256.400   4.301  34.972  -9.000  -9.000  -9.000  -9.000  -9.000  -9.000  -9.000  -9.000
9006  39.789 -68.158 1 13 13    0.8  15.702  33.848 268.500  15.702  33.852  -9.000  -9.000  -9.000  -9.000  -9.000  -9.000  -9.000  -9.000
9006  39.789 -68.158 1 12 12   75.1  13.544  35.675 195.200  13.533  35.650  -9.000  -9.000  -9.000  -9.000  -9.000  -9.000  -9.000  -9.000
9006  39.789 -68.158 1 11 11  151.4  13.163  35.762 206.100  13.141  35.739  -9.000  -9.000  -9.000  -9.000  -9.000  -9.000  -9.000  -9.000
9006  39.789 -68.158 1 10 10  252.7   9.965  35.297 136.300   9.935  35.283  -9.000  -9.000  -9.000  -9.000  -9.000  -9.000  -9.000  -9.000
9006  39.789 -68.158 1  9  9  377.9   7.642  35.119 163.100   7.604  35.108  -9.000  -9.000  -9.000  -9.000  -9.000  -9.000  -9.000  -9.000
9006  39.789 -68.158 1  8  8  530.0   5.744  35.040 217.500   5.698  35.031  -9.000  -9.000  -9.000  -9.000  -9.000  -9.000  -9.000  -9.000
9006  39.789 -68.158 1  7  7  681.8   4.995  35.006 241.600   4.939  34.998  -9.000  -9.000  -9.000  -9.000  -9.000  -9.000  -9.000  -9.000
9006  39.789 -68.158 1  6  6  833.4   4.646  34.990 251.400   4.579  34.980  -9.000  -9.000  -9.000  -9.000  -9.000  -9.000  -9.000  -9.000
9006  39.789 -68.158 1  5  5  959.4   4.442  34.984 256.800   4.366  34.976  -9.000  -9.000  -9.000  -9.000  -9.000  -9.000  -9.000  -9.000
9006  39.789 -68.158 1  4  4 1086.5   4.266  34.977 259.100   4.180  34.970  -9.000  -9.000  -9.000  -9.000  -9.000  -9.000  -9.000  -9.000
9006  39.789 -68.158 1  3  3 1213.8   4.111  34.972 261.000   4.015  34.965  -9.000  -9.000  -9.000  -9.000  -9.000  -9.000  -9.000  -9.000
9006  39.789 -68.158 1  2  2 1339.2   3.942  34.969 262.600   3.836  34.962  -9.000  -9.000  -9.000  -9.000  -9.000  -9.000  -9.000  -9.000
9006  39.789 -68.158 1  1  1 1567.3   3.685  34.957 265.200   3.563  34.950  -9.000  -9.000  -9.000  -9.000  -9.000  -9.000  -9.000  -9.000
9007  39.706 -68.203 1 18 18    2.1  15.238  33.543 274.500  15.238  33.541  -9.000  -9.000  -9.000  -9.000  -9.000  -9.000  -9.000  -9.000
9007  39.706 -68.203 1 17 17  101.1  14.054  35.887 221.800  14.040  35.879  -9.000  -9.000  -9.000  -9.000  -9.000  -9.000  -9.000  -9.000
9007  39.706 -68.203 1 16 16  228.9  11.232  35.438 147.900  11.203  35.437  -9.000  -9.000  -9.000  -9.000  -9.000  -9.000  -9.000  -9.000
9007  39.706 -68.203 1 15 15  354.5   8.263  35.147 154.200   8.226  35.144  -9.000  -9.000  -9.000  -9.000  -9.000  -9.000  -9.000  -9.000
9007  39.706 -68.203 1 14 14  481.3   6.128  35.051 203.400   6.085  35.042  -9.000  -9.000  -9.000  -9.000  -9.000  -9.000  -9.000  -9.000
9007  39.706 -68.203 1 13 13  605.9   5.360  35.015 230.700   5.309  35.008  -9.000  -9.000  -9.000  -9.000  -9.000  -9.000  -9.000  -9.000
9007  39.706 -68.203 1 12 12  758.6   4.872  35.001 243.100   4.810  34.992  -9.000  -9.000  -9.000  -9.000  -9.000  -9.000  -9.000  -9.000
9007  39.706 -68.203 1 11 11  885.5   4.685  34.999 250.500   4.614  34.994  -9.000  -9.000  -9.000  -9.000  -9.000  -9.000  -9.000  -9.000
9007  39.706 -68.203 1 10 10 1011.3   4.443  34.990 256.500   4.362  34.981  -9.000  -9.000  -9.000  -9.000  -9.000  -9.000  -9.000  -9.000
9007  39.706 -68.203 1  9  9 1139.9   4.194  34.973 259.700   4.104  34.965  -9.000  -9.000  -9.000  -9.000  -9.000  -9.000  -9.000  -9.000
9007  39.706 -68.203 1  8  8 1265.0   4.102  34.972 261.100   4.002  34.964  -9.000  -9.000  -9.000  -9.000  -9.000  -9.000  -9.000  -9.000
9007  39.706 -68.203 1  7  7 1391.2   3.992  34.968 262.300   3.882  34.961  -9.000  -9.000  -9.000  -9.000  -9.000  -9.000  -9.000  -9.000
9007  39.706 -68.203 1  6  6 1517.9   3.893  34.967 263.200   3.772  34.972  -9.000  -9.000  -9.000  -9.000  -9.000  -9.000  -9.000  -9.000
9007  39.706 -68.203 1  5  5 1644.7   3.756  34.960 264.800   3.626  34.956  -9.000  -9.000  -9.000  -9.000  -9.000  -9.000  -9.000  -9.000
9007  39.706 -68.203 1  4  4 1771.1   3.647  34.955 265.700   3.507  34.947  -9.000  -9.000  -9.000  -9.000  -9.000  -9.000  -9.000  -9.000
9007  39.706 -68.203 1  3  3 1899.6   3.507  34.951 267.200   3.356  34.943  -9.000  -9.000  -9.000  -9.000  -9.000  -9.000  -9.000  -9.000
9007  39.706 -68.203 1  2  2 1998.8   3.373  34.947 267.700   3.215  34.940  -9.000  -9.000  -9.000  -9.000  -9.000  -9.000  -9.000  -9.000
9007  39.706 -68.203 1  1  1 2091.0   3.288  34.944 267.400   3.123  34.937  -9.000  -9.000  -9.000  -9.000  -9.000  -9.000  -9.000  -9.000
9008  39.479 -68.367 1 21 21    1.5  15.226  33.632 270.800  15.225  33.630  -9.000  -9.000  -9.000  -9.000  -9.000  -9.000  -9.000  -9.000
9008  39.479 -68.367 1 20 20   77.9  13.640  35.707 209.500  13.629  35.699  -9.000  -9.000  -9.000  -9.000  -9.000  -9.000  -9.000  -9.000
9008  39.479 -68.367 1 19 19  152.8  13.179  35.722 218.000  13.158  35.715  -9.000  -9.000  -9.000  -9.000  -9.000  -9.000  -9.000  -9.000
9008  39.479 -68.367 1 18 18  252.7  10.649  35.361 142.600  10.618  35.355  -9.000  -9.000  -9.000  -9.000  -9.000  -9.000  -9.000  -9.000
9008  39.479 -68.367 1 17 17  378.3   7.529  35.115 165.400   7.491  35.107  -9.000  -9.000  -9.000  -9.000  -9.000  -9.000  -9.000  -9.000
9008  39.479 -68.367 1 16 16  531.3   5.508  35.022 213.000   5.463  35.015  -9.000  -9.000  -9.000  -9.000  -9.000  -9.000  -9.000  -9.000
9008  39.479 -68.367 1 15 15  682.7   4.891  34.994 243.100   4.835  34.985  -9.000  -9.000  -9.000  -9.000  -9.000  -9.000  -9.000  -9.000
9008  39.479 -68.367 1 14 14  828.7   4.641  34.984 250.500   4.574  34.974  -9.000  -9.000  -9.000  -9.000  -9.000  -9.000  -9.000  -9.000
9008  39.479 -68.367 1 13 13  964.4   4.454  34.978 255.500   4.377  34.975  -9.000  -9.000  -9.000  -9.000  -9.000  -9.000  -9.000  -9.000
9008  39.479 -68.367 1 12 12 1089.8   4.300  34.974 258.200   4.214  34.965  -9.000  -9.000  -9.000  -9.000  -9.000  -9.000  -9.000  -9.000
9008  39.479 -68.367 1 11 11 1213.5   4.224  34.977 258.500   4.127  34.967  -9.000  -9.000  -9.000  -9.000  -9.000  -9.000  -9.000  -9.000
9008  39.479 -68.367 1 10 10 1341.0   4.045  34.974 262.000   3.939  34.963  -9.000  -9.000  -9.000  -9.000  -9.000  -9.000  -9.000  -9.000
9008  39.479 -68.367 1  9  9 1466.0   3.944  34.970 262.500   3.828  34.961  -9.000  -9.000  -9.000  -9.000  -9.000  -9.000  -9.000  -9.000
9008  39.479 -68.367 1  8  8 1593.5   3.815  34.964 264.000   3.688  34.954  -9.000  -9.000  -9.000  -9.000  -9.000  -9.000  -9.000  -9.000
9008  39.479 -68.367 1  7  7 1719.2   3.661  34.957 265.200   3.525  34.948  -9.000  -9.000  -9.000  -9.000  -9.000  -9.000  -9.000  -9.000
9008  39.479 -68.367 1  6  6 1846.7   3.558  34.952 266.600   3.412  34.944  -9.000  -9.000  -9.000  -9.000  -9.000  -9.000  -9.000  -9.000
9008  39.479 -68.367 1  5  5 1971.9   3.464  34.949 267.400   3.307  34.940  -9.000  -9.000  -9.000  -9.000  -9.000  -9.000  -9.000  -9.000
9008  39.479 -68.367 1  4  4 2099.9   3.351  34.946 267.800   3.184  34.937  -9.000  -9.000  -9.000  -9.000  -9.000  -9.000  -9.000  -9.000
9008  39.479 -68.367 1  3  3 2226.3   3.225  34.943 268.000   3.047  34.933  -9.000  -9.000  -9.000  -9.000  -9.000  -9.000  -9.000  -9.000
9008  39.479 -68.367 1  2  2 2326.6   2.966  34.934 268.300   2.783  34.925  -9.000  -9.000  -9.000  -9.000  -9.000  -9.000  -9.000  -9.000
9008  39.479 -68.367 1  1  1 2421.7   2.819  34.929 269.900   2.630  34.921  -9.000  -9.000  -9.000  -9.000  -9.000  -9.000  -9.000  -9.000
9009  39.344 -68.460 1 22 22    1.4  17.222  34.543 250.600  17.221  34.549  -9.000  -9.000  -9.000  -9.000  -9.000  -9.000  -9.000  -9.000
9009  39.344 -68.460 1 21 21  100.8  13.105  35.634 202.500  13.091  35.637  -9.000  -9.000  -9.000  -9.000  -9.000  -9.000  -9.000  -9.000
9009  39.344 -68.460 1 20 20  226.7  10.860  35.398 150.000  10.832  35.386  -9.000  -9.000  -9.000  -9.000  -9.000  -9.000  -9.000  -9.000
9009  39.344 -68.460 1 19 19  352.7   8.169  35.153 155.000   8.133  35.145  -9.000  -9.000  -9.000  -9.000  -9.000  -9.000  -9.000  -9.000
9009  39.344 -68.460 1 18 18  478.8   6.250  35.074 196.300   6.207  35.067  -9.000  -9.000  -9.000  -9.000  -9.000  -9.000  -9.000  -9.000
9009  39.344 -68.460 1 17 17  605.5   5.421  35.039 224.400   5.370  35.032  -9.000  -9.000  -9.000  -9.000  -9.000  -9.000  -9.000  -9.000
9009  39.344 -68.460 1 16 16  756.7   4.842  35.015 242.600   4.780  35.006  -9.000  -9.000  -9.000  -9.000  -9.000  -9.000  -9.000  -9.000
9009  39.344 -68.460 1 15 15  882.9   4.528  34.995 253.000   4.458  34.987  -9.000  -9.000  -9.000  -9.000  -9.000  -9.000  -9.000  -9.000
9009  39.344 -68.460 1 14 14 1010.1   4.341  34.987 256.200   4.261  34.982  -9.000  -9.000  -9.000  -9.000  -9.000  -9.000  -9.000  -9.000
9009  39.344 -68.460 1 13 13 1137.1   4.198  34.980 259.400   4.108  34.972  -9.000  -9.000  -9.000  -9.000  -9.000  -9.000  -9.000  -9.000
9009  39.344 -68.460 1 12 12 1263.3   4.058  34.975 261.200   3.959  34.968  -9.000  -9.000  -9.000  -9.000  -9.000  -9.000  -9.000  -9.000
9009  39.344 -68.460 1 11 11 1390.1   3.922  34.970 262.700   3.813  34.967  -9.000  -9.000  -9.000  -9.000  -9.000  -9.000  -9.000  -9.000
9009  39.344 -68.460 1 10 10 1516.5   3.768  34.961 265.000   3.649  34.956  -9.000  -9.000  -9.000  -9.000  -9.000  -9.000  -9.000  -9.000
9009  39.344 -68.460 1  9  9 1642.8   3.625  34.957 266.100   3.497  34.948  -9.000  -9.000  -9.000  -9.000  -9.000  -9.000  -9.000  -9.000
9009  39.344 -68.460 1  8  8 1770.9   3.517  34.953 267.100   3.378  34.945  -9.000  -9.000  -9.000  -9.000  -9.000  -9.000  -9.000  -9.000
9009  39.344 -68.460 1  7  7 1898.2   3.404  34.951 267.100   3.255  34.942  -9.000  -9.000  -9.000  -9.000  -9.000  -9.000  -9.000  -9.000
9009  39.344 -68.460 1  6  6 2025.2   3.298  34.948 267.500   3.138  34.940  -9.000  -9.000  -9.000  -9.000  -9.000  -9.000  -9.000  -9.000
9009  39.344 -68.460 1  5  5 2152.2   3.198  34.944 268.000   3.028  34.935  -9.000  -9.000  -9.000  -9.000  -9.000  -9.000  -9.000  -9.000
9009  39.344 -68.460 1  4  4 2279.9   3.089  34.941 268.300   2.909  34.932  -9.000  -9.000  -9.000  -9.000  -9.000  -9.000  -9.000  -9.000
9009  39.344 -68.460 1  3  3 2406.6   2.955  34.935 269.400   2.766  34.926  -9.000  -9.000  -9.000  -9.000  -9.000  -9.000  -9.000  -9.000
9009  39.344 -68.460 1  2  2 2534.8   2.809  34.928 271.100   2.609  34.920  -9.000  -9.000  -9.000  -9.000  -9.000  -9.000  -9.000  -9.000
9009  39.344 -68.460 1  1  1 2657.3   2.718  34.924 271.900   2.508  34.918  -9.000  -9.000  -9.000  -9.000  -9.000  -9.000  -9.000  -9.000
9010  39.092 -68.638 1 23 23    1.6  19.140  35.523 238.400  19.139  35.515  -9.000  -9.000  -9.000  -9.000  -9.000  -9.000  -9.000  -9.000
9010  39.092 -68.638 1 22 22  127.2  13.073  35.702 165.000  13.056  35.696  -9.000  -9.000  -9.000  -9.000  -9.000  -9.000  -9.000  -9.000
9010  39.092 -68.638 1 21 21  253.4   9.590  35.247 134.100   9.561  35.240  -9.000  -9.000  -9.000  -9.000  -9.000  -9.000  -9.000  -9.000
9010  39.092 -68.638 1 20 20  404.0   6.791  35.095 181.100   6.753  35.087  -9.000  -9.000  -9.000  -9.000  -9.000  -9.000  -9.000  -9.000
9010  39.092 -68.638 1 19 19  555.6   5.512  35.046 225.600   5.464  35.039  -9.000  -9.000  -9.000  -9.000  -9.000  -9.000  -9.000  -9.000
9010  39.092 -68.638 1 18 18  605.6   5.195  35.021 233.300   5.145  35.013  -9.000  -9.000  -9.000  -9.000  -9.000  -9.000  -9.000  -9.000
9010  39.092 -68.638 1 17 17  757.4   4.754  35.006 247.800   4.693  34.996  -9.000  -9.000  -9.000  -9.000  -9.000  -9.000  -9.000  -9.000
9010  39.092 -68.638 1 16 16  909.5   4.446  34.992 254.500   4.374  34.982  -9.000  -9.000  -9.000  -9.000  -9.000  -9.000  -9.000  -9.000
9010  39.092 -68.638 1 15 15 1061.3   4.210  34.981 259.000   4.126  34.971  -9.000  -9.000  -9.000  -9.000  -9.000  -9.000  -9.000  -9.000
9010  39.092 -68.638 1 14 14 1213.7   4.033  34.974 261.300   3.938  34.964  -9.000  -9.000  -9.000  -9.000  -9.000  -9.000  -9.000  -9.000
9010  39.092 -68.638 1 13 13 1365.7   3.862  34.965 263.400   3.756  34.957  -9.000  -9.000  -9.000  -9.000  -9.000  -9.000  -9.000  -9.000
9010  39.092 -68.638 1 12 12 1517.1   3.733  34.961 264.600   3.614  34.952  -9.000  -9.000  -9.000  -9.000  -9.000  -9.000  -9.000  -9.000
9010  39.092 -68.638 1 11 11 1669.7   3.604  34.958 265.900   3.473  34.949  -9.000  -9.000  -9.000  -9.000  -9.000  -9.000  -9.000  -9.000
9010  39.092 -68.638 1 10 10 1822.2   3.461  34.950 266.900   3.318  34.940  -9.000  -9.000  -9.000  -9.000  -9.000  -9.000  -9.000  -9.000
9010  39.092 -68.638 1  9  9 1974.5   3.320  34.947 267.800   3.165  34.936  -9.000  -9.000  -9.000  -9.000  -9.000  -9.000  -9.000  -9.000
9010  39.092 -68.638 1  8  8 2126.8   3.209  34.943 268.000   3.041  35.514  -9.000  -9.000  -9.000  -9.000  -9.000  -9.000  -9.000  -9.000
9010  39.092 -68.638 1  7  7 2279.8   3.091  34.940 268.300   2.911  34.932  -9.000  -9.000  -9.000  -9.000  -9.000  -9.000  -9.000  -9.000
9010  39.092 -68.638 1  6  6 2432.5   2.962  34.935 269.200   2.770  34.926  -9.000  -9.000  -9.000  -9.000  -9.000  -9.000  -9.000  -9.000
9010  39.092 -68.638 1  5  5 2585.8   2.810  34.929 270.500   2.606  34.919  -9.000  -9.000  -9.000  -9.000  -9.000  -9.000  -9.000  -9.000
9010  39.092 -68.638 1  4  4 2738.6   2.643  34.921 272.700   2.426  34.911  -9.000  -9.000  -9.000  -9.000  -9.000  -9.000  -9.000  -9.000
9010  39.092 -68.638 1  3  3 2891.7   2.457  34.913 274.400   2.229  34.903  -9.000  -9.000  -9.000  -9.000  -9.000  -9.000  -9.000  -9.000
9010  39.092 -68.638 1  2  2 2993.8   2.344  34.907 274.800   2.109  34.899  -9.000  -9.000  -9.000  -9.000  -9.000  -9.000  -9.000  -9.000
9010  39.092 -68.638 1  1  1 3093.7   2.249  34.902 273.200   2.006  34.894  -9.000  -9.000  -9.000  -9.000  -9.000  -9.000  -9.000  -9.000
9011  38.827 -68.814 1 23 23    1.0  19.323  35.465 239.900  19.323  35.461  -9.000  -9.000  -9.000  -9.000  -9.000  -9.000  -9.000  -9.000
9011  38.827 -68.814 1 22 22  151.8  12.522  35.616 150.600  12.501  35.610  -9.000  -9.000  -9.000  -9.000  -9.000  -9.000  -9.000  -9.000
9011  38.827 -68.814 1 21 21  303.7   7.974  35.137 160.300   7.943  35.128  -9.000  -9.000  -9.000  -9.000  -9.000  -9.000  -9.000  -9.000
9011  38.827 -68.814 1 20 20  455.0   6.078  35.070 210.200   6.038  35.061  -9.000  -9.000  -9.000  -9.000  -9.000  -9.000  -9.000  -9.000
9011  38.827 -68.814 1 19 19  605.9   5.154  35.028 237.000   5.104  35.019  -9.000  -9.000  -9.000  -9.000  -9.000  -9.000  -9.000  -9.000
9011  38.827 -68.814 1 18 18  758.0   4.694  35.005 249.000   4.634  34.996  -9.000  -9.000  -9.000  -9.000  -9.000  -9.000  -9.000  -9.000
9011  38.827 -68.814 1 17 17  884.3   4.418  34.989 254.800   4.348  34.980  -9.000  -9.000  -9.000  -9.000  -9.000  -9.000  -9.000  -9.000
9011  38.827 -68.814 1 16 16 1011.1   4.258  34.982 258.100   4.178  34.976  -9.000  -9.000  -9.000  -9.000  -9.000  -9.000  -9.000  -9.000
9011  38.827 -68.814 1 15 15 1163.8   4.116  34.981 259.500   4.025  34.970  -9.000  -9.000  -9.000  -9.000  -9.000  -9.000  -9.000  -9.000
9011  38.827 -68.814 1 14 14 1314.9   3.908  34.967 262.800   3.806  34.959  -9.000  -9.000  -9.000  -9.000  -9.000  -9.000  -9.000  -9.000
9011  38.827 -68.814 1 13 13 1468.4   3.757  34.961 264.500   3.642  34.952  -9.000  -9.000  -9.000  -9.000  -9.000  -9.000  -9.000  -9.000
9011  38.827 -68.814 1 12 12 1619.6   3.629  34.958 265.600   3.502  34.954  -9.000  -9.000  -9.000  -9.000  -9.000  -9.000  -9.000  -9.000
9011  38.827 -68.814 1 11 11 1771.9   3.511  34.955 266.400   3.372  34.948  -9.000  -9.000  -9.000  -9.000  -9.000  -9.000  -9.000  -9.000
9011  38.827 -68.814 1 10 10 1898.3   3.423  34.953 266.500   3.274  34.946  -9.000  -9.000  -9.000  -9.000  -9.000  -9.000  -9.000  -9.000
9011  38.827 -68.814 1  9  9 2025.6   3.315  34.951 266.600   3.155  34.942  -9.000  -9.000  -9.000  -9.000  -9.000  -9.000  -9.000  -9.000
9011  38.827 -68.814 1  8  8 2177.8   3.199  34.948 266.600   3.027  34.941  -9.000  -9.000  -9.000  -9.000  -9.000  -9.000  -9.000  -9.000
9011  38.827 -68.814 1  7  7 2431.7   2.433  34.930 268.500   2.250  34.926  -9.000  -9.000  -9.000  -9.000  -9.000  -9.000  -9.000  -9.000
9011  38.827 -68.814 1  6  6 2636.6   2.796  34.928 270.900   2.586  34.921  -9.000  -9.000  -9.000  -9.000  -9.000  -9.000  -9.000  -9.000
9011  38.827 -68.814 1  5  5 2788.2   2.681  34.922 272.800   2.459  34.917  -9.000  -9.000  -9.000  -9.000  -9.000  -9.000  -9.000  -9.000
9011  38.827 -68.814 1  4  4 2942.5   2.552  34.916 274.100   2.317  34.907  -9.000  -9.000  -9.000  -9.000  -9.000  -9.000  -9.000  -9.000
9011  38.827 -68.814 1  3  3 3095.4   2.421  34.910 274.600   2.174  34.901  -9.000  -9.000  -9.000  -9.000  -9.000  -9.000  -9.000  -9.000
9011  38.827 -68.814 1  2  2 3198.3   2.344  34.906 274.600   2.088  34.899  -9.000  -9.000  -9.000  -9.000  -9.000  -9.000  -9.000  -9.000
9011  38.827 -68.814 1  1  1 3296.4   2.278  34.900 273.300   2.012  34.894  -9.000  -9.000  -9.000  -9.000  -9.000  -9.000  -9.000  -9.000
9012  38.561 -67.029 1 23 23    1.1  20.381  35.551 237.300  20.380  35.543  -9.000  -9.000  -9.000  -9.000  -9.000  -9.000  -9.000  -9.000
9012  38.561 -67.029 1 22 22  126.1  13.309  35.745 209.500  13.291  35.739  -9.000  -9.000  -9.000  -9.000  -9.000  -9.000  -9.000  -9.000
9012  38.561 -67.029 1 21 21  277.9   9.560  35.239 135.100   9.528  35.228  -9.000  -9.000  -9.000  -9.000  -9.000  -9.000  -9.000  -9.000
9012  38.561 -67.029 1 20 20  428.0   6.601  35.077 189.800   6.562  35.068  -9.000  -9.000  -9.000  -9.000  -9.000  -9.000  -9.000  -9.000
9012  38.561 -67.029 1 19 19  580.3   5.437  35.052 225.900   5.387  35.043  -9.000  -9.000  -9.000  -9.000  -9.000  -9.000  -9.000  -9.000
9012  38.561 -67.029 1 18 18  732.1   4.779  35.011 245.700   4.720  35.002  -9.000  -9.000  -9.000  -9.000  -9.000  -9.000  -9.000  -9.000
9012  38.561 -67.029 1 17 17  883.5   4.476  34.995 254.100   4.405  34.988  -9.000  -9.000  -9.000  -9.000  -9.000  -9.000  -9.000  -9.000
9012  38.561 -67.029 1 16 16 1035.4   4.246  34.985 258.400   4.165  34.975  -9.000  -9.000  -9.000  -9.000  -9.000  -9.000  -9.000  -9.000
9012  38.561 -67.029 1 15 15 1187.6   4.041  34.974 261.200   3.948  34.964  -9.000  -9.000  -9.000  -9.000  -9.000  -9.000  -9.000  -9.000
9012  38.561 -67.029 1 14 14 1339.2   3.909  34.971 262.500   3.805  34.959  -9.000  -9.000  -9.000  -9.000  -9.000  -9.000  -9.000  -9.000
9012  38.561 -67.029 1 13 13 1491.4   3.734  34.963 264.600   3.618  34.960  -9.000  -9.000  -9.000  -9.000  -9.000  -9.000  -9.000  -9.000
9012  38.561 -67.029 1 12 12 1643.5   3.598  34.957 265.800   3.469  34.947  -9.000  -9.000  -9.000  -9.000  -9.000  -9.000  -9.000  -9.000
9012  38.561 -67.029 1 11 11 1796.1   3.457  34.953 266.500   3.317  34.943  -9.000  -9.000  -9.000  -9.000  -9.000  -9.000  -9.000  -9.000
9012  38.561 -67.029 1 10 10 1974.4   3.297  34.950 267.100   3.143  34.940  -9.000  -9.000  -9.000  -9.000  -9.000  -9.000  -9.000  -9.000
9012  38.561 -67.029 1  9  9 2126.4   3.203  34.950 266.100   3.036  34.939  -9.000  -9.000  -9.000  -9.000  -9.000  -9.000  -9.000  -9.000
9012  38.561 -67.029 1  8  8 2279.0   3.038  34.937 268.900   2.859  34.927  -9.000  -9.000  -9.000  -9.000  -9.000  -9.000  -9.000  -9.000
9012  38.561 -67.029 1  7  7 2483.3   2.879  34.931 270.500   2.684  34.921  -9.000  -9.000  -9.000  -9.000  -9.000  -9.000  -9.000  -9.000
9012  38.561 -67.029 1  6  6 2687.5   2.709  34.924 272.100   2.496  34.915  -9.000  -9.000  -9.000  -9.000  -9.000  -9.000  -9.000  -9.000
9012  38.561 -67.029 1  5  5 2891.3   2.531  34.916 274.000   2.302  34.906  -9.000  -9.000  -9.000  -9.000  -9.000  -9.000  -9.000  -9.000
9012  38.561 -67.029 1  4  4 3044.7   2.461  34.913 275.000   2.218  34.904  -9.000  -9.000  -9.000  -9.000  -9.000  -9.000  -9.000  -9.000
9012  38.561 -67.029 1  3  3 3197.6   2.348  34.907 275.500   2.091  34.897  -9.000  -9.000  -9.000  -9.000  -9.000  -9.000  -9.000  -9.000
9012  38.561 -67.029 1  2  2 3352.0   2.164  34.896 271.800   1.896  34.886  -9.000  -9.000  -9.000  -9.000  -9.000  -9.000  -9.000  -9.000
9012  38.561 -67.029 1  1  1 3498.5   2.127  34.890 266.200   1.844  34.882  -9.000  -9.000  -9.000  -9.000  -9.000  -9.000  -9.000  -9.000
9013  38.317 -67.134 1 23 23    1.9  19.523  35.513 240.500  19.523  35.512  -9.000  -9.000  -9.000  -9.000  -9.000  -9.000  -9.000  -9.000
9013  38.317 -67.134 1 22 22  202.9  12.887  35.710 218.800  12.859  35.712  -9.000  -9.000  -9.000  -9.000  -9.000  -9.000  -9.000  -9.000
9013  38.317 -67.134 1 21 21  407.2   7.804  35.128 156.500   7.762  35.126  -9.000  -9.000  -9.000  -9.000  -9.000  -9.000  -9.000  -9.000
9013  38.317 -67.134 1 20 20  607.0   5.374  35.036 224.700   5.323  35.030  -9.000  -9.000  -9.000  -9.000  -9.000  -9.000  -9.000  -9.000
9013  38.317 -67.134 1 19 19  809.3   4.762  35.013 245.300   4.696  35.008  -9.000  -9.000  -9.000  -9.000  -9.000  -9.000  -9.000  -9.000
9013  38.317 -67.134 1 18 18  961.0   4.439  34.995 255.300   4.363  34.990  -9.000  -9.000  -9.000  -9.000  -9.000  -9.000  -9.000  -9.000
9013  38.317 -67.134 1 17 17 1112.0   4.234  34.982 258.600   4.146  34.976  -9.000  -9.000  -9.000  -9.000  -9.000  -9.000  -9.000  -9.000
9013  38.317 -67.134 1 16 16 1263.6   4.024  34.975 261.800   3.924  34.968  -9.000  -9.000  -9.000  -9.000  -9.000  -9.000  -9.000  -9.000
9013  38.317 -67.134 1 15 15 1416.1   3.852  34.968 262.900   3.741  34.968  -9.000  -9.000  -9.000  -9.000  -9.000  -9.000  -9.000  -9.000
9013  38.317 -67.134 1 14 14 1568.5   3.678  34.961 264.800   3.556  34.957  -9.000  -9.000  -9.000  -9.000  -9.000  -9.000  -9.000  -9.000
9013  38.317 -67.134 1 13 13 1771.4   3.538  34.956 266.000   3.399  34.950  -9.000  -9.000  -9.000  -9.000  -9.000  -9.000  -9.000  -9.000
9013  38.317 -67.134 1 12 12 1974.3   3.358  34.951 266.500   3.202  34.944  -9.000  -9.000  -9.000  -9.000  -9.000  -9.000  -9.000  -9.000
9013  38.317 -67.134 1 11 11 2178.1   3.217  34.950 266.000   3.045  34.947  -9.000  -9.000  -9.000  -9.000  -9.000  -9.000  -9.000  -9.000
9013  38.317 -67.134 1 10 10 2381.9   3.062  34.946 265.800   2.872  34.939  -9.000  -9.000  -9.000  -9.000  -9.000  -9.000  -9.000  -9.000
9013  38.317 -67.134 1  9  9 2585.8   2.843  34.936 267.300   2.638  34.929  -9.000  -9.000  -9.000  -9.000  -9.000  -9.000  -9.000  -9.000
9013  38.317 -67.134 1  8  8 2789.2   2.638  34.924 269.500   2.417  34.918  -9.000  -9.000  -9.000  -9.000  -9.000  -9.000  -9.000  -9.000
9013  38.317 -67.134 1  7  7 2942.9   2.524  34.918 271.500   2.290  34.911  -9.000  -9.000  -9.000  -9.000  -9.000  -9.000  -9.000  -9.000
9013  38.317 -67.134 1  6  6 3096.5   2.397  34.910 273.400   2.150  34.904  -9.000  -9.000  -9.000  -9.000  -9.000  -9.000  -9.000  -9.000
9013  38.317 -67.134 1  5  5 3249.5   2.315  34.906 274.200   2.054  34.900  -9.000  -9.000  -9.000  -9.000  -9.000  -9.000  -9.000  -9.000
9013  38.317 -67.134 1  4  4 3402.4   2.251  34.901 273.200   1.976  34.896  -9.000  -9.000  -9.000  -9.000  -9.000  -9.000  -9.000  -9.000
9013  38.317 -67.134 1  3  3 3555.9   2.182  34.896 271.200   1.891  34.889  -9.000  -9.000  -9.000  -9.000  -9.000  -9.000  -9.000  -9.000
9013  38.317 -67.134 1  2  2 3709.7   2.168  34.892 268.600   1.861  34.886  -9.000  -9.000  -9.000  -9.000  -9.000  -9.000  -9.000  -9.000
9013  38.317 -67.134 1  1  1 3854.6   2.148  34.888 265.000   1.826  34.883  -9.000  -9.000  -9.000  -9.000  -9.000  -9.000  -9.000  -9.000
9014  38.092 -67.333 1 23 23    1.4  22.565  35.670 221.000  22.564  35.668  -9.000  -9.000  -9.000  -9.000  -9.000  -9.000  -9.000  -9.000
9014  38.092 -67.333 1 22 22  102.7  14.592  35.786 145.700  14.577  35.787  -9.000  -9.000  -9.000  -9.000  -9.000  -9.000  -9.000  -9.000
9014  38.092 -67.333 1 21 21  302.5  10.251  35.310 132.700  10.215  35.306  -9.000  -9.000  -9.000  -9.000  -9.000  -9.000  -9.000  -9.000
9014  38.092 -67.333 1 20 20  504.6   6.658  35.082 182.900   6.611  35.077  -9.000  -9.000  -9.000  -9.000  -9.000  -9.000  -9.000  -9.000
9014  38.092 -67.333 1 19 19  706.3   5.249  35.029 232.000   5.190  35.024  -9.000  -9.000  -9.000  -9.000  -9.000  -9.000  -9.000  -9.000
9014  38.092 -67.333 1 18 18  908.7   4.642  35.005 249.500   4.568  35.001  -9.000  -9.000  -9.000  -9.000  -9.000  -9.000  -9.000  -9.000
9014  38.092 -67.333 1 17 17 1111.4   4.321  34.989 256.700   4.233  34.990  -9.000  -9.000  -9.000  -9.000  -9.000  -9.000  -9.000  -9.000
9014  38.092 -67.333 1 16 16 1263.9   4.162  34.983 259.200   4.061  34.979  -9.000  -9.000  -9.000  -9.000  -9.000  -9.000  -9.000  -9.000
9014  38.092 -67.333 1 15 15 1415.3   3.975  34.974 261.700   3.863  34.971  -9.000  -9.000  -9.000  -9.000  -9.000  -9.000  -9.000  -9.000
9014  38.092 -67.333 1 14 14 1618.7   3.800  34.966 263.800   3.671  34.961  -9.000  -9.000  -9.000  -9.000  -9.000  -9.000  -9.000  -9.000
9014  38.092 -67.333 1 13 13 1822.0   3.606  34.958 265.900   3.461  34.953  -9.000  -9.000  -9.000  -9.000  -9.000  -9.000  -9.000  -9.000
9014  38.092 -67.333 1 12 12 2025.0   3.429  34.953 266.700   3.268  34.948  -9.000  -9.000  -9.000  -9.000  -9.000  -9.000  -9.000  -9.000
9014  38.092 -67.333 1 11 11 2279.4   3.247  34.947 267.200   3.064  34.943  -9.000  -9.000  -9.000  -9.000  -9.000  -9.000  -9.000  -9.000
9014  38.092 -67.333 1 10 10 2535.1   3.028  34.939 268.200   2.824  34.933  -9.000  -9.000  -9.000  -9.000  -9.000  -9.000  -9.000  -9.000
9014  38.092 -67.333 1  9  9 2739.5   2.836  34.933 268.900   2.616  34.930  -9.000  -9.000  -9.000  -9.000  -9.000  -9.000  -9.000  -9.000
9014  38.092 -67.333 1  8  8 2942.4   2.698  34.926 270.700   2.460  34.922  -9.000  -9.000  -9.000  -9.000  -9.000  -9.000  -9.000  -9.000
9014  38.092 -67.333 1  7  7 3147.1   2.524  34.916 271.600   2.269  34.913  -9.000  -9.000  -9.000  -9.000  -9.000  -9.000  -9.000  -9.000
9014  38.092 -67.333 1  6  6 3351.6   2.394  34.909 271.600   2.120  34.906  -9.000  -9.000  -9.000  -9.000  -9.000  -9.000  -9.000  -9.000
9014  38.092 -67.333 1  5  5 3505.1   2.321  34.904 271.600   2.033  34.900  -9.000  -9.000  -9.000  -9.000  -9.000  -9.000  -9.000  -9.000
9014  38.092 -67.333 1  4  4 3659.5   2.263  34.900 271.400   1.960  -9.000  -9.000  -9.000  -9.000  -9.000  -9.000  -9.000  -9.000  -9.000
9014  38.092 -67.333 1  3  3 3812.1   2.225  34.896 270.500   1.906  34.890  -9.000  -9.000  -9.000  -9.000  -9.000  -9.000  -9.000  -9.000
9014  38.092 -67.333 1  2  2 3966.3   2.182  34.890 267.300   1.847  34.886  -9.000  -9.000  -9.000  -9.000  -9.000  -9.000  -9.000  -9.000
9014  38.092 -67.333 1  1  1 4148.6   2.164  34.886 262.700   1.809  34.880  -9.000  -9.000  -9.000  -9.000  -9.000  -9.000  -9.000  -9.000
9015  37.859 -67.496 1 23 23    1.8  25.951  36.162 204.000  25.951  36.157  -9.000  -9.000  -9.000  -9.000  -9.000  -9.000  -9.000  -9.000
9015  37.859 -67.496 1 22 22  200.6  18.056  36.545 181.500  18.022  36.540  -9.000  -9.000  -9.000  -9.000  -9.000  -9.000  -9.000  -9.000
9015  37.859 -67.496 1 21 21  405.8  12.945  35.703 193.800  12.888  35.706  -9.000  -9.000  -9.000  -9.000  -9.000  -9.000  -9.000  -9.000
9015  37.859 -67.496 1 20 20  615.3   7.566  35.108 162.400   7.503  35.109  -9.000  -9.000  -9.000  -9.000  -9.000  -9.000  -9.000  -9.000
9015  37.859 -67.496 1 19 19  812.6   5.487  35.037 227.500   5.417  -9.000  -9.000  -9.000  -9.000  -9.000  -9.000  -9.000  -9.000  -9.000
9015  37.859 -67.496 1 18 18 1011.8   4.759  35.006 246.400   4.675  35.001  -9.000  -9.000  -9.000  -9.000  -9.000  -9.000  -9.000  -9.000
9015  37.859 -67.496 1 17 17 1163.7   4.481  34.994 253.500   4.386  34.989  -9.000  -9.000  -9.000  -9.000  -9.000  -9.000  -9.000  -9.000
9015  37.859 -67.496 1 16 16 1314.4   4.271  34.980 257.800   4.165  34.972  -9.000  -9.000  -9.000  -9.000  -9.000  -9.000  -9.000  -9.000
9015  37.859 -67.496 1 15 15 1465.2   4.119  34.976 259.600   4.001  34.968  -9.000  -9.000  -9.000  -9.000  -9.000  -9.000  -9.000  -9.000
9015  37.859 -67.496 1 14 14 1617.5   4.004  34.974 261.100   3.873  34.964  -9.000  -9.000  -9.000  -9.000  -9.000  -9.000  -9.000  -9.000
9015  37.859 -67.496 1 13 13 1768.8   3.832  34.968 263.500   3.689  34.961  -9.000  -9.000  -9.000  -9.000  -9.000  -9.000  -9.000  -9.000
9015  37.859 -67.496 1 12 12 1921.6   3.699  34.964 263.800   3.544  34.957  -9.000  -9.000  -9.000  -9.000  -9.000  -9.000  -9.000  -9.000
9015  37.859 -67.496 1 11 11 2127.4   3.512  34.956 265.500   3.340  34.948  -9.000  -9.000  -9.000  -9.000  -9.000  -9.000  -9.000  -9.000
9015  37.859 -67.496 1 10 10 2381.3   3.279  34.947 266.400   3.085  34.943  -9.000  -9.000  -9.000  -9.000  -9.000  -9.000  -9.000  -9.000
9015  37.859 -67.496 1  9  9 2636.7   3.065  34.941 266.700   2.851  34.935  -9.000  -9.000  -9.000  -9.000  -9.000  -9.000  -9.000  -9.000
9015  37.859 -67.496 1  8  8 2893.1   2.830  34.932 268.200   2.594  34.922  -9.000  -9.000  -9.000  -9.000  -9.000  -9.000  -9.000  -9.000
9015  37.859 -67.496 1  7  7 3149.3   2.616  34.920 271.400   2.359  34.912  -9.000  -9.000  -9.000  -9.000  -9.000  -9.000  -9.000  -9.000
9015  37.859 -67.496 1  6  6 3407.4   2.425  34.910 271.800   2.144  34.903  -9.000  -9.000  -9.000  -9.000  -9.000  -9.000  -9.000  -9.000
9015  37.859 -67.496 1  5  5 3611.4   2.310  34.903 270.400   2.011  34.895  -9.000  -9.000  -9.000  -9.000  -9.000  -9.000  -9.000  -9.000
9015  37.859 -67.496 1  4  4 3815.1   2.242  34.896 268.100   1.921  34.889  -9.000  -9.000  -9.000  -9.000  -9.000  -9.000  -9.000  -9.000
9015  37.859 -67.496 1  3  3 4018.8   2.216  34.893 266.500   1.874  34.884  -9.000  -9.000  -9.000  -9.000  -9.000  -9.000  -9.000  -9.000
9015  37.859 -67.496 1  2  2 4224.7   2.192  34.888 264.700   1.826  34.881  -9.000  -9.000  -9.000  -9.000  -9.000  -9.000  -9.000  -9.000
9015  37.859 -67.496 1  1  1 4453.9   2.181  34.883 260.600   1.789  34.877  -9.000  -9.000  -9.000  -9.000  -9.000  -9.000  -9.000  -9.000
9016  37.622 -67.627 1 23 23    1.4  26.118  36.152 203.300  26.117  36.148  -9.000  -9.000  -9.000  -9.000  -9.000  -9.000  -9.000  -9.000
9016  37.622 -67.627 1 22 22  102.6  20.951  36.604 208.300  20.931  36.596  -9.000  -9.000  -9.000  -9.000  -9.000  -9.000  -9.000  -9.000
9016  37.622 -67.627 1 21 21  301.7  18.344  36.589 193.500  18.291  36.582  -9.000  -9.000  -9.000  -9.000  -9.000  -9.000  -9.000  -9.000
9016  37.622 -67.627 1 20 20  503.2  15.705  36.127 155.100  15.625  36.108  -9.000  -9.000  -9.000  -9.000  -9.000  -9.000  -9.000  -9.000
9016  37.622 -67.627 1 19 19  759.0   8.883  35.176 142.500   8.799  35.173  -9.000  -9.000  -9.000  -9.000  -9.000  -9.000  -9.000  -9.000
9016  37.622 -67.627 1 18 18 1011.8   5.296  35.024 233.500   5.208  35.019  -9.000  -9.000  -9.000  -9.000  -9.000  -9.000  -9.000  -9.000
9016  37.622 -67.627 1 17 17 1214.1   4.636  34.991 252.500   4.536  34.985  -9.000  -9.000  -9.000  -9.000  -9.000  -9.000  -9.000  -9.000
9016  37.622 -67.627 1 16 16 1365.3   4.403  34.982 257.000   4.291  34.976  -9.000  -9.000  -9.000  -9.000  -9.000  -9.000  -9.000  -9.000
9016  37.622 -67.627 1 15 15 1518.5   4.251  34.982 258.600   4.126  34.978  -9.000  -9.000  -9.000  -9.000  -9.000  -9.000  -9.000  -9.000
9016  37.622 -67.627 1 14 14 1673.0   4.074  34.977 260.900   3.937  34.969  -9.000  -9.000  -9.000  -9.000  -9.000  -9.000  -9.000  -9.000
9016  37.622 -67.627 1 13 13 1876.6   3.868  34.971 263.200   3.714  34.964  -9.000  -9.000  -9.000  -9.000  -9.000  -9.000  -9.000  -9.000
9016  37.622 -67.627 1 12 12 2128.8   3.599  34.957 265.100   3.425  34.950  -9.000  -9.000  -9.000  -9.000  -9.000  -9.000  -9.000  -9.000
9016  37.622 -67.627 1 11 11 2433.9   3.377  34.958 265.200   3.177  34.958  -9.000  -9.000  -9.000  -9.000  -9.000  -9.000  -9.000  -9.000
9016  37.622 -67.627 1 10 10 2635.6   3.161  34.945 266.500   2.944  34.939  -9.000  -9.000  -9.000  -9.000  -9.000  -9.000  -9.000  -9.000
9016  37.622 -67.627 1  9  9 2943.7   2.884  34.935 268.300   2.642  34.928  -9.000  -9.000  -9.000  -9.000  -9.000  -9.000  -9.000  -9.000
9016  37.622 -67.627 1  8  8 3198.4   2.606  34.920 271.300   2.343  34.922  -9.000  -9.000  -9.000  -9.000  -9.000  -9.000  -9.000  -9.000
9016  37.622 -67.627 1  7  7 3404.1   2.455  34.912 270.600   2.174  34.905  -9.000  -9.000  -9.000  -9.000  -9.000  -9.000  -9.000  -9.000
9016  37.622 -67.627 1  6  6 3608.8   2.348  34.905 270.900   2.047  34.898  -9.000  -9.000  -9.000  -9.000  -9.000  -9.000  -9.000  -9.000
9016  37.622 -67.627 1  5  5 3812.8   2.297  34.900 270.600   1.975  34.894  -9.000  -9.000  -9.000  -9.000  -9.000  -9.000  -9.000  -9.000
9016  37.622 -67.627 1  4  4 4016.4   2.263  34.896 268.500   1.919  34.890  -9.000  -9.000  -9.000  -9.000  -9.000  -9.000  -9.000  -9.000
9016  37.622 -67.627 1  3  3 4221.4   2.238  34.893 267.500   1.872  34.888  -9.000  -9.000  -9.000  -9.000  -9.000  -9.000  -9.000  -9.000
9016  37.622 -67.627 1  2  2 4478.4   2.221  34.887 263.900   1.825  34.882  -9.000  -9.000  -9.000  -9.000  -9.000  -9.000  -9.000  -9.000
9016  37.622 -67.627 1  1  1 4677.3   2.212  34.883 260.500   1.793  34.878  -9.000  -9.000  -9.000  -9.000  -9.000  -9.000  -9.000  -9.000
9017  37.383 -67.797 1 23 23    2.2  24.868  36.242 208.200  24.867  36.236  -9.000  -9.000  -9.000  -9.000  -9.000  -9.000  -9.000  -9.000
9017  37.383 -67.797 1 22 22  202.2  19.767  36.618 210.100  19.729  36.613  -9.000  -9.000  -9.000  -9.000  -9.000  -9.000  -9.000  -9.000
9017  37.383 -67.797 1 21 21  408.4  18.141  36.554 185.100  18.069  36.552  -9.000  -9.000  -9.000  -9.000  -9.000  -9.000  -9.000  -9.000
9017  37.383 -67.797 1 20 20  604.6  16.151  36.208 164.400  16.053  36.204  -9.000  -9.000  -9.000  -9.000  -9.000  -9.000  -9.000  -9.000
9017  37.383 -67.797 1 19 19  855.5   9.609  35.248 140.600   9.509  35.240  -9.000  -9.000  -9.000  -9.000  -9.000  -9.000  -9.000  -9.000
9017  37.383 -67.797 1 18 18 1110.1   5.501  35.030 224.100   5.402  35.024  -9.000  -9.000  -9.000  -9.000  -9.000  -9.000  -9.000  -9.000
9017  37.383 -67.797 1 17 17 1310.3   4.839  35.011 245.800   4.727  35.004  -9.000  -9.000  -9.000  -9.000  -9.000  -9.000  -9.000  -9.000
9017  37.383 -67.797 1 16 16 1466.4   4.467  34.994 254.000   4.345  34.988  -9.000  -9.000  -9.000  -9.000  -9.000  -9.000  -9.000  -9.000
9017  37.383 -67.797 1 15 15 1619.0   4.240  34.983 256.600   4.106  34.975  -9.000  -9.000  -9.000  -9.000  -9.000  -9.000  -9.000  -9.000
9017  37.383 -67.797 1 14 14 1819.4   4.049  34.980 260.200   3.898  34.974  -9.000  -9.000  -9.000  -9.000  -9.000  -9.000  -9.000  -9.000
9017  37.383 -67.797 1 13 13 2026.0   3.802  34.964 264.200   3.635  34.958  -9.000  -9.000  -9.000  -9.000  -9.000  -9.000  -9.000  -9.000
9017  37.383 -67.797 1 12 12 2275.9   3.539  34.953 266.600   3.351  34.947  -9.000  -9.000  -9.000  -9.000  -9.000  -9.000  -9.000  -9.000
9017  37.383 -67.797 1 11 11 2534.1   3.304  34.948 266.600   3.095  34.942  -9.000  -9.000  -9.000  -9.000  -9.000  -9.000  -9.000  -9.000
9017  37.383 -67.797 1 10 10 2789.4   3.070  34.942 267.000   2.839  34.938  -9.000  -9.000  -9.000  -9.000  -9.000  -9.000  -9.000  -9.000
9017  37.383 -67.797 1  9  9 3044.0   2.842  34.931 268.800   2.590  36.235  -9.000  -9.000  -9.000  -9.000  -9.000  -9.000  -9.000  -9.000
9017  37.383 -67.797 1  8  8 3249.1   2.656  34.923 269.100   2.386  34.916  -9.000  -9.000  -9.000  -9.000  -9.000  -9.000  -9.000  -9.000
9017  37.383 -67.797 1  7  7 3454.1   2.506  34.914 269.900   2.218  34.907  -9.000  -9.000  -9.000  -9.000  -9.000  -9.000  -9.000  -9.000
9017  37.383 -67.797 1  6  6 3658.3   2.387  34.906 270.400   2.081  34.900  -9.000  -9.000  -9.000  -9.000  -9.000  -9.000  -9.000  -9.000
9017  37.383 -67.797 1  5  5 3863.4   2.319  34.901 270.900   1.992  34.894  -9.000  -9.000  -9.000  -9.000  -9.000  -9.000  -9.000  -9.000
9017  37.383 -67.797 1  4  4 4068.9   2.280  34.897 269.400   1.930  34.890  -9.000  -9.000  -9.000  -9.000  -9.000  -9.000  -9.000  -9.000
9017  37.383 -67.797 1  3  3 4325.7   2.248  34.892 267.200   1.869  34.886  -9.000  -9.000  -9.000  -9.000  -9.000  -9.000  -9.000  -9.000
9017  37.383 -67.797 1  2  2 4584.6   2.237  34.888 264.700   1.828  34.881  -9.000  -9.000  -9.000  -9.000  -9.000  -9.000  -9.000  -9.000
9017  37.383 -67.797 1  1  1 4828.6   2.230  34.883 261.000   1.791  34.878  -9.000  -9.000  -9.000  -9.000  -9.000  -9.000  -9.000  -9.000
9018  37.138 -67.943 1 23 23    1.9  24.631  36.223 207.700  24.630  36.222  -9.000  -9.000  -9.000  -9.000  -9.000  -9.000  -9.000  -9.000
9018  37.138 -67.943 1 22 22  102.1  21.530  36.551 199.400  21.510  36.550  -9.000  -9.000  -9.000  -9.000  -9.000  -9.000  -9.000  -9.000
9018  37.138 -67.943 1 21 21  316.7  18.561  36.582 198.000  18.504  36.578  -9.000  -9.000  -9.000  -9.000  -9.000  -9.000  -9.000  -9.000
9018  37.138 -67.943 1 20 20  554.7  17.100  36.391 188.300  17.007  36.388  -9.000  -9.000  -9.000  -9.000  -9.000  -9.000  -9.000  -9.000
9018  37.138 -67.943 1 19 19  804.6  12.752  35.651 145.700  12.640  35.647  -9.000  -9.000  -9.000  -9.000  -9.000  -9.000  -9.000  -9.000
9018  37.138 -67.943 1 18 18 1058.7   7.208  35.097 182.400   7.101  35.095  -9.000  -9.000  -9.000  -9.000  -9.000  -9.000  -9.000  -9.000
9018  37.138 -67.943 1 17 17 1313.2   5.092  35.029 237.100   4.977  35.025  -9.000  -9.000  -9.000  -9.000  -9.000  -9.000  -9.000  -9.000
9018  37.138 -67.943 1 16 16 1465.4   4.653  35.005 250.000   4.528  35.000  -9.000  -9.000  -9.000  -9.000  -9.000  -9.000  -9.000  -9.000
9018  37.138 -67.943 1 15 15 1619.0   4.333  34.985 256.800   4.197  34.978  -9.000  -9.000  -9.000  -9.000  -9.000  -9.000  -9.000  -9.000
9018  37.138 -67.943 1 14 14 1868.9   4.038  34.973 261.500   3.882  34.966  -9.000  -9.000  -9.000  -9.000  -9.000  -9.000  -9.000  -9.000
9018  37.138 -67.943 1 13 13 2075.1   3.797  34.962 264.200   3.625  34.958  -9.000  -9.000  -9.000  -9.000  -9.000  -9.000  -9.000  -9.000
9018  37.138 -67.943 1 12 12 2278.6   3.600  34.954 266.300   3.412  34.951  -9.000  -9.000  -9.000  -9.000  -9.000  -9.000  -9.000  -9.000
9018  37.138 -67.943 1 11 11 2584.4   3.340  34.947 267.100   3.125  34.944  -9.000  -9.000  -9.000  -9.000  -9.000  -9.000  -9.000  -9.000
9018  37.138 -67.943 1 10 10 2888.0   3.070  34.940 267.300   2.829  34.938  -9.000  -9.000  -9.000  -9.000  -9.000  -9.000  -9.000  -9.000
9018  37.138 -67.943 1  9  9 3146.4   2.808  34.930 268.400   2.546  34.916  -9.000  -9.000  -9.000  -9.000  -9.000  -9.000  -9.000  -9.000
9018  37.138 -67.943 1  8  8 3350.0   2.621  34.920 270.200   2.342  34.915  -9.000  -9.000  -9.000  -9.000  -9.000  -9.000  -9.000  -9.000
9018  37.138 -67.943 1  7  7 3555.5   2.477  34.912 269.700   2.179  34.904  -9.000  -9.000  -9.000  -9.000  -9.000  -9.000  -9.000  -9.000
9018  37.138 -67.943 1  6  6 3759.7   2.371  34.904 269.400   2.054  34.899  -9.000  -9.000  -9.000  -9.000  -9.000  -9.000  -9.000  -9.000
9018  37.138 -67.943 1  5  5 3964.8   2.298  34.898 268.700   1.960  34.892  -9.000  -9.000  -9.000  -9.000  -9.000  -9.000  -9.000  -9.000
9018  37.138 -67.943 1  4  4 4223.8   2.259  34.893 267.500   1.892  34.887  -9.000  -9.000  -9.000  -9.000  -9.000  -9.000  -9.000  -9.000
9018  37.138 -67.943 1  3  3 4480.5   2.246  34.889 266.100   1.849  34.883  -9.000  -9.000  -9.000  -9.000  -9.000  -9.000  -9.000  -9.000
9018  37.138 -67.943 1  2  2 4739.2   2.238  34.885 263.400   1.810  34.880  -9.000  -9.000  -9.000  -9.000  -9.000  -9.000  -9.000  -9.000
9018  37.138 -67.943 1  1  1 4988.7   2.225  34.879 259.600   1.767  34.876  -9.000  -9.000  -9.000  -9.000  -9.000  -9.000  -9.000  -9.000
9019  36.895 -66.090 1 23 23    1.8  24.543  36.232 208.300  24.542  36.224  -9.000  -9.000  -9.000  -9.000  -9.000  -9.000  -9.000  -9.000
9019  36.895 -66.090 1 22 22  201.9  19.705  36.612 209.200  19.668  36.607  -9.000  -9.000  -9.000  -9.000  -9.000  -9.000  -9.000  -9.000
9019  36.895 -66.090 1 21 21  403.2  18.425  36.563 216.900  18.354  36.558  -9.000  -9.000  -9.000  -9.000  -9.000  -9.000  -9.000  -9.000
9019  36.895 -66.090 1 20 20  606.1  17.312  36.425 190.300  17.209  36.421  -9.000  -9.000  -9.000  -9.000  -9.000  -9.000  -9.000  -9.000
9019  36.895 -66.090 1 19 19  858.2  12.186  35.574 138.200  12.070  35.568  -9.000  -9.000  -9.000  -9.000  -9.000  -9.000  -9.000  -9.000
9019  36.895 -66.090 1 18 18 1111.6   7.358  35.115 175.700   7.244  35.112  -9.000  -9.000  -9.000  -9.000  -9.000  -9.000  -9.000  -9.000
9019  36.895 -66.090 1 17 17 1263.0   5.517  35.035 223.400   5.403  35.030  -9.000  -9.000  -9.000  -9.000  -9.000  -9.000  -9.000  -9.000
9019  36.895 -66.090 1 16 16 1415.6   4.860  35.005 245.000   4.739  35.000  -9.000  -9.000  -9.000  -9.000  -9.000  -9.000  -9.000  -9.000
9019  36.895 -66.090 1 15 15 1567.3   4.568  34.996 251.700   4.435  34.989  -9.000  -9.000  -9.000  -9.000  -9.000  -9.000  -9.000  -9.000
9019  36.895 -66.090 1 14 14 1719.8   4.312  34.984 258.000   4.167  34.979  -9.000  -9.000  -9.000  -9.000  -9.000  -9.000  -9.000  -9.000
9019  36.895 -66.090 1 13 13 1923.1   4.061  34.973 260.300   3.900  34.967  -9.000  -9.000  -9.000  -9.000  -9.000  -9.000  -9.000  -9.000
9019  36.895 -66.090 1 12 12 2126.9   3.841  34.964 263.800   3.664  34.959  -9.000  -9.000  -9.000  -9.000  -9.000  -9.000  -9.000  -9.000
9019  36.895 -66.090 1 11 11 2380.7   3.597  34.957 266.000   3.398  34.949  -9.000  -9.000  -9.000  -9.000  -9.000  -9.000  -9.000  -9.000
9019  36.895 -66.090 1 10 10 2687.0   3.330  34.948 266.600   3.105  34.940  -9.000  -9.000  -9.000  -9.000  -9.000  -9.000  -9.000  -9.000
9019  36.895 -66.090 1  9  9 2993.4   3.056  34.939 267.000   2.804  34.933  -9.000  -9.000  -9.000  -9.000  -9.000  -9.000  -9.000  -9.000
9019  36.895 -66.090 1  8  8 3146.4   2.913  34.935 267.000   2.649  34.928  -9.000  -9.000  -9.000  -9.000  -9.000  -9.000  -9.000  -9.000
9019  36.895 -66.090 1  7  7 3402.5   2.674  34.922 270.000   2.388  34.921  -9.000  -9.000  -9.000  -9.000  -9.000  -9.000  -9.000  -9.000
9019  36.895 -66.090 1  6  6 3607.8   2.513  34.913 268.900   2.208  34.908  -9.000  -9.000  -9.000  -9.000  -9.000  -9.000  -9.000  -9.000
9019  36.895 -66.090 1  5  5 3812.6   2.400  34.905 268.800   2.075  34.898  -9.000  -9.000  -9.000  -9.000  -9.000  -9.000  -9.000  -9.000
9019  36.895 -66.090 1  4  4 4068.9   2.314  34.898 268.300   1.963  34.891  -9.000  -9.000  -9.000  -9.000  -9.000  -9.000  -9.000  -9.000
9019  36.895 -66.090 1  3  3 4377.6   2.270  34.892 267.000   1.885  34.883  -9.000  -9.000  -9.000  -9.000  -9.000  -9.000  -9.000  -9.000
9019  36.895 -66.090 1  2  2 4686.4   2.256  34.887 265.300   1.833  34.881  -9.000  -9.000  -9.000  -9.000  -9.000  -9.000  -9.000  -9.000
9019  36.895 -66.090 1  1  1 5016.2   2.233  34.879 260.700   1.771  34.872  -9.000  -9.000  -9.000  -9.000  -9.000  -9.000  -9.000  -9.000
9020  36.621 -66.208 1 23 23    2.1  24.732  36.219 208.700  24.732  36.213  -9.000  -9.000  -9.000  -9.000  -9.000  -9.000  -9.000  -9.000
9020  36.621 -66.208 1 22 22  101.0  22.453  36.492 205.300  22.433  36.471  -9.000  -9.000  -9.000  -9.000  -9.000  -9.000  -9.000  -9.000
9020  36.621 -66.208 1 21 21  303.3  19.036  36.603 200.800  18.981  36.608  -9.000  -9.000  -9.000  -9.000  -9.000  -9.000  -9.000  -9.000
9020  36.621 -66.208 1 20 20  554.5  17.529  36.466 191.100  17.434  36.462  -9.000  -9.000  -9.000  -9.000  -9.000  -9.000  -9.000  -9.000
9020  36.621 -66.208 1 19 19  807.8  13.521  35.774 154.600  13.404  35.772  -9.000  -9.000  -9.000  -9.000  -9.000  -9.000  -9.000  -9.000
9020  36.621 -66.208 1 18 18 1060.5   8.346  35.153 159.800   8.230  35.146  -9.000  -9.000  -9.000  -9.000  -9.000  -9.000  -9.000  -9.000
9020  36.621 -66.208 1 17 17 1262.9   5.585  35.043 224.000   5.471  35.039  -9.000  -9.000  -9.000  -9.000  -9.000  -9.000  -9.000  -9.000
9020  36.621 -66.208 1 16 16 1415.3   4.938  35.011 243.600   4.815  35.009  -9.000  -9.000  -9.000  -9.000  -9.000  -9.000  -9.000  -9.000
9020  36.621 -66.208 1 15 15 1567.8   4.551  34.993 253.500   4.418  34.987  -9.000  -9.000  -9.000  -9.000  -9.000  -9.000  -9.000  -9.000
9020  36.621 -66.208 1 14 14 1770.6   4.226  34.978 257.700   4.078  34.972  -9.000  -9.000  -9.000  -9.000  -9.000  -9.000  -9.000  -9.000
9020  36.621 -66.208 1 13 13 2023.9   3.910  34.965 262.700   3.741  34.960  -9.000  -9.000  -9.000  -9.000  -9.000  -9.000  -9.000  -9.000
9020  36.621 -66.208 1 12 12 2279.0   3.678  34.957 265.600   3.489  34.952  -9.000  -9.000  -9.000  -9.000  -9.000  -9.000  -9.000  -9.000
9020  36.621 -66.208 1 11 11 2585.2   3.409  34.949 266.900   3.193  34.953  -9.000  -9.000  -9.000  -9.000  -9.000  -9.000  -9.000  -9.000
9020  36.621 -66.208 1 10 10 2890.8   3.152  34.944 266.300   2.909  34.941  -9.000  -9.000  -9.000  -9.000  -9.000  -9.000  -9.000  -9.000
9020  36.621 -66.208 1  9  9 3146.6   2.930  34.934 267.400   2.665  34.930  -9.000  -9.000  -9.000  -9.000  -9.000  -9.000  -9.000  -9.000
9020  36.621 -66.208 1  8  8 3350.9   2.731  34.923 269.400   2.449  34.917  -9.000  -9.000  -9.000  -9.000  -9.000  -9.000  -9.000  -9.000
9020  36.621 -66.208 1  7  7 3555.5   2.557  34.915 269.100   2.257  34.910  -9.000  -9.000  -9.000  -9.000  -9.000  -9.000  -9.000  -9.000
9020  36.621 -66.208 1  6  6 3761.2   2.425  34.906 269.100   2.106  34.906  -9.000  -9.000  -9.000  -9.000  -9.000  -9.000  -9.000  -9.000
9020  36.621 -66.208 1  5  5 4017.7   2.335  34.898 268.100   1.990  34.896  -9.000  -9.000  -9.000  -9.000  -9.000  -9.000  -9.000  -9.000
9020  36.621 -66.208 1  4  4 4274.8   2.289  34.893 268.000   1.915  34.887  -9.000  -9.000  -9.000  -9.000  -9.000  -9.000  -9.000  -9.000
9020  36.621 -66.208 1  3  3 4531.8   2.262  34.888 265.500   1.858  34.882  -9.000  -9.000  -9.000  -9.000  -9.000  -9.000  -9.000  -9.000
9020  36.621 -66.208 1  2  2 4790.0   2.259  34.884 263.500   1.824  34.878  -9.000  -9.000  -9.000  -9.000  -9.000  -9.000  -9.000  -9.000
9020  36.621 -66.208 1  1  1 5041.7   2.240  34.878 259.500   1.774  34.876  -9.000  -9.000  -9.000  -9.000  -9.000  -9.000  -9.000  -9.000
9021  36.200 -66.543 1 23 23    2.1  25.260  36.187 205.800  25.259  36.181  -9.000  -9.000  -9.000  -9.000  -9.000  -9.000  -9.000  -9.000
9021  36.200 -66.543 1 22 22  100.8  24.535  36.304 184.800  24.513  36.302  -9.000  -9.000  -9.000  -9.000  -9.000  -9.000  -9.000  -9.000
9021  36.200 -66.543 1 21 21  403.8  18.380  36.591 191.500  18.309  36.594  -9.000  -9.000  -9.000  -9.000  -9.000  -9.000  -9.000  -9.000
9021  36.200 -66.543 1 20 20  606.0  16.943  36.361 189.800  16.841  36.360  -9.000  -9.000  -9.000  -9.000  -9.000  -9.000  -9.000  -9.000
9021  36.200 -66.543 1 19 19  858.6  12.108  35.558 148.800  11.992  35.558  -9.000  -9.000  -9.000  -9.000  -9.000  -9.000  -9.000  -9.000
9021  36.200 -66.543 1 18 18 1110.8   7.037  35.094 178.400   6.925  35.096  -9.000  -9.000  -9.000  -9.000  -9.000  -9.000  -9.000  -9.000
9021  36.200 -66.543 1 17 17 1263.0   5.425  35.040 224.700   5.312  35.037  -9.000  -9.000  -9.000  -9.000  -9.000  -9.000  -9.000  -9.000
9021  36.200 -66.543 1 16 16 1415.3   4.838  35.013 244.800   4.717  35.015  -9.000  -9.000  -9.000  -9.000  -9.000  -9.000  -9.000  -9.000
9021  36.200 -66.543 1 15 15 1568.3   4.477  34.993 253.200   4.345  34.988  -9.000  -9.000  -9.000  -9.000  -9.000  -9.000  -9.000  -9.000
9021  36.200 -66.543 1 14 14 1770.6   4.152  34.973 260.000   4.005  34.968  -9.000  -9.000  -9.000  -9.000  -9.000  -9.000  -9.000  -9.000
9021  36.200 -66.543 1 13 13 2024.6   3.882  34.964 263.800   3.714  34.960  -9.000  -9.000  -9.000  -9.000  -9.000  -9.000  -9.000  -9.000
9021  36.200 -66.543 1 12 12 2278.9   3.591  34.948 267.400   3.402  34.941  -9.000  -9.000  -9.000  -9.000  -9.000  -9.000  -9.000  -9.000
9021  36.200 -66.543 1 11 11 2533.8   3.392  34.947 266.900   3.181  34.941  -9.000  -9.000  -9.000  -9.000  -9.000  -9.000  -9.000  -9.000
9021  36.200 -66.543 1 10 10 2788.0   3.206  34.945 266.200   2.973  34.942  -9.000  -9.000  -9.000  -9.000  -9.000  -9.000  -9.000  -9.000
9021  36.200 -66.543 1  9  9 3043.2   2.980  34.937 266.300   2.725  34.930  -9.000  -9.000  -9.000  -9.000  -9.000  -9.000  -9.000  -9.000
9021  36.200 -66.543 1  8  8 3299.7   2.754  34.926 267.900   2.477  34.919  -9.000  -9.000  -9.000  -9.000  -9.000  -9.000  -9.000  -9.000
9021  36.200 -66.543 1  7  7 3555.4   2.535  34.913 269.100   2.236  34.907  -9.000  -9.000  -9.000  -9.000  -9.000  -9.000  -9.000  -9.000
9021  36.200 -66.543 1  6  6 3813.3   2.384  34.903 268.500   2.060  34.898  -9.000  -9.000  -9.000  -9.000  -9.000  -9.000  -9.000  -9.000
9021  36.200 -66.543 1  5  5 4069.9   2.311  34.896 267.800   1.960  34.892  -9.000  -9.000  -9.000  -9.000  -9.000  -9.000  -9.000  -9.000
9021  36.200 -66.543 1  4  4 4327.9   2.265  34.890 266.800   1.885  34.886  -9.000  -9.000  -9.000  -9.000  -9.000  -9.000  -9.000  -9.000
9021  36.200 -66.543 1  3  3 4585.4   2.253  34.886 265.800   1.844  34.882  -9.000  -9.000  -9.000  -9.000  -9.000  -9.000  -9.000  -9.000
9021  36.200 -66.543 1  2  2 4842.4   2.253  34.882 262.900   1.812  34.878  -9.000  -9.000  -9.000  -9.000  -9.000  -9.000  -9.000  -9.000
9021  36.200 -66.543 1  1  1 5072.5   2.253  34.879 260.600   1.783  34.877  -9.000  -9.000  -9.000  -9.000  -9.000  -9.000  -9.000  -9.000
9022  35.698 -66.811 1 23 23    6.2  24.994  36.189 205.300  24.993  36.186  -9.000  -9.000  -9.000  -9.000  -9.000  -9.000  -9.000  -9.000
9022  35.698 -66.811 1 22 22  101.2  21.322  36.672 221.700  21.302  36.668  -9.000  -9.000  -9.000  -9.000  -9.000  -9.000  -9.000  -9.000
9022  35.698 -66.811 1 21 21  309.2  18.369  36.585 209.700  18.314  36.582  -9.000  -9.000  -9.000  -9.000  -9.000  -9.000  -9.000  -9.000
9022  35.698 -66.811 1 20 20  561.4  16.969  36.367 187.800  16.875  36.374  -9.000  -9.000  -9.000  -9.000  -9.000  -9.000  -9.000  -9.000
9022  35.698 -66.811 1 19 19  815.0  12.335  35.587 149.800  12.224  35.592  -9.000  -9.000  -9.000  -9.000  -9.000  -9.000  -9.000  -9.000
9022  35.698 -66.811 1 18 18 1067.2   7.234  35.119 184.500   7.126  35.117  -9.000  -9.000  -9.000  -9.000  -9.000  -9.000  -9.000  -9.000
9022  35.698 -66.811 1 17 17 1273.2   5.293  35.029 232.100   5.180  35.027  -9.000  -9.000  -9.000  -9.000  -9.000  -9.000  -9.000  -9.000
9022  35.698 -66.811 1 16 16 1422.6   4.783  35.008 247.500   4.662  35.005  -9.000  -9.000  -9.000  -9.000  -9.000  -9.000  -9.000  -9.000
9022  35.698 -66.811 1 15 15 1576.7   4.476  34.996 254.700   4.343  34.991  -9.000  -9.000  -9.000  -9.000  -9.000  -9.000  -9.000  -9.000
9022  35.698 -66.811 1 14 14 1777.9   4.161  34.979 259.700   4.013  34.974  -9.000  -9.000  -9.000  -9.000  -9.000  -9.000  -9.000  -9.000
9022  35.698 -66.811 1 13 13 2031.2   3.869  34.968 263.300   3.700  34.964  -9.000  -9.000  -9.000  -9.000  -9.000  -9.000  -9.000  -9.000
9022  35.698 -66.811 1 12 12 2336.2   3.570  34.955 265.900   3.376  34.951  -9.000  -9.000  -9.000  -9.000  -9.000  -9.000  -9.000  -9.000
9022  35.698 -66.811 1 11 11 2645.4   3.318  34.952 265.200   3.097  34.946  -9.000  -9.000  -9.000  -9.000  -9.000  -9.000  -9.000  -9.000
9022  35.698 -66.811 1 10 10 2949.2   3.089  34.945 264.000   2.842  34.941  -9.000  -9.000  -9.000  -9.000  -9.000  -9.000  -9.000  -9.000
9022  35.698 -66.811 1  9  9 3252.6   2.826  34.930 266.200   2.552  34.925  -9.000  -9.000  -9.000  -9.000  -9.000  -9.000  -9.000  -9.000
9022  35.698 -66.811 1  8  8 3454.5   2.659  34.920 267.600   2.367  34.914  -9.000  -9.000  -9.000  -9.000  -9.000  -9.000  -9.000  -9.000
9022  35.698 -66.811 1  7  7 3662.8   2.496  34.910 268.200   2.186  34.905  -9.000  -9.000  -9.000  -9.000  -9.000  -9.000  -9.000  -9.000
9022  35.698 -66.811 1  6  6 3912.0   2.371  34.901 267.700   2.036  34.898  -9.000  -9.000  -9.000  -9.000  -9.000  -9.000  -9.000  -9.000
9022  35.698 -66.811 1  5  5 4167.7   2.308  34.894 266.800   1.946  34.891  -9.000  -9.000  -9.000  -9.000  -9.000  -9.000  -9.000  -9.000
9022  35.698 -66.811 1  4  4 4420.2   2.274  34.889 264.900   1.883  34.883  -9.000  -9.000  -9.000  -9.000  -9.000  -9.000  -9.000  -9.000
9022  35.698 -66.811 1  3  3 4678.4   2.263  34.885 263.800   1.842  -9.000  -9.000  -9.000  -9.000  -9.000  -9.000  -9.000  -9.000  -9.000
9022  35.698 -66.811 1  2  2 4936.0   2.275  34.883 262.800   1.821  34.880  -9.000  -9.000  -9.000  -9.000  -9.000  -9.000  -9.000  -9.000
9022  35.698 -66.811 1  1  1 5189.8   2.274  34.879 260.000   1.788  34.875  -9.000  -9.000  -9.000  -9.000  -9.000  -9.000  -9.000  -9.000
9023  35.228 -65.128 1 23 23    2.1  24.343  36.217 208.300  24.343  36.215  -9.000  -9.000  -9.000  -9.000  -9.000  -9.000  -9.000  -9.000
9023  35.228 -65.128 1 22 22  204.8  18.377  36.547 219.200  18.341  36.545  -9.000  -9.000  -9.000  -9.000  -9.000  -9.000  -9.000  -9.000
9023  35.228 -65.128 1 21 21  405.4  18.149  36.541 205.100  18.078  36.537  -9.000  -9.000  -9.000  -9.000  -9.000  -9.000  -9.000  -9.000
9023  35.228 -65.128 1 20 20  607.3  16.032  36.190 182.400  15.934  36.198  -9.000  -9.000  -9.000  -9.000  -9.000  -9.000  -9.000  -9.000
9023  35.228 -65.128 1 19 19  862.6  10.602  35.369 145.800  10.494  35.371  -9.000  -9.000  -9.000  -9.000  -9.000  -9.000  -9.000  -9.000
9023  35.228 -65.128 1 18 18 1111.2   6.243  35.066 206.600   6.138  35.065  -9.000  -9.000  -9.000  -9.000  -9.000  -9.000  -9.000  -9.000
9023  35.228 -65.128 1 17 17 1314.5   4.982  35.016 241.000   4.868  35.015  -9.000  -9.000  -9.000  -9.000  -9.000  -9.000  -9.000  -9.000
9023  35.228 -65.128 1 16 16 1517.6   4.478  34.991 254.400   4.351  34.988  -9.000  -9.000  -9.000  -9.000  -9.000  -9.000  -9.000  -9.000
9023  35.228 -65.128 1 15 15 1669.2   4.244  34.981 258.300   4.105  34.978  -9.000  -9.000  -9.000  -9.000  -9.000  -9.000  -9.000  -9.000
9023  35.228 -65.128 1 14 14 1872.9   3.998  34.972 261.800   3.843  34.968  -9.000  -9.000  -9.000  -9.000  -9.000  -9.000  -9.000  -9.000
9023  35.228 -65.128 1 13 13 2076.1   3.781  34.961 264.100   3.609  34.958  -9.000  -9.000  -9.000  -9.000  -9.000  -9.000  -9.000  -9.000
9023  35.228 -65.128 1 12 12 2330.7   3.544  34.954 265.400   3.351  34.954  -9.000  -9.000  -9.000  -9.000  -9.000  -9.000  -9.000  -9.000
9023  35.228 -65.128 1 11 11 2636.0   3.348  34.959 262.700   3.128  34.957  -9.000  -9.000  -9.000  -9.000  -9.000  -9.000  -9.000  -9.000
9023  35.228 -65.128 1 10 10 2941.2   3.077  34.946 263.600   2.830  34.941  -9.000  -9.000  -9.000  -9.000  -9.000  -9.000  -9.000  -9.000
9023  35.228 -65.128 1  9  9 3247.4   2.795  34.928 267.300   2.522  34.923  -9.000  -9.000  -9.000  -9.000  -9.000  -9.000  -9.000  -9.000
9023  35.228 -65.128 1  8  8 3452.4   2.601  34.916 268.300   2.311  34.911  -9.000  -9.000  -9.000  -9.000  -9.000  -9.000  -9.000  -9.000
9023  35.228 -65.128 1  7  7 3656.9   2.464  34.907 268.700   2.155  34.906  -9.000  -9.000  -9.000  -9.000  -9.000  -9.000  -9.000  -9.000
9023  35.228 -65.128 1  6  6 3912.1   2.349  34.898 267.900   2.015  34.899  -9.000  -9.000  -9.000  -9.000  -9.000  -9.000  -9.000  -9.000
9023  35.228 -65.128 1  5  5 4169.5   2.287  34.892 266.700   1.925  34.891  -9.000  -9.000  -9.000  -9.000  -9.000  -9.000  -9.000  -9.000
9023  35.228 -65.128 1  4  4 4424.0   2.263  34.887 264.900   1.873  34.884  -9.000  -9.000  -9.000  -9.000  -9.000  -9.000  -9.000  -9.000
9023  35.228 -65.128 1  3  3 4682.8   2.260  34.883 264.000   1.838  34.882  -9.000  -9.000  -9.000  -9.000  -9.000  -9.000  -9.000  -9.000
9023  35.228 -65.128 1  2  2 4942.5   2.276  34.881 262.900   1.821  34.881  -9.000  -9.000  -9.000  -9.000  -9.000  -9.000  -9.000  -9.000
9023  35.228 -65.128 1  1  1 5171.8   2.252  34.875 259.200   1.769  34.874  -9.000  -9.000  -9.000  -9.000  -9.000  -9.000  -9.000  -9.000
9024  34.740 -65.424 1 23 23    1.7  21.131  36.597 226.600  21.130  36.592  -9.000  -9.000  -9.000  -9.000  -9.000  -9.000  -9.000  -9.000
9024  34.740 -65.424 1 22 22  101.8  18.675  36.558 225.700  18.657  36.553  -9.000  -9.000  -9.000  -9.000  -9.000  -9.000  -9.000  -9.000
9024  34.740 -65.424 1 21 21  304.8  18.301  36.544 219.000  18.247  36.540  -9.000  -9.000  -9.000  -9.000  -9.000  -9.000  -9.000  -9.000
9024  34.740 -65.424 1 20 20  557.8  16.701  36.302 188.900  16.609  36.303  -9.000  -9.000  -9.000  -9.000  -9.000  -9.000  -9.000  -9.000
9024  34.740 -65.424 1 19 19  809.4  11.405  35.469 149.100  11.299  35.469  -9.000  -9.000  -9.000  -9.000  -9.000  -9.000  -9.000  -9.000
9024  34.740 -65.424 1 18 18 1061.6   6.462  35.076 189.700   6.361  35.072  -9.000  -9.000  -9.000  -9.000  -9.000  -9.000  -9.000  -9.000
9024  34.740 -65.424 1 17 17 1263.2   5.160  35.035 235.500   5.050  35.030  -9.000  -9.000  -9.000  -9.000  -9.000  -9.000  -9.000  -9.000
9024  34.740 -65.424 1 16 16 1415.6   4.690  35.011 248.900   4.570  35.005  -9.000  -9.000  -9.000  -9.000  -9.000  -9.000  -9.000  -9.000
9024  34.740 -65.424 1 15 15 1568.6   4.477  35.010 252.900   4.345  35.004  -9.000  -9.000  -9.000  -9.000  -9.000  -9.000  -9.000  -9.000
9024  34.740 -65.424 1 14 14 1772.0   4.146  34.988 259.200   3.999  34.982  -9.000  -9.000  -9.000  -9.000  -9.000  -9.000  -9.000  -9.000
9024  34.740 -65.424 1 13 13 2024.8   3.791  34.963 263.100   3.624  34.958  -9.000  -9.000  -9.000  -9.000  -9.000  -9.000  -9.000  -9.000
9024  34.740 -65.424 1 12 12 2329.9   3.565  34.966 263.600   3.372  34.960  -9.000  -9.000  -9.000  -9.000  -9.000  -9.000  -9.000  -9.000
9024  34.740 -65.424 1 11 11 2634.5   3.316  34.958 262.500   3.097  34.952  -9.000  -9.000  -9.000  -9.000  -9.000  -9.000  -9.000  -9.000
9024  34.740 -65.424 1 10 10 2941.2   3.048  34.945 263.000   2.803  34.940  -9.000  -9.000  -9.000  -9.000  -9.000  -9.000  -9.000  -9.000
9024  34.740 -65.424 1  9  9 3248.3   2.789  34.928 266.400   2.517  34.922  -9.000  -9.000  -9.000  -9.000  -9.000  -9.000  -9.000  -9.000
9024  34.740 -65.424 1  8  8 3504.1   2.592  34.916 268.400   2.297  34.910  -9.000  -9.000  -9.000  -9.000  -9.000  -9.000  -9.000  -9.000
9024  34.740 -65.424 1  7  7 3708.9   2.468  34.907 268.800   2.153  34.902  -9.000  -9.000  -9.000  -9.000  -9.000  -9.000  -9.000  -9.000
9024  34.740 -65.424 1  6  6 3965.0   2.361  34.899 268.300   2.020  34.895  -9.000  -9.000  -9.000  -9.000  -9.000  -9.000  -9.000  -9.000
9024  34.740 -65.424 1  5  5 4221.6   2.304  34.893 267.000   1.936  34.887  -9.000  -9.000  -9.000  -9.000  -9.000  -9.000  -9.000  -9.000
9024  34.740 -65.424 1  4  4 4478.0   2.279  34.888 265.600   1.882  34.883  -9.000  -9.000  -9.000  -9.000  -9.000  -9.000  -9.000  -9.000
9024  34.740 -65.424 1  3  3 4736.0   2.265  34.883 263.800   1.836  34.880  -9.000  -9.000  -9.000  -9.000  -9.000  -9.000  -9.000  -9.000
9024  34.740 -65.424 1  2  2 4992.0   2.262  34.880 261.600   1.802  34.874  -9.000  -9.000  -9.000  -9.000  -9.000  -9.000  -9.000  -9.000
9024  34.740 -65.424 1  1  1 5256.8   2.227  34.871 257.100   1.734  34.867  -9.000  -9.000  -9.000  -9.000  -9.000  -9.000  -9.000  -9.000
9025  34.259 -65.706 1 23 23    5.5  20.907  36.552 227.000  20.906  36.554  -9.000  -9.000  -9.000  -9.000  -9.000  -9.000  -9.000  -9.000
9025  34.259 -65.706 1 22 22  202.9  18.455  36.544 217.200  18.419  36.541  -9.000  -9.000  -9.000  -9.000  -9.000  -9.000  -9.000  -9.000
9025  34.259 -65.706 1 21 21  404.1  17.595  36.477 194.900  17.525  36.479  -9.000  -9.000  -9.000  -9.000  -9.000  -9.000  -9.000  -9.000
9025  34.259 -65.706 1 20 20  605.2  15.043  36.018 170.400  14.950  36.016  -9.000  -9.000  -9.000  -9.000  -9.000  -9.000  -9.000  -9.000
9025  34.259 -65.706 1 19 19  857.7   8.747  35.181 150.100   8.651  35.180  -9.000  -9.000  -9.000  -9.000  -9.000  -9.000  -9.000  -9.000
9025  34.259 -65.706 1 18 18 1110.9   5.732  35.058 216.700   5.631  35.056  -9.000  -9.000  -9.000  -9.000  -9.000  -9.000  -9.000  -9.000
9025  34.259 -65.706 1 17 17 1313.5   4.909  35.033 242.900   4.797  35.030  -9.000  -9.000  -9.000  -9.000  -9.000  -9.000  -9.000  -9.000
9025  34.259 -65.706 1 16 16 1516.7   4.405  35.002 255.400   4.279  35.000  -9.000  -9.000  -9.000  -9.000  -9.000  -9.000  -9.000  -9.000
9025  34.259 -65.706 1 15 15 1668.7   4.209  34.991 259.200   4.070  34.987  -9.000  -9.000  -9.000  -9.000  -9.000  -9.000  -9.000  -9.000
9025  34.259 -65.706 1 14 14 1871.4   4.006  34.991 260.000   3.851  34.987  -9.000  -9.000  -9.000  -9.000  -9.000  -9.000  -9.000  -9.000
9025  34.259 -65.706 1 13 13 2075.5   3.709  34.971 263.800   3.538  34.968  -9.000  -9.000  -9.000  -9.000  -9.000  -9.000  -9.000  -9.000
9025  34.259 -65.706 1 12 12 2329.6   3.481  34.961 264.400   3.289  34.958  -9.000  -9.000  -9.000  -9.000  -9.000  -9.000  -9.000  -9.000
9025  34.259 -65.706 1 11 11 2635.3   3.236  34.956 262.800   3.018  34.952  -9.000  -9.000  -9.000  -9.000  -9.000  -9.000  -9.000  -9.000
9025  34.259 -65.706 1 10 10 2941.2   2.964  34.940 264.000   2.720  34.936  -9.000  -9.000  -9.000  -9.000  -9.000  -9.000  -9.000  -9.000
9025  34.259 -65.706 1  9  9 3248.0   2.698  34.924 266.900   2.428  34.920  -9.000  -9.000  -9.000  -9.000  -9.000  -9.000  -9.000  -9.000
9025  34.259 -65.706 1  8  8 3504.3   2.504  34.911 268.700   2.211  34.911  -9.000  -9.000  -9.000  -9.000  -9.000  -9.000  -9.000  -9.000
9025  34.259 -65.706 1  7  7 3709.6   2.408  34.904 269.000   2.095  34.901  -9.000  -9.000  -9.000  -9.000  -9.000  -9.000  -9.000  -9.000
9025  34.259 -65.706 1  6  6 3965.8   2.337  34.897 268.400   1.997  34.894  -9.000  -9.000  -9.000  -9.000  -9.000  -9.000  -9.000  -9.000
9025  34.259 -65.706 1  5  5 4222.0   2.295  34.892 267.200   1.927  34.889  -9.000  -9.000  -9.000  -9.000  -9.000  -9.000  -9.000  -9.000
9025  34.259 -65.706 1  4  4 4478.5   2.274  34.887 265.900   1.876  34.884  -9.000  -9.000  -9.000  -9.000  -9.000  -9.000  -9.000  -9.000
9025  34.259 -65.706 1  3  3 4735.2   2.268  34.884 264.300   1.839  34.881  -9.000  -9.000  -9.000  -9.000  -9.000  -9.000  -9.000  -9.000
9025  34.259 -65.706 1  2  2 4992.9   2.259  34.879 261.800   1.799  34.876  -9.000  -9.000  -9.000  -9.000  -9.000  -9.000  -9.000  -9.000
9025  34.259 -65.706 1  1  1 5302.8   2.224  34.870 256.200   1.725  34.870  -9.000  -9.000  -9.000  -9.000  -9.000  -9.000  -9.000  -9.000
9026  33.788 -66.000 1 23 23    5.4  21.500  36.562 224.900  21.499  36.564  -9.000  -9.000  -9.000  -9.000  -9.000  -9.000  -9.000  -9.000
9026  33.788 -66.000 1 22 22  100.5  18.611  36.551 215.200  18.594  36.549  -9.000  -9.000  -9.000  -9.000  -9.000  -9.000  -9.000  -9.000
9026  33.788 -66.000 1 21 21  302.4  17.937  36.530 195.400  17.885  36.527  -9.000  -9.000  -9.000  -9.000  -9.000  -9.000  -9.000  -9.000
9026  33.788 -66.000 1 20 20  554.5  14.904  35.997 172.300  14.819  35.992  -9.000  -9.000  -9.000  -9.000  -9.000  -9.000  -9.000  -9.000
9026  33.788 -66.000 1 19 19  807.6   9.528  35.262 147.500   9.434  35.260  -9.000  -9.000  -9.000  -9.000  -9.000  -9.000  -9.000  -9.000
9026  33.788 -66.000 1 18 18 1059.5   6.101  35.087 209.300   6.003  35.085  -9.000  -9.000  -9.000  -9.000  -9.000  -9.000  -9.000  -9.000
9026  33.788 -66.000 1 17 17 1263.3   4.987  35.035 241.300   4.878  35.032  -9.000  -9.000  -9.000  -9.000  -9.000  -9.000  -9.000  -9.000
9026  33.788 -66.000 1 16 16 1415.1   4.608  35.011 253.000   4.489  35.007  -9.000  -9.000  -9.000  -9.000  -9.000  -9.000  -9.000  -9.000
9026  33.788 -66.000 1 15 15 1566.9   4.406  35.009 255.500   4.274  35.006  -9.000  -9.000  -9.000  -9.000  -9.000  -9.000  -9.000  -9.000
9026  33.788 -66.000 1 14 14 1769.9   4.158  35.002 258.100   4.010  34.998  -9.000  -9.000  -9.000  -9.000  -9.000  -9.000  -9.000  -9.000
9026  33.788 -66.000 1 13 13 2024.0   3.811  34.976 262.100   3.644  34.972  -9.000  -9.000  -9.000  -9.000  -9.000  -9.000  -9.000  -9.000
9026  33.788 -66.000 1 12 12 2329.9   3.490  34.961 264.300   3.298  -9.000  -9.000  -9.000  -9.000  -9.000  -9.000  -9.000  -9.000  -9.000
9026  33.788 -66.000 1 11 11 2635.4   3.102  34.948 263.800   2.887  34.947  -9.000  -9.000  -9.000  -9.000  -9.000  -9.000  -9.000  -9.000
9026  33.788 -66.000 1 10 10 2941.4   2.787  34.930 265.600   2.547  34.925  -9.000  -9.000  -9.000  -9.000  -9.000  -9.000  -9.000  -9.000
9026  33.788 -66.000 1  9  9 3248.4   2.594  34.917 267.800   2.326  34.912  -9.000  -9.000  -9.000  -9.000  -9.000  -9.000  -9.000  -9.000
9026  33.788 -66.000 1  8  8 3453.1   2.459  34.908 268.500   2.173  34.905  -9.000  -9.000  -9.000  -9.000  -9.000  -9.000  -9.000  -9.000
9026  33.788 -66.000 1  7  7 3657.4   2.380  34.902 268.300   2.074  34.900  -9.000  -9.000  -9.000  -9.000  -9.000  -9.000  -9.000  -9.000
9026  33.788 -66.000 1  6  6 3913.5   2.302  34.894 267.600   1.969  34.892  -9.000  -9.000  -9.000  -9.000  -9.000  -9.000  -9.000  -9.000
9026  33.788 -66.000 1  5  5 4170.0   2.265  34.889 265.900   1.904  34.888  -9.000  -9.000  -9.000  -9.000  -9.000  -9.000  -9.000  -9.000
9026  33.788 -66.000 1  4  4 4427.5   2.248  34.885 264.600   1.858  34.883  -9.000  -9.000  -9.000  -9.000  -9.000  -9.000  -9.000  -9.000
9026  33.788 -66.000 1  3  3 4685.9   2.253  34.882 263.600   1.831  -9.000  -9.000  -9.000  -9.000  -9.000  -9.000  -9.000  -9.000  -9.000
9026  33.788 -66.000 1  2  2 4941.8   2.250  34.878 261.900   1.797  34.877  -9.000  -9.000  -9.000  -9.000  -9.000  -9.000  -9.000  -9.000
9026  33.788 -66.000 1  1  1 5201.0   2.228  34.871 257.300   1.742  34.870  -9.000  -9.000  -9.000  -9.000  -9.000  -9.000  -9.000  -9.000
