2007apr
      2007.29
STN   LAT    LON CAST SAMP BTL CTDPRS CTDTMP CTDSAL CTDOXY   THETA   SALNTY  OXYGEN  CFC-11  CFC-12  CFC113  SF6  pCFC-12 CFC12age Mean Age
9002  40.152 -69.879 1 21 24    4.9   5.281  32.709 320.300   5.282  32.702 322.900   4.799   2.691   0.457  -9.000 544.013   7.844   3.061
9002  40.152 -69.879 1 20 23   61.3  11.568  34.990 248.600  11.563  35.028 243.800   3.014   1.731   0.236  -9.000 489.441  17.376  11.233
9002  40.152 -69.879 1 19 22   61.2  11.582  34.993 248.600  11.577  -9.000  -9.000  -9.000  -9.000  -9.000  -9.000  -9.000  -9.000  -9.000
9002  40.152 -69.879 1 18 21  103.5  12.031  35.259 224.900  12.020  -9.000  -9.000  -9.000  -9.000  -9.000  -9.000  -9.000  -9.000  -9.000
9002  40.152 -69.879 1 17 20  104.1  12.031  35.259 224.800  12.021  -9.000  -9.000  -9.000  -9.000  -9.000  -9.000  -9.000  -9.000  -9.000
9002  40.152 -69.879 1 16 19  104.3  12.031  35.259 224.800  12.021  -9.000  -9.000  -9.000  -9.000  -9.000  -9.000  -9.000  -9.000  -9.000
9002  40.152 -69.879 1 15 18  103.3  12.031  35.259 224.900  12.020  -9.000  -9.000  -9.000  -9.000  -9.000  -9.000  -9.000  -9.000  -9.000
9002  40.152 -69.879 1 14 17  104.2  12.031  35.259 224.800  12.021  -9.000  -9.000  -9.000  -9.000  -9.000  -9.000  -9.000  -9.000  -9.000
9002  40.152 -69.879 1 13 16  102.8  12.030  35.259 225.000  12.020  -9.000  -9.000  -9.000  -9.000  -9.000  -9.000  -9.000  -9.000  -9.000
9002  40.152 -69.879 1 12 15  102.7  12.030  35.259 225.000  12.020  -9.000  -9.000  -9.000  -9.000  -9.000  -9.000  -9.000  -9.000  -9.000
9002  40.152 -69.879 1 11 14  102.3  12.030  35.259 225.000  12.020  -9.000  -9.000  -9.000  -9.000  -9.000  -9.000  -9.000  -9.000  -9.000
9002  40.152 -69.879 1 10 13  102.1  12.030  35.259 225.100  12.019  -9.000  -9.000  -9.000  -9.000  -9.000  -9.000  -9.000  -9.000  -9.000
9002  40.152 -69.879 1  9 12  102.6  12.030  35.259 225.000  12.020  -9.000  -9.000  -9.000  -9.000  -9.000  -9.000  -9.000  -9.000  -9.000
9002  40.152 -69.879 1  8 11  103.6  12.031  35.259 224.900  12.020  -9.000  -9.000  -9.000  -9.000  -9.000  -9.000  -9.000  -9.000  -9.000
9002  40.152 -69.879 1  7 10  103.7  12.031  35.259 224.900  12.020  -9.000  -9.000  -9.000  -9.000  -9.000  -9.000  -9.000  -9.000  -9.000
9002  40.152 -69.879 1  6  9  104.0  12.031  35.259 224.800  12.021  -9.000  -9.000  -9.000  -9.000  -9.000  -9.000  -9.000  -9.000  -9.000
9002  40.152 -69.879 1  5  8  104.8  12.032  35.259 224.900  12.021  -9.000  -9.000  -9.000  -9.000  -9.000  -9.000  -9.000  -9.000  -9.000
9002  40.152 -69.879 1  4  7  104.4  12.031  35.259 224.800  12.021  -9.000  -9.000  -9.000  -9.000  -9.000  -9.000  -9.000  -9.000  -9.000
9002  40.152 -69.879 1  3  6  104.7  12.032  35.259 224.900  12.021  -9.000  -9.000  -9.000  -9.000  -9.000  -9.000  -9.000  -9.000  -9.000
9002  40.152 -69.879 1  2  5  105.6  12.032  35.259 224.900  12.021  -9.000  -9.000  -9.000  -9.000  -9.000  -9.000  -9.000  -9.000  -9.000
9002  40.152 -69.879 1  1  3  102.7  12.030  35.259 225.000  12.020  35.257 228.000   2.711   1.562   0.194  -9.000 452.523  19.392  16.603
9003  40.012 -68.007 1  2  5    2.6   5.483  32.735 319.900   5.484  32.734 321.600   4.664   2.633   0.448  -9.000 538.105  10.616   4.376
9003  40.012 -68.007 1  1  1  148.6  11.986  35.469 172.500  11.969  35.469 208.300   1.928   1.102   0.082  -9.000 319.265  27.008  41.590
9004  39.906 -68.073 1  9 11    2.5   6.473  33.088 312.500   6.475  33.087 311.100   4.447   2.522   0.422  -9.000 544.557   7.536   4.073
9004  39.906 -68.073 1  8 10   50.7  12.391  35.007 273.500  12.387  34.937 270.400   3.059   1.802   0.269  -9.000 529.546  12.661   5.073
9004  39.906 -68.073 1  7  9  100.6  12.969  35.464 249.700  12.958  35.483 254.500   2.783   1.684   0.220  -9.000 510.542  15.353   8.224
9004  39.906 -68.073 1  6  8  199.7  10.774  35.282 165.700  10.752  35.281 158.100   1.915   1.058   0.072  -9.000 288.967  28.570  48.832
9004  39.906 -68.073 1  5  7  301.2   9.005  35.202 147.100   8.974  35.200 143.600   1.112   0.596   0.027  -9.000 149.321  35.733 106.969
9004  39.906 -68.073 1  4  6  400.4   6.655  35.014 188.800   6.619  35.011 189.800   1.889   1.006   0.097  -9.000 223.601  32.004  70.553
9004  39.906 -68.073 1  3  5  501.4   5.587  34.961 217.600   5.545  34.956 217.800   2.439   1.308   0.150  -9.000 274.974  29.323  52.945
9004  39.906 -68.073 1  2  3  600.4   5.101  34.950 234.200   5.053  34.948 234.000   2.754   1.470   0.181  -9.000 301.229  28.005  45.991
9004  39.906 -68.073 1  1  1  646.0   4.999  34.949 238.200   4.948  34.946 238.600   2.804   1.493   0.188  -9.000 304.307  27.864  45.315
9005  39.853 -68.105 1 13 15    3.3   7.429  33.451 304.700   7.431  33.456 302.300   4.154   2.357   0.389  -9.000 536.332  11.133   4.568
9005  39.853 -68.105 1 12 14   49.3  12.054  34.908 275.300  12.051  -9.000  -9.000  -9.000  -9.000  -9.000  -9.000  -9.000  -9.000  -9.000
9005  39.853 -68.105 1 11 13  101.9  12.023  35.221 259.500  12.013  35.224 233.100   2.850   1.661   0.210  -9.000 480.861  17.941  12.491
9005  39.853 -68.105 1 10 12  201.1  10.514  35.248 156.300  10.493  35.243 156.500   1.878   1.036   0.078  -9.000 279.378  29.069  51.516
9005  39.853 -68.105 1  9 11  301.0   8.766  35.172 149.000   8.735  35.173 146.800   1.119   0.599   0.031  -9.000 148.273  35.792 107.628
9005  39.853 -68.105 1  8 10  401.6   6.711  34.994 186.300   6.675  34.995 187.200   1.947   1.046   0.112  -9.000 233.115  31.538  67.067
9005  39.853 -68.105 1  7  9  500.2   5.608  34.953 216.400   5.567  34.954 217.300   2.467   1.326   0.156  -9.000 279.040  29.088  51.625
9005  39.853 -68.105 1  6  8  601.2   5.088  34.947 231.000   5.040  34.945 235.000   2.771   1.481   0.182  -9.000 303.266  27.911  45.542
9005  39.853 -68.105 1  5  7  699.7   4.792  34.944 244.700   4.737  34.944 245.700   2.875   1.543   0.198  -9.000 311.057  27.488  43.606
9005  39.853 -68.105 1  4  6  802.6   4.615  34.947 252.000   4.552  34.947 252.900   2.967   1.590   0.205  -9.000 317.549  27.109  41.996
9005  39.853 -68.105 1  3  5  902.1   4.508  34.946 256.400   4.437  34.945 260.800   3.054   1.638   0.215  -9.000 325.284  26.652  40.201
9005  39.853 -68.105 1  2  3  997.0   4.365  34.946 261.400   4.287  34.946 262.600   3.049   1.668   0.218  -9.000 328.728  26.445  39.427
9005  39.853 -68.105 1  1  1 1101.7   4.243  34.943 263.400   4.159  -9.000  -9.000  -9.000  -9.000  -9.000  -9.000  -9.000  -9.000  -9.000
9007  39.706 -68.203 1 18 20    4.1  11.991  35.000 271.800  11.994  34.999 269.500   3.141   1.835   0.270  -9.000 529.273  12.715   5.112
9007  39.706 -68.203 1 17 19   91.3  13.785  35.634 243.100  13.775  35.608 247.700   2.710   1.614   0.210  -9.000 508.695  15.531   8.447
9007  39.706 -68.203 1 16 18  281.4  11.417  35.441 145.100  11.384  35.444 148.500   1.599   0.893   0.050  -9.000 251.846  30.587  60.589
9007  39.706 -68.203 1 15 17  355.6   8.033  34.970 165.700   7.998  34.968 169.000   2.115   1.153   0.119  -9.000 274.647  29.342  53.052
9007  39.706 -68.203 1 14 16  473.4   6.896  35.055 197.200   6.852  35.061 182.500   1.566   0.828   0.079  -9.000 186.398  33.757  86.107
9007  39.706 -68.203 1 13 15  617.1   5.285  34.952 227.100   5.235  34.951 224.300   2.553   1.360   0.164  -9.000 281.403  28.952  50.872
9007  39.706 -68.203 1 12 14  751.3   5.003  34.999 247.600   4.942  34.986 241.700   2.546   1.345   0.161  -9.000 274.336  29.360  53.155
9007  39.706 -68.203 1 11 13  876.9   4.730  35.004 246.500   4.660  35.005 246.300   2.307   1.195   0.132  -9.000 240.262  31.179  64.531
9007  39.706 -68.203 1 10 12 1001.8   4.354  34.971 254.900   4.275  34.971 258.600   2.640   1.374   0.168  -9.000 270.701  29.570  54.368
9007  39.706 -68.203 1  9 11 1124.1   4.257  34.970 260.400   4.169  34.968 260.600   2.599   1.333   0.163  -9.000 261.264  30.088  57.463
9007  39.706 -68.203 1  8 10 1251.1   4.157  34.971 262.000   4.059  34.970 261.800   2.396   1.212   0.144  -9.000 236.283  31.379  65.927
9007  39.706 -68.203 1  7  9 1377.1   3.932  34.947 268.000   3.825  34.947 268.200   2.612   1.328   0.168  -9.000 255.731  30.381  59.280
9007  39.706 -68.203 1  6  8 1499.7   3.848  34.943 269.700   3.730  34.941 269.500   2.570   1.307   0.159  -9.000 250.542  30.656  61.034
9007  39.706 -68.203 1  5  7 1624.6   3.767  34.941 270.800   3.640  34.941 270.800   2.419   1.222   0.147  -9.000 233.227  31.532  67.025
9007  39.706 -68.203 1  4  6 1748.2   3.672  34.940 272.000   3.534  34.939 271.700   2.221   1.110   0.134  -9.000 210.765  32.615  75.530
9007  39.706 -68.203 1  3  5 1865.8   3.608  34.943 272.100   3.460  34.943 271.800   1.959   0.967   0.110  -9.000 182.983  33.929  87.809
9007  39.706 -68.203 1  2  3 1998.6   3.469  34.940 273.100   3.310  -9.000  -9.000  -9.000  -9.000  -9.000  -9.000  -9.000  -9.000  -9.000
9007  39.706 -68.203 1  1  1 2107.2   3.341  34.938 273.000   3.174  34.938 271.900   1.603   0.798   0.080  -9.000 148.831  35.760 107.276
9008  39.479 -68.367 1 21 23    3.3  13.735  35.573 255.800  13.738  35.571 254.800   2.764   1.679   0.219  -9.000 527.669  13.006   5.352
9008  39.479 -68.367 1 20 22   72.3  14.583  36.011 235.400  14.576  36.007 234.600   2.523   1.498   0.181  -9.000 491.179  17.253  10.993
9008  39.479 -68.367 1 19 21  148.7  14.758  36.068 236.300  14.739  -9.000  -9.000  -9.000  -9.000  -9.000  -9.000  -9.000  -9.000  -9.000
9008  39.479 -68.367 1 18 20  252.1  15.007  36.146 223.600  14.972  36.141 237.100  -9.000  -9.000  -9.000  -9.000  -9.000  -9.000  -9.000
9008  39.479 -68.367 1 17 19  372.0  10.488  35.347 147.900  10.445  35.377 145.100   1.299   0.709   0.022  -9.000 191.146  33.536  83.942
9008  39.479 -68.367 1 16 18  526.7   6.281  34.967 196.200   6.234  34.973 195.300   2.091   1.117   0.118  -9.000 243.438  31.019  63.442
9008  39.479 -68.367 1 15 17  683.1   5.354  35.018 236.500   5.297  35.017 229.700   2.189   1.142   0.119  -9.000 237.312  31.327  65.563
9008  39.479 -68.367 1 14 16  826.9   4.760  34.988 245.400   4.694  34.988 247.900   2.589   1.351   0.158  -9.000 272.018  29.494  53.925
9008  39.479 -68.367 1 13 15  954.5   4.519  34.986 255.000   4.443  34.985 254.200   2.500   1.290   0.150  -9.000 256.429  30.344  59.047
9008  39.479 -68.367 1 12 14 1066.3   4.278  34.967 261.100   4.194  -9.000  -9.000  -9.000  -9.000  -9.000  -9.000  -9.000  -9.000  -9.000
9008  39.479 -68.367 1 11 13 1199.0   4.175  34.971 261.500   4.081  34.968 262.200   2.402   1.226   0.143  -9.000 239.240  31.230  64.886
9008  39.479 -68.367 1 10 12 1325.5   4.053  34.964 265.100   3.949  34.964 264.700   2.318   1.182   0.134  -9.000 229.141  31.738  68.530
9008  39.479 -68.367 1  9 11 1450.3   3.891  34.952 267.700   3.777  34.952 268.400   2.321   1.177   0.135  -9.000 226.165  31.882  69.617
9008  39.479 -68.367 1  8 10 1574.3   3.798  34.950 269.300   3.674  34.949 269.700   2.168   1.086   0.126  -9.000 207.636  32.765  76.823
9008  39.479 -68.367 1  7  9 1701.3   3.709  34.947 270.700   3.574  34.947 270.300   2.009   1.006   0.108  -9.000 191.415  33.523  83.821
9008  39.479 -68.367 1  6  8 1823.6   3.617  34.945 271.500   3.472  34.944 271.700   1.874   0.927   0.095  -9.000 175.505  34.310  91.684
9008  39.479 -68.367 1  5  7 1946.5   3.496  34.942 272.200   3.342  34.941 272.500   1.731   0.862   0.084  -9.000 162.131  35.013  99.091
9008  39.479 -68.367 1  4  6 2071.7   3.425  34.944 272.100   3.260  34.943 272.100   1.544   0.767   0.073  -9.000 143.712  36.072 110.771
9008  39.479 -68.367 1  3  5 2198.4   3.355  34.944 271.900   3.179  34.943 271.700   1.391   0.696   0.062  -9.000 129.916  36.926 120.613
9008  39.479 -68.367 1  2  2 2322.3   3.206  34.937 272.700   3.020  -9.000  -9.000  -9.000  -9.000  -9.000  -9.000  -9.000  -9.000  -9.000
9008  39.479 -68.367 1  1  1 2411.7   3.039  34.932 272.600   2.848  34.931 273.600   1.400   0.717   0.064  -9.000 131.535  36.820 119.375
9009  39.344 -68.460 1 22 24    2.6  12.997  35.324 275.200  13.000  35.325 262.300   2.934   1.721   0.245  -9.000 521.704  14.010   6.481
9009  39.344 -68.460 1 21 23   99.0  14.609  36.005 236.900  14.597  36.000 237.700   2.568   1.517   0.184  -9.000 497.962  16.759  10.135
9009  39.344 -68.460 1 20 22  224.0  14.767  36.078 199.600  14.737  36.071 227.600   2.450   1.460   0.170  -9.000 482.978  17.824  12.211
9009  39.344 -68.460 1 19 21  349.2   9.546  35.224 148.000   9.509  -9.000  -9.000  -9.000  -9.000  -9.000  -9.000  -9.000  -9.000  -9.000
9009  39.344 -68.460 1 18 20  474.2   7.049  35.038 183.800   7.005  35.050 178.300   1.599   0.848   0.078  -9.000 192.357  33.479  83.397
9009  39.344 -68.460 1 17 19  600.2   5.604  34.974 220.300   5.554  34.968 217.300   2.345   1.259   0.143  -9.000 264.944  29.894  56.282
9009  39.344 -68.460 1 16 18  748.7   5.078  35.016 236.000   5.017  35.015 236.700  -9.000  -9.000  -9.000  -9.000  -9.000  -9.000  -9.000
9009  39.344 -68.460 1 15 17  874.4   4.785  35.003 249.100   4.715  35.002 245.800   2.330   1.220   0.138  -9.000 246.001  30.891  62.578
9009  39.344 -68.460 1 14 16  999.4   4.310  34.961 254.900   4.233  34.959 261.900   2.828   1.485   0.200  -9.000 291.849  28.438  48.145
9009  39.344 -68.460 1 13 15 1124.7   4.179  34.959 260.200   4.092  34.958 263.900   2.703   1.399   0.183  -9.000 273.028  29.436  53.588
9009  39.344 -68.460 1 12 14 1249.5   4.105  34.964 263.500   4.007  -9.000  -9.000  -9.000  -9.000  -9.000  -9.000  -9.000  -9.000  -9.000
9009  39.344 -68.460 1 11 13 1374.0   3.993  34.962 264.900   3.885  34.961 265.600   2.247   1.139   0.130  -9.000 220.091  32.171  71.865
9009  39.344 -68.460 1 10 12 1497.3   3.891  34.958 266.700   3.773  34.956 267.000   2.098   1.060   0.120  -9.000 203.696  32.949  78.464
9009  39.344 -68.460 1  9 11 1623.1   3.785  34.952 268.300   3.657  34.952 267.600   2.018   1.018   0.111  -9.000 194.500  33.379  82.442
9009  39.344 -68.460 1  8 10 1749.2   3.692  34.950 269.600   3.554  34.950 269.300   1.872   0.946   0.099  -9.000 179.840  34.089  89.423
9009  39.344 -68.460 1  7  9 1872.5   3.590  34.946 270.800   3.442  34.946 286.700   1.751   0.880   0.092  -9.000 166.367  34.776  96.563
9009  39.344 -68.460 1  6  8 1998.6   3.489  34.943 271.800   3.330  -9.000  -9.000  -9.000  -9.000  -9.000  -9.000  -9.000  -9.000  -9.000
9009  39.344 -68.460 1  5  7 2147.8   3.391  34.944 271.300   3.220  34.944 271.800   1.455   0.729   0.072  -9.000 136.340  36.524 115.934
9009  39.344 -68.460 1  4  6 2297.2   3.318  34.944 271.200   3.133  34.943 271.400   1.329   0.667   0.062  -9.000 124.251  37.297 124.991
9009  39.344 -68.460 1  3  5 2373.1   3.264  34.940 271.900   3.072  34.939 272.000   1.382   0.693   0.066  -9.000 128.712  37.005 121.537
9009  39.344 -68.460 1  2  2 2447.7   3.143  34.935 272.300   2.947  -9.000  -9.000  -9.000  -9.000  -9.000  -9.000  -9.000  -9.000  -9.000
9009  39.344 -68.460 1  1  1 2505.9   2.959  34.929 272.100   2.760  34.929 272.300   1.427   0.719   0.067  -9.000 131.324  36.834 119.536
9010  39.092 -68.638 1 22 24    4.3   4.803  32.661 324.600   4.804  32.663 331.200   5.059   2.722   0.472  -9.000 536.302  11.141   4.570
9010  39.092 -68.638 1 21 23  124.8  11.702  35.089 227.500  11.689  35.084 225.600   2.939   1.679   0.218  -9.000 478.208  18.086  12.854
9010  39.092 -68.638 1 20 22  247.7   8.566  35.042 163.600   8.542  35.038 162.800   1.921   1.041   0.111  -9.000 254.813  30.430  59.587
9010  39.092 -68.638 1 19 21  397.3   6.773  35.072 190.800   6.738  35.070 188.200   1.531   0.790   0.068  -9.000 176.760  34.246  91.026
9010  39.092 -68.638 1 18 20  550.3   5.524  35.034 222.000   5.479  35.032 222.900   1.991   1.027   0.104  -9.000 215.353  32.397  73.692
9010  39.092 -68.638 1 17 19  601.4   5.253  35.025 231.000   5.205  35.024 230.900   2.143   1.096   0.123  -9.000 226.566  31.863  69.473
9010  39.092 -68.638 1 16 18  751.5   4.490  34.963 246.600   4.432  34.962 257.300   2.943   1.518   0.198  -9.000 301.217  28.006  45.994
9010  39.092 -68.638 1 15 17  900.6   4.360  34.971 265.400   4.290  34.969 260.000   2.772   1.407   0.185  -9.000 277.292  29.189  52.188
9010  39.092 -68.638 1 14 16 1052.8   4.142  34.959 263.200   4.061  34.962 263.500   2.655   1.359   0.184  -9.000 264.696  29.907  56.360
9010  39.092 -68.638 1 13 15 1198.0   3.935  34.943 267.800   3.843  34.941 269.600   2.801   1.424   0.187  -9.000 274.254  29.365  53.183
9010  39.092 -68.638 1 12 14 1349.7   3.853  34.942 269.900   3.749  -9.000  -9.000  -9.000  -9.000  -9.000  -9.000  -9.000  -9.000  -9.000
9010  39.092 -68.638 1 11 13 1500.7   3.747  34.941 270.500   3.630  34.940 269.700   2.388   1.182   0.156  -9.000 225.350  31.921  69.913
9010  39.092 -68.638 1 10 12 1647.6   3.647  34.938 271.400   3.519  34.937 272.400   2.260   1.117   0.139  -9.000 211.806  32.566  75.107
9010  39.092 -68.638 1  9 11 1800.0   3.555  34.935 271.800   3.413  34.935 272.900   2.129   1.047   0.127  -9.000 197.541  33.237  81.104
9010  39.092 -68.638 1  8 10 1951.8   3.469  34.933 272.700   3.315  34.933 273.800   2.004   0.975   0.120  -9.000 183.100  33.923  87.749
9010  39.092 -68.638 1  7  9 2101.3   3.410  34.937 272.200   3.242  34.935 273.300   1.763   0.873   0.098  -9.000 163.426  34.940  98.310
9010  39.092 -68.638 1  6  8 2252.1   3.344  34.945 271.400   3.163  34.946 271.700   1.320   0.657   0.065  -9.000 122.563  37.407 126.309
9010  39.092 -68.638 1  5  7 2449.6   3.182  34.938 271.500   2.985  34.935 272.400   1.357   0.667   0.062  -9.000 123.329  37.357 125.710
9010  39.092 -68.638 1  4  6 2649.8   3.001  34.933 272.100   2.787  34.931 272.400   1.292   0.645   0.066  -9.000 118.085  37.700 129.839
9010  39.092 -68.638 1  3  5 2774.1   2.853  34.927 272.900   2.630  34.923 274.400   1.325   0.656   0.075  -9.000 119.123  37.632 129.017
9010  39.092 -68.638 1  2  2 2991.9   2.415  34.905 276.600   2.178  34.903 277.500   1.738   0.869   0.106  -9.000 154.011  35.469 104.053
9011  38.827 -68.814 1 22 24    3.1   4.750  32.561 333.000   4.751  32.570 332.800   5.118   2.814   0.480  -9.000  -9.000  -9.000  -9.000
9011  38.827 -68.814 1 21 23  149.5  10.061  34.916 216.800  10.047  34.902 200.000   2.898   1.629   0.181  -9.000 428.407  20.582  20.450
9011  38.827 -68.814 1 20 22  301.4   7.573  35.040 167.800   7.545  35.036 170.500   1.664   0.888   0.081  -9.000 206.843  32.802  77.154
9011  38.827 -68.814 1 19 21  451.8   5.468  34.952 203.400   5.431  34.952 220.200   2.531   1.341   0.165  -9.000 280.142  29.025  51.272
9011  38.827 -68.814 1 18 20  606.0   4.734  34.953 246.300   4.687  34.951 246.200   2.990   1.595   0.206  -9.000 320.586  26.931  41.282
9011  38.827 -68.814 1 17 19  754.1   4.390  34.949 255.500   4.332  34.947 261.000   3.147   1.656   0.222  -9.000 326.809  26.561  39.856
9011  38.827 -68.814 1 16 18  859.2   4.258  34.947 263.400   4.193  34.947 263.100   3.138   1.652   0.221  -9.000 323.725  26.746  40.560
9011  38.827 -68.814 1 15 17 1002.8   4.100  34.944 266.200   4.024  34.944 264.400  -9.000  -9.000  -9.000  -9.000  -9.000  -9.000  -9.000
9011  38.827 -68.814 1 14 16 1165.7   3.956  34.942 268.700   3.866  34.954 262.900   2.649   1.360   0.171  -9.000 262.216  30.038  57.155
9011  38.827 -68.814 1 13 15 1303.4   3.970  34.964 268.800   3.869  34.961 266.100   2.241   1.131   0.131  -9.000 218.279  32.258  72.556
9011  38.827 -68.814 1 12 14 1452.3   3.853  34.959 266.700   3.740  34.956 266.800   2.060   1.034   0.117  -9.000 198.299  33.201  80.774
9011  38.827 -68.814 1 11 13 1603.3   3.713  34.950 269.100   3.588  34.950 268.600   1.949   0.984   0.105  -9.000 187.275  33.716  85.704
9011  38.827 -68.814 1 10 12 1752.2   3.554  34.939 272.300   3.417  34.937 271.000   1.987   0.994   0.108  -9.000 187.538  33.704  85.583
9011  38.827 -68.814 1  9 11 1879.8   3.429  34.932 273.300   3.282  34.930 274.400   1.945   0.966   0.103  -9.000 181.012  34.029  88.818
9011  38.827 -68.814 1  8 10 2003.0   3.340  34.933 273.500   3.183  34.932 273.000   1.814   0.899   0.095  -9.000 167.649  34.711  95.870
9011  38.827 -68.814 1  7  9 2200.7   3.220  34.933 273.200   3.046  34.933 273.000   1.613   0.801   0.079  -9.000 148.405  35.784 107.543
9011  38.827 -68.814 1  6  8 2449.8   2.994  34.931 273.200   2.800  34.932 272.300   1.438   0.715   0.068  -9.000 130.846  36.865 119.901
9011  38.827 -68.814 1  5  7 2697.4   2.765  34.923 273.800   2.551  34.922 274.100   1.392   0.693   0.066  -9.000 125.231  37.232 124.228
9011  38.827 -68.814 1  4  6 2899.9   2.566  34.914 276.200   2.336  34.913 275.900   1.566   0.788   0.081  -9.000 140.836  36.248 112.772
9011  38.827 -68.814 1  3  5 3059.2   2.382  34.904 277.100   2.139  34.903 279.200   1.742   0.876   0.102  -9.000 154.969  35.415 103.462
9011  38.827 -68.814 1  2  2 3059.2   2.382  34.904 277.100   2.139  34.903 277.100   1.737   0.872   0.102  -9.000 154.262  35.455 103.898
9011  38.827 -68.814 1  1  1 3210.1   2.172  34.893 273.500   1.919  34.893 273.500   1.508   0.770   0.096  -9.000 134.628  36.629 117.146
9012  38.561 -67.029 1 22 24    2.3   5.734  32.604 322.600   5.735  32.603 321.800   4.897   2.691   0.442  -9.000  -9.000  -9.000  -9.000
9012  38.561 -67.029 1 21 23  125.0  11.546  35.355 167.600  11.533  35.358 175.500   2.259   1.267   0.102  -9.000 359.184  24.415  32.697
9012  38.561 -67.029 1 20 22  274.6   7.488  35.023 160.800   7.463  35.022 171.900   1.727   0.912   0.085  -9.000 211.491  32.581  75.235
9012  38.561 -67.029 1 19 21  425.3   5.659  34.989 210.700   5.624  34.993 216.000   2.253   1.179   0.136  -9.000 248.860  30.745  61.614
9012  38.561 -67.029 1 18 20  574.9   4.774  34.961 243.000   4.729  34.961 273.500   2.897   1.518   0.190  -9.000 305.782  27.796  44.997
9012  38.561 -67.029 1 17 19  724.8   4.398  34.947 260.000   4.343  34.947 260.600   3.168   1.648   0.214  -9.000 325.359  26.648  40.184
9012  38.561 -67.029 1 16 18  874.4   4.225  34.956 262.400   4.158  34.956 271.900   2.932   1.511   0.205  -9.000 295.599  28.265  47.268
9012  38.561 -67.029 1 15 17 1024.5   4.018  34.945 266.500   3.940  34.944 273.900   2.902   1.488   0.197  -9.000 287.862  28.621  49.100
9012  38.561 -67.029 1 14 16 1174.7   3.894  34.942 268.100   3.804  34.941 272.800   2.724   1.392   0.169  -9.000 267.493  29.756  55.458
9012  38.561 -67.029 1 13 15 1324.1   3.782  34.941 269.100   3.680  34.940 269.700   2.458   1.244   0.146  -9.000 237.614  31.312  65.457
9012  38.561 -67.029 1 12 14 1475.4   3.697  34.944 270.300   3.584  34.944 269.800   2.129   1.072   0.114  -9.000 203.834  32.943  78.406
9012  38.561 -67.029 1 11 13 1625.3   3.598  34.942 270.600   3.472  34.941 272.100   1.954   0.987   0.108  -9.000 186.667  33.745  85.984
9012  38.561 -67.029 1 10 12 1773.4   3.483  34.938 272.500   3.345  34.936 272.500   1.833   0.916   0.096  -9.000 172.158  34.481  93.454
9012  38.561 -67.029 1  9 11 1950.4   3.341  34.935 272.500   3.188  34.934 272.400   1.692   0.841   0.078  -9.000 156.846  35.310 102.308
9012  38.561 -67.029 1  8 10 2148.8   3.211  34.938 272.300   3.042  34.938 271.000   1.370   0.680   0.057  -9.000 125.930  37.187 123.686
9012  38.561 -67.029 1  7  9 2399.1   3.013  34.935 271.500   2.824  34.935 267.000   1.197   0.604   0.048  -9.000 110.654  38.225 136.292
9012  38.561 -67.029 1  6  8 2674.6   2.743  34.920 274.300   2.531  34.918 275.200   1.497   0.751   0.068  -9.000 135.544  36.573 116.497
9012  38.561 -67.029 1  5  7 2872.9   2.619  34.915 276.200   2.390  34.914 274.400   1.581   0.798   0.075  -9.000 143.043  36.113 111.235
9012  38.561 -67.029 1  4  6 3023.7   2.497  34.909 277.300   2.256  34.908 277.000   1.657   0.826   0.099  -9.000 147.060  35.866 108.459
9012  38.561 -67.029 1  3  5 3149.4   2.393  34.903 278.100   2.140  34.897 273.600   1.762   0.882   0.110  -9.000 156.122  35.351 102.752
9012  38.561 -67.029 1  2  2 3306.1   2.295  34.899 276.500   2.029  34.899 276.400   1.548   0.766   0.099  -9.000 134.852  36.615 116.987
9012  38.561 -67.029 1  1  1 3489.2   2.187  34.891 273.400   1.904  34.892 273.700   1.474   0.732   0.096  -9.000 128.089  37.046 122.017
9013  38.317 -67.134 1 22 24    6.4   6.562  32.636 313.400   6.563  -9.000  -9.000  -9.000  -9.000  -9.000  -9.000  -9.000  -9.000  -9.000
9013  38.317 -67.134 1 21 23  207.4   9.684  35.259 135.900   9.663  35.262 140.500   1.071   0.591   0.028  -9.000 153.144  35.518 104.590
9013  38.317 -67.134 1 20 22  400.2   5.819  34.965 206.300   5.785  -9.000  -9.000  -9.000  -9.000  -9.000  -9.000  -9.000  -9.000  -9.000
9013  38.317 -67.134 1 19 21  600.0   4.662  34.967 250.500   4.616  34.966 250.700   2.851   1.477   0.201  -9.000 295.783  28.256  47.225
9013  38.317 -67.134 1 18 20  798.8   4.443  34.984 257.300   4.381  34.982 262.300   2.542   1.282   0.164  -9.000 253.806  30.483  59.924
9013  38.317 -67.134 1 17 19  948.8   4.134  34.962 265.100   4.062  34.962 261.100   2.657   1.337   0.177  -9.000 260.307  30.139  57.774
9013  38.317 -67.134 1 16 18 1098.5   3.991  34.958 267.500   3.907  34.958 264.800   2.475   1.244   0.166  -9.000 240.339  31.175  64.505
9013  38.317 -67.134 1 15 17 1249.5   3.875  34.957 268.000   3.780  34.958 267.200   2.173   1.086   0.136  -9.000 208.511  32.723  76.458
9013  38.317 -67.134 1 14 16 1399.2   3.684  34.940 269.000   3.577  -9.000  -9.000  -9.000  -9.000  -9.000  -9.000  -9.000  -9.000  -9.000
9013  38.317 -67.134 1 13 15 1598.5   3.578  34.943 271.800   3.454  34.943 267.600   1.918   0.948   0.118  -9.000 179.099  34.127  89.807
9013  38.317 -67.134 1 12 14 1797.9   3.418  34.936 272.900   3.278  -9.000  -9.000  -9.000  -9.000  -9.000  -9.000  -9.000  -9.000  -9.000
9013  38.317 -67.134 1 11 13 1997.8   3.321  34.940 272.200   3.164  34.940 272.400   1.521   0.745   0.081  -9.000 138.798  36.373 114.200
9013  38.317 -67.134 1 10 12 2199.3   3.168  34.940 271.400   2.995  34.955 269.100   1.287   0.640   0.071  -9.000 118.248  37.689 129.709
9013  38.317 -67.134 1  9 11 2400.3   3.012  34.935 272.000   2.822  34.934 270.000   1.258   0.628   0.067  -9.000 115.043  37.909 132.397
9013  38.317 -67.134 1  8 10 2600.0   2.827  34.928 273.900   2.621  34.928 273.000   1.234   0.615   0.064  -9.000 111.519  38.163 135.520
9013  38.317 -67.134 1  7  9 2770.7   2.646  34.920 274.200   2.427  34.921 275.600   1.265   0.641   0.073  -9.000 115.076  37.907 132.367
9013  38.317 -67.134 1  6  8 2942.1   2.496  34.911 276.900   2.262  34.910 277.200   1.541   0.779   0.097  -9.000 138.687  36.380 114.278
9013  38.317 -67.134 1  5  7 3148.5   2.354  34.905 275.400   2.102  34.906 274.400   1.154   0.577   0.075  -9.000 101.918  38.861 144.302
9013  38.317 -67.134 1  4  6 3299.8   2.272  34.900 275.000   2.007  34.899 273.900   1.200   0.602   0.077  -9.000 105.847  38.571 140.622
9013  38.317 -67.134 1  3  5 3449.3   2.208  34.895 272.300   1.929  34.894 272.000   1.068   0.544   0.071  -9.000  95.306  39.390 151.146
9013  38.317 -67.134 1  2  2 3650.9   2.166  34.890 269.800   1.866  -9.000  -9.000  -9.000  -9.000  -9.000  -9.000  -9.000  -9.000  -9.000
9013  38.317 -67.134 1  1  1 3874.9   2.142  34.885 266.100   1.818  34.884 267.900   0.824   0.424   0.048  -9.000  74.004  41.315 177.640
9014  38.092 -67.333 1 22 24    5.5  17.972  35.887 240.200  17.976  35.907 233.700   2.332   1.418   0.193  -9.000 537.848  10.704   4.420
9014  38.092 -67.333 1 21 23  101.1  12.939  35.402 253.700  12.928  35.366 282.000   2.854   1.673   0.231  -9.000 506.196  15.771   8.751
9014  38.092 -67.333 1 20 22  250.9  10.137  35.293 139.600  10.110  35.297 136.100   1.177   0.676   0.024  -9.000 179.109  34.126  89.802
9014  38.092 -67.333 1 19 21  500.8   5.930  35.030 203.700   5.887  35.037 206.900  -9.000  -9.000  -9.000  -9.000  -9.000  -9.000  -9.000
9014  38.092 -67.333 1 18 20  681.3   4.711  34.965 247.100   4.658  34.963 248.800   2.886   1.525   0.193  -9.000 306.180  27.774  44.895
9014  38.092 -67.333 1 17 19  901.7   4.330  34.963 260.600   4.261  34.962 259.700   2.825   1.479   0.183  -9.000 290.987  28.477  48.349
9014  38.092 -67.333 1 16 18 1100.9   4.043  34.951 264.400   3.959  34.951 265.300   2.729   1.410   0.175  -9.000 273.156  29.428  53.546
9014  38.092 -67.333 1 15 17 1250.2   3.957  34.955 267.200   3.861  34.954 265.200   2.430   1.228   0.146  -9.000 236.810  31.352  65.741
9014  38.092 -67.333 1 14 16 1401.6   3.802  34.950 267.900   3.693  34.951 268.200   2.191   1.109   0.133  -9.000 212.079  32.553  74.998
9014  38.092 -67.333 1 13 15 1601.5   3.622  34.946 270.100   3.498  34.944 269.700   1.892   0.937   0.102  -9.000 177.446  34.211  90.668
9014  38.092 -67.333 1 12 14 1849.8   3.425  34.940 271.700   3.281  34.940 271.300   1.661   0.828   0.081  -9.000 155.135  35.406 103.359
9014  38.092 -67.333 1 11 13 2099.5   3.241  34.939 271.500   3.077  34.938 270.700   1.417   0.700   0.067  -9.000 129.848  36.931 120.665
9014  38.092 -67.333 1 10 12 2349.5   3.040  34.934 272.000   2.855  34.932 271.200   1.318   0.658   0.058  -9.000 120.721  37.527 127.755
9014  38.092 -67.333 1  9 11 2599.5   2.749  34.921 273.600   2.544  34.920 274.200   1.460   0.728   0.066  -9.000 131.437  36.827 119.450
9014  38.092 -67.333 1  8 10 2849.8   2.546  34.912 276.300   2.321  34.912 276.000   1.669   0.854   0.093  -9.000 152.461  35.556 105.013
9014  38.092 -67.333 1  7  9 3099.8   2.356  34.904 273.000   2.110  34.905 273.200   1.164   0.585   0.063  -9.000 103.342  38.751 142.906
9014  38.092 -67.333 1  6  8 3300.0   2.277  34.900 271.800   2.012  34.898 271.900   0.964   0.487   0.048  -9.000  85.651  40.209 162.111
9014  38.092 -67.333 1  5  7 3448.7   2.237  34.896 271.300   1.957  34.899 271.600   0.972   0.483   0.060  -9.000  84.756  40.290 163.217
9014  38.092 -67.333 1  4  6 3599.4   2.207  34.892 270.500   1.912  34.892 270.100   0.896   0.448   0.050  -9.000  78.480  40.863 171.198
9014  38.092 -67.333 1  3  5 3798.8   2.187  34.889 269.900   1.870  34.888 269.400   1.008   0.505   0.056  -9.000  88.365  39.964 158.789
9014  38.092 -67.333 1  2  2 3999.7   2.181  34.886 268.100   1.842  34.886 268.300   0.859   0.435   0.051  -9.000  76.089  41.104 174.623
9014  38.092 -67.333 1  1  1 4200.3   2.184  34.884 266.100   1.822  34.884 266.700   0.760   0.387   0.041  -9.000  67.702  41.970 187.181
9015  37.859 -67.496 1 22 24    4.7  19.271  36.152 227.700  19.275  36.153 227.300   2.194   1.335   0.173  -9.000 535.926  11.242   4.594
9015  37.859 -67.496 1 21 23  200.2  12.895  35.537 203.800  12.870  35.501 183.700   2.333   1.328   0.108  -9.000 401.538  21.895  24.791
9015  37.859 -67.496 1 20 22  400.9   8.292  35.144 157.700   8.251  35.143 156.800   1.261   0.664   0.043  -9.000 160.503  35.104 100.077
9015  37.859 -67.496 1 19 21  601.1   5.751  35.032 215.900   5.700  35.033 219.500   1.935   1.012   0.102  -9.000 214.728  32.427  73.939
9015  37.859 -67.496 1 18 20  801.7   4.684  34.978 251.300   4.621  34.979 249.200   2.693   1.407   0.168  -9.000 282.124  28.910  50.645
9015  37.859 -67.496 1 17 19 1001.1   4.418  34.984 256.400   4.340  34.984 255.500   2.425   1.239   0.152  -9.000 244.970  30.942  62.923
9015  37.859 -67.496 1 16 18 1153.4   4.171  34.971 261.600   4.081  35.217 247.700  -9.000  -9.000  -9.000  -9.000  -9.000  -9.000  -9.000
9015  37.859 -67.496 1 15 17 1297.8   3.980  34.961 264.900   3.878  34.961 264.400   2.249   1.145   0.125  -9.000 221.093  32.124  71.487
9015  37.859 -67.496 1 14 16 1498.2   3.738  34.944 268.800   3.622  34.943 269.300   2.241   1.125   0.130  -9.000 214.385  32.443  74.075
9015  37.859 -67.496 1 13 15 1702.5   3.612  34.945 269.800   3.479  34.945 269.200   1.872   0.933   0.094  -9.000 176.595  34.255  91.113
9015  37.859 -67.496 1 12 14 1902.1   3.458  34.939 272.100   3.308  34.938 273.200   1.775   0.879   0.083  -9.000 164.983  34.853  97.375
9015  37.859 -67.496 1 11 13 2053.3   3.388  34.942 270.500   3.226  34.941 271.400   1.491   0.735   0.062  -9.000 137.437  36.456 115.158
9015  37.859 -67.496 1 10 12 2302.7   3.203  34.942 269.700   3.019  34.941 270.800   1.183   0.592   0.052  -9.000 109.591  38.302 137.245
9015  37.859 -67.496 1  9 11 2602.0   2.927  34.935 270.700   2.719  34.933 269.900   1.007   0.503   0.045  -9.000  91.717  39.677 154.935
9015  37.859 -67.496 1  8 10 2901.3   2.661  34.923 270.700   2.428  34.922 271.100   0.847   0.418   0.039  -9.000  75.105  41.204 176.042
9015  37.859 -67.496 1  7  9 3150.4   2.472  34.911 271.700   2.218  34.911 271.900   0.985   0.488   0.048  -9.000  86.765  40.109 160.742
9015  37.859 -67.496 1  6  8 3401.0   2.336  34.903 271.400   2.058  34.902 271.400   0.879   0.428   0.045  -9.000  75.522  41.161 175.440
9015  37.859 -67.496 1  5  7 3600.3   2.275  34.897 270.800   1.978  34.896 270.400   0.876   0.438   0.047  -9.000  77.022  41.010 173.282
9015  37.859 -67.496 1  4  6 3750.2   2.245  34.894 270.000   1.933  34.894 269.300   0.849   0.427   0.045  -9.000  74.961  41.218 176.252
9015  37.859 -67.496 1  3  5 3901.3   2.226  34.891 269.300   1.896  34.890 268.900   0.859   0.428   0.044  -9.000  75.055  41.209 176.116
9015  37.859 -67.496 1  2  2 4273.7   2.208  34.886 267.000   1.837  34.884 266.200   0.749   0.380   0.045  -9.000  66.568  42.097 189.068
9015  37.859 -67.496 1  1  1 4450.1   2.214  34.884 265.800   1.822  34.883 266.600   0.758   0.383   0.046  -9.000  67.114  42.036 188.158
9016  37.622 -67.627 1 22 24    2.1  23.556  36.403 216.900  23.561  36.406 210.600   1.783   1.130   0.155  -9.000 539.327  10.195   4.086
9016  37.622 -67.627 1 21 23  100.9  22.530  36.599 219.000  22.515  36.595 212.700   1.916   1.202   0.165  -9.000  -9.000  -9.000  -9.000
9016  37.622 -67.627 1 20 22  298.2  17.912  36.515 163.600  17.864  36.511 191.700   1.726   1.360   0.035  -9.000 517.729  14.595   7.246
9016  37.622 -67.627 1 19 21  495.9  12.443  35.625 151.100  12.378  35.620 153.900   1.672   0.919   0.032  -9.000 272.384  29.473  53.803
9016  37.622 -67.627 1 18 20  698.5   7.240  35.089 185.200   7.173  35.086 177.000   1.409   0.750   0.054  -9.000 171.872  34.496  93.607
9016  37.622 -67.627 1 17 19  898.2   5.154  35.011 229.800   5.079  35.010 231.800   2.244   1.195   0.129  -9.000 245.717  30.905  62.673
9016  37.622 -67.627 1 16 18 1098.2   4.463  34.975 251.800   4.375  34.974 253.400   2.662   1.388   0.170  -9.000 275.060  29.318  52.917
9016  37.622 -67.627 1 15 17 1297.9   4.225  34.973 260.500   4.121  34.972 257.200   2.395   1.220   0.144  -9.000 238.712  31.257  65.071
9016  37.622 -67.627 1 14 16 1500.6   3.950  34.954 263.700   3.831  34.954 265.400   2.397   1.215   0.145  -9.000 234.218  31.483  66.667
9016  37.622 -67.627 1 13 15 1698.7   3.748  34.947 267.300   3.614  34.946 268.500   2.106   1.062   0.118  -9.000 202.496  33.005  78.971
9016  37.622 -67.627 1 12 14 1900.2   3.579  34.940 269.400   3.428  34.938 271.200   1.965   0.981   0.107  -9.000 185.338  33.808  86.612
9016  37.622 -67.627 1 11 13 2101.0   3.455  34.942 270.500   3.287  34.941 263.800   1.618   0.801   0.086  -9.000 150.323  35.676 106.343
9016  37.622 -67.627 1 10 12 2300.6   3.329  34.941 269.200   3.144  34.939 270.000   1.415   0.701   0.061  -9.000 130.658  36.878 120.045
9016  37.622 -67.627 1  9 11 2502.3   3.218  34.945 267.600   3.014  34.945 267.100   1.062   0.531   0.044  -9.000  98.381  39.144 147.942
9016  37.622 -67.627 1  8 10 2713.8   3.044  34.938 269.000   2.822  34.936 268.500   1.064   0.528   0.046  -9.000  96.896  39.262 149.486
9016  37.622 -67.627 1  7  9 2906.7   2.872  34.931 269.800   2.634  34.930 269.400   1.039   0.516   0.045  -9.000  93.801  39.510 152.728
9016  37.622 -67.627 1  6  8 3189.8   2.602  34.915 274.400   2.341  34.915 274.200   1.399   0.702   0.083  -9.000 125.716  37.201 123.851
9016  37.622 -67.627 1  5  7 3332.6   2.511  34.913 271.600   2.237  34.912 280.700   0.993   0.498   0.051  -9.000  88.737  39.931 158.338
9016  37.622 -67.627 1  4  6 3494.7   2.411  34.906 272.800   2.122  34.905 271.900   1.069   0.526   0.059  -9.000  93.203  39.558 153.361
9016  37.622 -67.627 1  3  5 3697.1   2.339  34.901 269.500   2.030  34.899 271.900   1.108   0.557   0.076  -9.000  98.299  39.150 148.028
9016  37.622 -67.627 1  2  2 3890.0   2.292  34.897 268.900   1.962  34.895 270.400   0.861   0.424   0.053  -9.000  74.630  41.252 176.731
9016  37.622 -67.627 1  1  1 4111.4   2.258  34.892 269.300   1.904  34.893 269.300   1.025   0.512   0.067  -9.000  89.946  39.822 156.874
9017  37.383 -67.797 1 22 24    4.4  23.569  36.480 213.200  23.573  36.481 208.400   1.798   1.114   0.150  -9.000 532.354  12.099   4.794
9017  37.383 -67.797 1 21 23  200.9  19.725  36.698 198.900  19.693  36.698 194.500   2.188   1.303   0.082  -9.000 535.773  11.284   4.603
9017  37.383 -67.797 1 20 22  399.4  18.048  36.556 202.600  17.983  36.556 203.600   2.309   1.358   0.048  -9.000 520.149  14.239   6.777
9017  37.383 -67.797 1 19 21  598.9  14.301  35.899 170.800  14.215  35.902 164.000   2.056   1.109   0.033  -9.000 358.681  24.447  32.797
9017  37.383 -67.797 1 18 20  799.1   9.333  35.155 131.800   9.243  35.154 137.600   0.805   0.448   0.011  -9.000 114.003  37.984 133.314
9017  37.383 -67.797 1 17 19 1000.3   6.068  35.066 212.500   5.978  35.067 205.900   1.586   0.815   0.077  -9.000 175.856  34.292  91.499
9017  37.383 -67.797 1 16 18 1199.9   4.856  35.016 242.400   4.756  35.016 236.200   2.138   1.079   0.127  -9.000 218.419  32.251  72.503
9017  37.383 -67.797 1 15 17 1397.7   4.327  34.978 252.500   4.214  34.978 248.700   2.430   1.218   0.160  -9.000 239.636  31.210  64.748
9017  37.383 -67.797 1 14 16 1599.9   4.025  34.959 262.000   3.897  34.960 264.100   2.387   1.191   0.148  -9.000 230.525  31.668  68.016
9017  37.383 -67.797 1 13 15 1799.7   3.846  34.953 265.000   3.701  34.953 265.400   1.941   0.947   0.111  -9.000 181.533  34.003  88.551
9017  37.383 -67.797 1 12 14 2002.1   3.654  34.944 267.400   3.492  34.944 270.800   1.942   0.948   0.110  -9.000 179.838  34.089  89.424
9017  37.383 -67.797 1 11 13 2200.4   3.515  34.943 268.200   3.336  34.942 271.500   1.715   0.844   0.095  -9.000 158.910  35.194 101.046
9017  37.383 -67.797 1 10 12 2401.1   3.371  34.942 268.100   3.175  34.941 269.500   1.461   0.728   0.079  -9.000 136.002  36.545 116.173
9017  37.383 -67.797 1  9 11 2600.7   3.228  34.939 268.000   3.015  34.939 213.800   1.235   0.622   0.058  -9.000 115.297  37.891 132.173
9017  37.383 -67.797 1  8 10 2850.2   2.998  34.931 268.900   2.764  34.931 271.500   1.309   0.658   0.062  -9.000 120.441  37.546 127.976
9017  37.383 -67.797 1  7  9 3101.2   2.812  34.930 268.700   2.555  34.930 267.600   0.843   0.427   0.042  -9.000  77.368  40.975 172.786
9017  37.383 -67.797 1  6  8 3350.8   2.551  34.913 270.800   2.274  34.912 274.100   1.204   0.615   0.065  -9.000 109.825  38.285 137.035
9017  37.383 -67.797 1  5  7 3600.6   2.412  34.907 268.800   2.111  34.905 272.100   0.909   0.462   0.056  -9.000  81.869  40.550 166.810
9017  37.383 -67.797 1  4  6 3901.7   2.319  34.899 267.700   1.988  34.899 268.200   0.874   0.454   0.053  -9.000  80.032  40.715 169.121
9017  37.383 -67.797 1  3  5 4200.3   2.260  34.892 266.400   1.895  34.891 263.000   0.830   0.429   0.060  -9.000  75.373  41.177 175.656
9017  37.383 -67.797 1  2  2 4498.6   2.237  34.887 264.300   1.839  34.885 263.000   0.800   0.443   0.049  -9.000  77.729  40.939 172.269
9017  37.383 -67.797 1  1  1 4784.9   2.237  34.883 259.600   1.804  34.881 263.500   0.651   0.355   0.044  -9.000  62.286  42.578 196.276
9018  37.138 -67.943 1 22 24    5.9  22.395  36.450 213.700  22.399  36.452 218.700  -9.000  -9.000  -9.000  -9.000  -9.000  -9.000  -9.000
9018  37.138 -67.943 1 21 23   98.7  21.934  36.570 212.400  21.920  36.572 211.700   1.946   1.198   0.162  -9.000 537.648  10.773   4.450
9018  37.138 -67.943 1 20 22  300.1  18.677  36.656 219.400  18.628  36.652 217.000   2.276   1.357   0.146  -9.000 534.145  11.724   4.694
9018  37.138 -67.943 1 19 21  550.0  17.802  36.531 216.200  17.711  36.543 206.200   2.321   1.359   0.092  -9.000 515.034  14.921   7.675
9018  37.138 -67.943 1 18 20  795.2  13.032  35.683 145.200  12.922  35.705 145.800   1.727   0.943   0.016  -9.000 287.343  28.645  49.225
9018  37.138 -67.943 1 17 19  953.2   9.032  35.141 133.800   8.925  35.140 132.000   0.768   0.417   0.005  -9.000 104.548  38.664 141.804
9018  37.138 -67.943 1 16 18 1199.2   5.404  34.990 221.900   5.299  34.991 224.500   2.406   1.238   0.150  -9.000 257.862  30.268  58.574
9018  37.138 -67.943 1 15 17 1449.4   4.683  34.999 247.900   4.561  34.999 245.000   2.327   1.172   0.138  -9.000 235.041  31.441  66.372
9018  37.138 -67.943 1 14 16 1599.8   4.377  34.981 257.900   4.244  34.980 253.900   2.394   1.207   0.156  -9.000 238.114  31.287  65.281
9018  37.138 -67.943 1 13 15 1848.6   3.928  34.946 264.400   3.777  34.946 265.200   2.477   1.246   0.177  -9.000 239.886  31.198  64.662
9018  37.138 -67.943 1 12 14 2048.8   3.777  34.943 266.700   3.609  -9.000  -9.000  -9.000  -9.000  -9.000  -9.000  -9.000  -9.000  -9.000
9018  37.138 -67.943 1 11 13 2299.7   3.593  34.939 267.900   3.403  34.939 262.800   1.897   0.939   0.104  -9.000 177.537  34.207  90.620
9018  37.138 -67.943 1 10 12 2550.5   3.410  34.943 267.800   3.198  34.941 265.400   1.450   0.717   0.082  -9.000 134.231  36.653 117.429
9018  37.138 -67.943 1  9 11 2850.3   3.215  34.941 267.400   2.976  34.940 270.200   1.206   0.598   0.060  -9.000 110.773  38.216 136.186
9018  37.138 -67.943 1  8 10 3098.7   2.945  34.930 268.200   2.686  34.929 265.100   1.220   0.605   0.061  -9.000 110.418  38.242 136.503
9018  37.138 -67.943 1  7  9 3348.1   2.705  34.921 269.400   2.424  34.920 269.800   1.158   0.580   0.068  -9.000 104.464  38.670 141.880
9018  37.138 -67.943 1  6  8 3597.3   2.535  34.914 267.900   2.232  34.913 269.900   0.833   0.418   0.057  -9.000  74.581  41.257 176.801
9018  37.138 -67.943 1  5  7 3800.1   2.422  34.906 268.200   2.099  34.905 268.300   0.907   0.455   0.059  -9.000  80.672  40.657 168.315
9018  37.138 -67.943 1  4  6 4009.1   2.346  34.900 267.900   2.001  34.898 270.900   0.916   0.460   0.060  -9.000  81.211  40.609 167.636
9018  37.138 -67.943 1  3  5 4213.8   2.286  34.894 267.500   1.920  34.896 265.400   0.916   0.471   0.066  -9.000  82.873  40.459 165.555
9018  37.138 -67.943 1  2  2 4700.1   2.250  34.886 263.100   1.827  34.884 262.900   0.747   0.387   0.055  -9.000  67.951  41.942 186.767
9018  37.138 -67.943 1  1  1 4998.8   2.207  34.876 256.000   1.748  34.876 260.600   0.351   0.200   0.031  -9.000  35.030  46.784 262.206
9019  36.895 -66.090 1 22 24    4.1  22.352  36.439 212.900  22.356  36.439 229.200   1.877   1.166   0.162  -9.000 531.278  12.314   4.877
9019  36.895 -66.090 1 21 23  195.0  18.701  36.623 215.000  18.671  36.626 224.500   2.240   1.336   0.124  -9.000 526.237  13.257   5.597
9019  36.895 -66.090 1 20 22  402.1  18.094  36.594 217.000  18.028  36.593 221.500   2.297   1.377   0.129  -9.000 528.639  12.836   5.205
9019  36.895 -66.090 1 19 21  651.5  16.489  36.286 188.500  16.385  36.274 190.700   2.281   1.294   0.061  -9.000 462.552  18.923  15.173
9019  36.895 -66.090 1 18 20  951.3  10.090  35.316 149.500   9.977  35.328 149.200   1.198   0.652   0.021  -9.000 172.397  34.469  93.327
9019  36.895 -66.090 1 17 19 1101.0   7.391  35.102 172.800   7.279  35.111 173.100   1.194   0.619   0.044  -9.000 142.959  36.118 111.293
9019  36.895 -66.090 1 16 18 1299.9   5.213  35.019 228.700   5.100  35.023 227.700   2.136   1.110   0.134  -9.000 228.962  31.747  68.598
9019  36.895 -66.090 1 15 17 1501.0   4.572  34.990 243.700   4.446  34.994 249.600   2.365   1.201   0.139  -9.000 239.422  31.221  64.823
9019  36.895 -66.090 1 14 16 1650.5   4.267  34.964 257.500   4.131  34.964 262.400   2.639   1.360   0.172  -9.000 266.679  29.802  55.732
9019  36.895 -66.090 1 13 15 1889.5   4.053  34.961 261.500   3.896  34.961 262.700   2.294   1.149   0.145  -9.000 222.737  32.045  70.873
9019  36.895 -66.090 1 12 14 2099.2   3.800  34.945 265.100   3.626  36.202 223.300   1.977   1.160   0.146  -9.000 221.796  32.090  71.223
9019  36.895 -66.090 1 11 13 2349.5   3.670  34.951 266.000   3.474  34.952 270.400   1.692   0.832   0.099  -9.000 157.982  35.246 101.612
9019  36.895 -66.090 1 10 12 2650.2   3.474  34.947 266.700   3.251  34.947 269.700   1.397   0.685   0.070  -9.000 128.692  37.006 121.552
9019  36.895 -66.090 1  9 11 2949.5   3.291  34.947 265.300   3.040  34.946 269.000   1.106   0.546   0.056  -9.000 101.565  38.889 144.664
9019  36.895 -66.090 1  8 10 3100.6   3.157  34.942 265.700   2.893  34.941 265.400   1.032   0.515   0.050  -9.000  95.098  39.406 151.366
9019  36.895 -66.090 1  7  9 3342.5   2.959  34.931 267.500   2.673  34.932 262.000   1.115   0.555   0.053  -9.000 101.372  38.904 144.861
9019  36.895 -66.090 1  6  8 3548.3   2.751  34.921 268.800   2.448  34.921 262.100   1.235   0.608   0.061  -9.000 109.784  38.288 137.072
9019  36.895 -66.090 1  5  7 3664.5   2.634  34.914 270.200   2.320  34.913 264.300   1.400   0.692   0.083  -9.000 124.143  37.304 125.075
9019  36.895 -66.090 1  4  6 4000.8   2.433  34.905 268.900   2.087  34.904 269.300   1.106   0.548   0.074  -9.000  97.219  39.236 149.148
9019  36.895 -66.090 1  3  5 4300.3   2.326  34.896 267.200   1.948  34.896 265.600   1.031   0.512   0.070  -9.000  90.289  39.791 156.460
9019  36.895 -66.090 1  2  2 4650.2   2.275  34.889 264.300   1.857  34.888 264.500   0.880   0.444   0.056  -9.000  78.071  40.904 171.781
9019  36.895 -66.090 1  1  1 5016.4   2.251  34.881 258.400   1.789  34.880 255.500   0.564   0.297   0.045  -9.000  52.149  43.842 215.772
