2004sep
      2004.71
STN   LAT    LON CAST SAMP BTL CTDPRS CTDTMP CTDSAL CTDOXY   THETA   SALNTY  OXYGEN  CFC-11  CFC-12  CFC113  SF6  pCFC-12 CFC12age Mean Age
9026  33.788 -66.000 1 20 22   18.2  27.458  36.401 203.800  27.460  36.401 211.100   1.747   1.078   0.149  -9.000  -9.000  -9.000  -9.000
9026  33.788 -66.000 1 19 21  251.8  18.979  36.627 209.400  18.938  36.630 208.300   2.364   1.403   0.091  -9.000  -9.000  -9.000  -9.000
9026  33.788 -66.000 1 18 20  448.9  18.161  36.542 202.000  18.087  36.542  89.800   2.422   1.411   0.080  -9.000 542.944   5.932   2.362
9026  33.788 -66.000 1 17 19  649.8  15.849  36.153 180.900  15.748  36.163 182.700   2.320   1.298   0.039  -9.000 450.680  16.898  14.938
9026  33.788 -66.000 1 16 18  903.2  10.406  35.343 148.700  10.297  -9.000  -9.000  -9.000  -9.000  -9.000  -9.000  -9.000  -9.000  -9.000
9026  33.788 -66.000 1 15 17 1201.7   5.786  35.068 215.500   5.677  35.069 215.600   1.643   0.819   0.081  -9.000 174.157  31.799  83.690
9026  33.788 -66.000 1 14 16 1450.7   4.771  35.033 246.100   4.648  35.034 245.000   1.912   0.940   0.103  -9.000 189.460  31.034  76.641
9026  33.788 -66.000 1 13 15 1650.5   4.285  34.994 256.900   4.149  34.992 255.900   1.978   0.983   0.114  -9.000 193.001  30.869  75.179
9026  33.788 -66.000 1 12 14 1900.7   3.990  34.988 259.500   3.833  34.988 260.300   1.544   0.749   0.085  -9.000 144.744  33.428  99.850
9026  33.788 -66.000 1 11 13 2202.0   3.654  34.966 265.700   3.473  34.966 264.600   1.386   0.666   0.077  -9.000 126.371  34.578 112.039
9026  33.788 -66.000 1 10 12 2547.9   3.366  34.960 264.000   3.155  34.959 263.600   0.906   0.420   0.035  -9.000  78.456  38.285 156.793
9026  33.788 -66.000 1  9 11 2902.7   3.069  34.950 263.300   2.828  34.950 263.300   0.586   0.272   0.021  -9.000  49.991  41.584 202.884
9026  33.788 -66.000 1  8 10 3202.2   2.792  34.933 265.800   2.525  34.933 266.000   0.602   0.279   0.022  -9.000  50.497  41.509 201.786
9026  33.788 -66.000 1  7  9 3502.2   2.547  34.919 267.200   2.254  34.918 267.300   0.620   0.286   0.033  -9.000  51.065  41.424 200.558
9026  33.788 -66.000 1  6  8 3701.3   2.427  34.910 267.300   2.115  34.910 268.200   0.675   0.318   0.041  -9.000  56.399  40.716 190.363
9026  33.788 -66.000 1  5  7 3899.6   2.338  34.902 266.600   2.006  34.902 267.300   0.666   0.319   0.041  -9.000  56.295  40.730 190.552
9026  33.788 -66.000 1  4  6 4152.0   2.277  34.896 265.000   1.918  34.897 265.400   0.614   0.300   0.047  -9.000  52.760  41.177 196.985
9026  33.788 -66.000 1  3  5 4450.7   2.255  34.890 262.900   1.862  -9.000  -9.000   0.608   0.308   0.044  -9.000  54.097  41.008 194.546
9026  33.788 -66.000 1  2  4 4798.7   2.266  34.887 261.600   1.830  34.885 262.500   0.472   0.264   0.043  -9.000  46.396  42.121 210.688
9026  33.788 -66.000 1  1  3 5201.8   2.246  34.878 260.100   1.760  34.878 258.000   0.273   0.139   0.025  -9.000  24.399  46.916 283.098
9025  34.259 -65.706 1 19 21  151.0  20.481  36.725 206.400  20.457  36.742 199.300   2.231   1.334   0.107  -9.000  -9.000  -9.000  -9.000
9025  34.259 -65.706 1 18 20  304.0  18.832  36.614 207.000  18.782  36.614 208.500   2.387   1.406   0.075  -9.000  -9.000  -9.000  -9.000
9025  34.259 -65.706 1 17 19  601.7  16.527  36.270 188.100  16.432  36.273 186.600   2.375   1.329   0.041  -9.000 475.763  15.641  11.665
9025  34.259 -65.706 1 16 18  901.2  10.506  35.351 146.600  10.396  35.360 144.700   1.203   0.614   0.020  -9.000 165.684  32.233  87.870
9025  34.259 -65.706 1 15 17 1201.2   5.662  35.048 214.900   5.554  35.046 218.200   1.820   0.910   0.102  -9.000 192.226  30.905  75.497
9025  34.259 -65.706 1 14 16 1401.7   4.784  35.015 242.500   4.665  35.015 246.700   2.113   1.067   0.126  -9.000 215.168  29.826  66.632
9025  34.259 -65.706 1 13 15 1602.2   4.300  34.987 256.300   4.168  34.987 255.500   2.112   1.039   0.120  -9.000 204.141  30.348  70.754
9025  34.259 -65.706 1 12 14 1901.6   3.877  34.962 264.800   3.722  34.962 264.100   1.861   0.897   0.108  -9.000 172.251  31.896  84.616
9025  34.259 -65.706 1 11 13 2202.2   3.627  34.953 268.500   3.446  34.952 265.700   1.589   0.769   0.083  -9.000 145.685  33.370  99.256
9025  34.259 -65.706 1 10 12 2500.4   3.434  34.957 266.700   3.227  34.956 264.400   1.085   0.516   0.060  -9.000  96.742  36.695 136.548
9025  34.259 -65.706 1  9 11 2848.3   3.163  34.954 263.800   2.925  34.954 262.600   0.585   0.272   0.029  -9.000  50.249  41.546 202.326
9025  34.259 -65.706 1  8 10 3101.6   2.965  34.942 265.300   2.705  34.941 264.300   0.598   0.280   0.028  -9.000  51.165  41.409 200.342
9025  34.259 -65.706 1  7  9 3403.2   2.680  34.926 267.700   2.394  34.925 268.300   0.600   0.273   0.033  -9.000  49.105  41.717 204.803
9025  34.259 -65.706 1  6  8 3605.0   2.498  34.914 268.600   2.194  34.914 267.800   0.613   0.287   0.039  -9.000  51.102  41.419 200.479
9025  34.259 -65.706 1  5  7 3792.2   2.421  34.909 268.600   2.099  34.909 267.900   0.610   0.283   0.039  -9.000  50.174  41.557 202.487
9025  34.259 -65.706 1  4  6 4049.9   2.337  34.901 267.800   1.988  34.902 264.300   0.620   0.289   0.035  -9.000  50.997  41.434 200.707
9025  34.259 -65.706 1  3  5 4448.6   2.285  34.892 265.600   1.891  34.892 265.000   0.600   0.285   0.047  -9.000  50.142  41.562 202.556
9025  34.259 -65.706 1  2  4 4863.8   2.281  34.887 262.900   1.837  34.887 262.300   0.488   0.231   0.040  -9.000  40.630  43.101 224.999
9025  34.259 -65.706 1  1  3 5303.2   2.237  34.874 256.200   1.739  34.871 256.300   0.252   0.133   0.033  -9.000  23.333  47.231 288.246
9024  34.740 -65.424 1 20 22    8.2  27.268  36.330 201.500  27.273  36.331 211.500   1.729   1.056   0.156  -9.000  -9.000  -9.000  -9.000
9024  34.740 -65.424 1 19 21  149.6  20.027  36.679 209.900  20.003  36.690 210.800   2.297   1.361   0.151  -9.000  -9.000  -9.000  -9.000
9024  34.740 -65.424 1 18 20  300.2  18.933  36.623 208.700  18.883  36.623 210.200   2.379   1.409   0.101  -9.000  -9.000  -9.000  -9.000
9024  34.740 -65.424 1 17 19  599.3  16.833  36.319 185.300  16.737  36.326 185.400   2.389   1.332   0.042  -9.000 483.390  15.221  10.745
9024  34.740 -65.424 1 16 18  901.7  11.900  35.523 150.600  11.781  -9.000 205.600   1.721   1.051   0.158  -9.000 303.437  25.323  40.795
9024  34.740 -65.424 1 15 17 1200.3   6.111  35.061 206.300   6.000  -9.000  -9.000  -9.000  -9.000  -9.000  -9.000  -9.000  -9.000  -9.000
9024  34.740 -65.424 1 14 16 1402.1   5.031  35.040 238.700   4.910  35.040 238.500   1.963   0.980   0.127  -9.000 200.267  30.529  72.261
9024  34.740 -65.424 1 13 15 1600.8   4.503  35.011 252.500   4.369  35.010 251.200   1.912   0.947   0.103  -9.000 188.136  31.096  77.196
9024  34.740 -65.424 1 12 14 1900.2   4.029  34.978 261.700   3.872  34.978 261.600   1.738   0.844   0.109  -9.000 163.430  32.360  89.108
9024  34.740 -65.424 1 11 13 2199.9   3.677  34.956 267.100   3.496  34.956 266.500   1.618   0.776   0.094  -9.000 147.410  33.265  98.170
9024  34.740 -65.424 1 10 12 2501.3   3.462  34.952 267.400   3.254  34.956  -9.000   1.285   0.612   0.074  -9.000 114.909  35.339 120.529
9024  34.740 -65.424 1  9 11 2799.9   3.247  34.952 264.800   3.013  34.953 266.000   0.848   0.413   0.048  -9.000  76.646  38.468 159.220
9024  34.740 -65.424 1  8 10 3099.2   3.018  34.944 264.700   2.757  34.944 265.100   0.626   0.289   0.032  -9.000  52.964  41.151 196.613
9024  34.740 -65.424 1  7  9 3402.9   2.743  34.928 267.500   2.456  34.927 268.000   0.709   0.336  -9.000  -9.000  60.648  40.182 182.763
9024  34.740 -65.424 1  6  8 3599.2   2.602  34.920 268.100   2.296  34.919 269.000   0.669   0.319   0.033  -9.000  57.131  40.624 189.038
9024  34.740 -65.424 1  5  7 3801.6   2.469  34.911 268.300   2.145  34.910 268.600   0.626   0.291   0.026  -9.000  51.731  41.325 199.121
9024  34.740 -65.424 1  4  6 4049.8   2.375  34.903 267.600   2.025  34.902 268.000   0.652   0.308   0.042  -9.000  54.465  40.961 193.877
9024  34.740 -65.424 1  3  5 4450.2   2.299  34.894 265.600   1.904  34.893 265.800   0.577   0.274   0.037  -9.000  48.246  41.845 206.669
9024  34.740 -65.424 1  2  4 4866.2   2.281  34.887 262.800   1.836  34.886 262.800   0.496   0.234   0.033  -9.000  41.158  43.010 223.668
9024  34.740 -65.424 1  1  3 5262.7   2.231  34.874 256.900   1.738  34.874 266.900   0.245   0.132   0.026  -9.000  23.150  47.288 289.189
9023  35.228 -65.128 1 20 22    6.6  27.130  36.433 202.800  27.135  36.435 211.400   1.754   1.067   0.158  -9.000  -9.000  -9.000  -9.000
9023  35.228 -65.128 1 19 21  151.1  19.890  36.666 205.800  19.866  36.669 204.200   2.280   1.334   0.129  -9.000  -9.000  -9.000  -9.000
9023  35.228 -65.128 1 18 20  302.4  18.886  36.620 208.900  18.836  36.620 206.900   2.384   1.399   0.095  -9.000  -9.000  -9.000  -9.000
9023  35.228 -65.128 1 17 19  599.9  16.634  36.285 182.900  16.538  36.297 183.500   2.389   1.323   0.040  -9.000 475.873  15.635  11.651
9023  35.228 -65.128 1 16 18  904.5  10.458  35.348 144.600  10.349  35.360 143.400   1.218   0.609   0.023  -9.000 163.950  32.331  88.821
9023  35.228 -65.128 1 15 17 1204.3   5.709  35.065 220.700   5.601  -9.000  -9.000   2.397   1.418   0.090  -9.000 300.324  25.467  41.420
9023  35.228 -65.128 1 14 16 1502.5   4.512  35.005 252.200   4.387  35.002 250.700   2.125   1.050   0.129  -9.000 208.685  30.135  69.025
9023  35.228 -65.128 1 13 15 1700.5   4.127  34.975 259.300   3.987  34.973 259.900   2.110   1.028   0.127  -9.000 200.099  30.537  72.326
9023  35.228 -65.128 1 12 14 2002.9   3.743  34.949 265.600   3.580  34.947 266.500   1.971   0.949   0.115  -9.000 180.905  31.455  80.463
9023  35.228 -65.128 1 11 13 2248.7   3.553  34.942 269.300   3.369  34.941 268.300   1.781   0.858   0.097  -9.000 161.877  32.447  89.966
9023  35.228 -65.128 1 10 12 2549.8   3.382  34.947 267.300   3.171  34.946 267.400   1.288   0.613   0.063  -9.000 114.592  35.362 120.788
9023  35.228 -65.128 1  9 11 2845.1   3.177  34.945 263.600   2.940  34.944 266.700   0.979   0.461   0.043  -9.000  85.222  37.667 148.740
9023  35.228 -65.128 1  8 10 3201.0   2.876  34.936 264.900   2.607  34.936 266.000   0.660   0.309   0.023  -9.000  56.188  40.743 190.746
9023  35.228 -65.128 1  7  9 3500.4   2.650  34.923 268.100   2.355  34.922 267.300   0.641   0.298   0.029  -9.000  53.512  41.082 195.614
9023  35.228 -65.128 1  6  8 3700.0   2.516  34.914 268.400   2.202  34.914 268.300   0.770   0.357   0.042  -9.000  63.629  39.847 178.054
9023  35.228 -65.128 1  5  7 3901.9   2.400  34.906 267.900   2.066  34.906 268.800   0.723   0.334   0.039  -9.000  59.147  40.369 185.402
9023  35.228 -65.128 1  4  6 4147.7   2.329  34.899 266.900   1.969  34.898 267.500   0.676   0.315   0.044  -9.000  55.559  40.823 191.885
9023  35.228 -65.128 1  3  5 4400.5   2.294  34.894 265.000   1.905  34.893 265.600   0.613   0.285   0.040  -9.000  50.168  41.558 202.501
9023  35.228 -65.128 1  2  4 4799.3   2.270  34.886 262.700   1.834  34.885 262.300   0.523   0.249   0.041  -9.000  43.769  42.560 217.092
9023  35.228 -65.128 1  1  3 5160.9   2.231  34.876 257.700   1.751  34.875 257.600   0.328   0.169   0.048  -9.000  29.640  45.442 259.888
9022  35.698 -66.811 1 20 22    7.8  26.850  36.417 202.700  26.855  36.416 203.500   1.774   1.094   0.120  -9.000  -9.000  -9.000  -9.000
9022  35.698 -66.811 1 19 21  252.3  18.818  36.612 191.400  18.777  36.615 191.700   2.436   1.425   0.033  -9.000  -9.000  -9.000  -9.000
9022  35.698 -66.811 1 18 20  501.1  16.672  36.292 185.000  16.593  36.299 184.900   2.433   1.329   0.039  -9.000 478.849  15.471  11.280
9022  35.698 -66.811 1 17 19  803.7  11.092  35.425 144.400  10.991  35.429 145.400   1.340   0.690   0.020  -9.000 191.597  30.934  75.757
9022  35.698 -66.811 1 16 18 1004.0   7.230  35.112 180.500   7.130  36.607 191.900   2.430   1.429   0.043  -9.000 327.388  23.946  35.551
9022  35.698 -66.811 1 15 17 1252.6   5.023  35.019 234.200   4.917  -9.000  -9.000  -9.000  -9.000  -9.000  -9.000  -9.000  -9.000  -9.000
9022  35.698 -66.811 1 14 16 1501.9   4.366  34.983 256.400   4.242  34.985 254.900   2.329   1.168   0.133  -9.000 230.290  29.100  61.453
9022  35.698 -66.811 1 13 15 1701.6   4.126  34.976 260.400   3.987  34.976 259.600   2.022   1.001   0.108  -9.000 194.834  30.783  74.431
9022  35.698 -66.811 1 12 14 1900.8   3.910  34.962 264.000   3.754  34.962 264.200   1.957   0.941   0.104  -9.000 181.022  31.449  80.408
9022  35.698 -66.811 1 11 13 2202.8   3.613  34.945 268.800   3.432  34.946 268.400   1.785   0.870   0.088  -9.000 164.678  32.290  88.422
9022  35.698 -66.811 1 10 12 2500.3   3.422  34.941 269.700   3.215  34.942 270.000   1.576   0.771   0.066  -9.000 144.431  33.447 100.048
9022  35.698 -66.811 1  9 11 2801.6   3.229  34.945 267.600   2.995  34.945 267.700   1.117   0.541   0.051  -9.000 100.295  36.410 133.099
9022  35.698 -66.811 1  8 10 3047.9   3.060  34.942 266.300   2.803  34.943 266.500   0.857   0.410   0.021  -9.000  75.310  38.603 161.022
9022  35.698 -66.811 1  7  9 3350.1   2.810  34.930 267.900   2.527  34.930 267.900   0.820   0.390   0.030  -9.000  70.655  39.073 167.373
9022  35.698 -66.811 1  6  8 3602.7   2.613  34.919 269.200   2.307  34.919 269.500   0.831   0.394   0.033  -9.000  70.605  39.078 167.443
9022  35.698 -66.811 1  5  7 3848.5   2.453  34.908 269.700   2.124  34.914 270.200   0.937   0.455   0.043  -9.000  80.811  38.065 153.896
9022  35.698 -66.811 1  4  6 4101.7   2.370  34.901 268.800   2.014  34.902 269.600   0.951   0.452   0.045  -9.000  79.906  38.146 154.965
9022  35.698 -66.811 1  3  5 4398.5   2.311  34.895 267.500   1.922  34.895 266.800   0.751   0.359   0.036  -9.000  63.254  39.889 178.645
9022  35.698 -66.811 1  2  4 4800.4   2.286  34.888 264.800   1.849  34.889 265.100   0.732   0.346   0.036  -9.000  60.875  40.156 182.401
9022  35.698 -66.811 1  1  3 5174.4   2.291  34.883 261.700   1.807  34.885 261.900   0.613   0.289   0.038  -9.000  50.858  41.455 201.005
9021  36.200 -66.543 1 19 21  250.5  18.989  36.626 204.600  18.948  36.626 211.500   2.380   1.405   0.068  -9.000  -9.000  -9.000  -9.000
9021  36.200 -66.543 1 18 20  499.8  17.246  36.393 188.600  17.165  36.397 190.600   2.419   1.362   0.036  -9.000 503.451  13.517   8.126
9021  36.200 -66.543 1 17 19  801.7  11.548  35.488 152.500  11.445  35.497 148.100   1.452   0.758   0.030  -9.000 215.193  29.825  66.623
9021  36.200 -66.543 1 16 18 1001.9   7.499  35.126 167.900   7.398  35.142 174.900   1.184   0.582   0.042  -9.000 135.181  34.015 105.984
9021  36.200 -66.543 1 15 17 1252.2   5.006  35.021 230.900   4.899  35.020 236.600   2.067   1.043   0.121  -9.000 212.819  29.938  67.484
9021  36.200 -66.543 1 14 16 1502.4   4.373  34.980 254.500   4.249  34.985 255.100   2.322   1.151   0.145  -9.000 227.014  29.262  62.559
9021  36.200 -66.543 1 13 15 1700.0   4.065  34.967 260.500   3.927  34.966 261.100   2.192   1.084   0.136  -9.000 210.281  30.058  68.424
9021  36.200 -66.543 1 12 14 1897.9   3.894  34.959 264.100   3.739  34.958 263.900   1.987   0.967   0.113  -9.000 185.856  31.203  78.155
9021  36.200 -66.543 1 11 13 2202.3   3.602  34.942 268.300   3.421  34.941 269.400   1.864   0.898   0.105  -9.000 169.871  32.018  85.781
9021  36.200 -66.543 1 10 12 2601.3   3.380  34.948 267.700   3.163  34.944 267.200   1.257   0.597   0.064  -9.000 111.590  35.578 123.270
9021  36.200 -66.543 1  9 11 2800.8   3.241  34.946 266.400   3.006  34.944 266.700   1.108   0.533   0.053  -9.000  98.877  36.524 134.470
9021  36.200 -66.543 1  8 10 3056.4   3.035  34.942 266.900   2.779  34.940 266.500   0.875   0.415   0.040  -9.000  76.125  38.521 159.923
9021  36.200 -66.543 1  7  9 3352.8   2.765  34.926 269.500   2.482  34.925 269.000   0.966   0.453   0.052  -9.000  81.863  37.970 152.656
9021  36.200 -66.543 1  6  8 3600.6   2.538  34.914 270.400   2.234  34.913 270.700   0.997   0.474   0.058  -9.000  84.586  37.725 149.477
9021  36.200 -66.543 1  5  7 3849.4   2.402  34.906 269.200   2.074  34.908 269.000   0.887   0.415   0.050  -9.000  73.499  38.786 163.481
9021  36.200 -66.543 1  4  6 4097.1   2.329  34.899 269.000   1.974  34.897 268.700   0.969   0.454   0.055  -9.000  80.076  38.131 154.763
9021  36.200 -66.543 1  3  5 4401.1   2.284  34.893 268.000   1.896  34.891 268.000   1.014   0.475   0.063  -9.000  83.566  37.817 150.664
9021  36.200 -66.543 1  2  4 4699.7   2.265  34.888 266.000   1.842  34.886 265.200   0.835   0.400   0.054  -9.000  70.294  39.110 167.871
9021  36.200 -66.543 1  1  3 5040.0   2.272  34.883 262.000   1.805  34.882 261.700  -9.000  -9.000  -9.000  -9.000  -9.000  -9.000  -9.000
9020  36.621 -66.208 1 20 22  252.3  19.356  36.647 208.600  19.315  -9.000  -9.000   2.341   1.378   0.123  -9.000  -9.000  -9.000  -9.000
9020  36.621 -66.208 1 19 21  451.1  18.220  36.541 197.600  18.145  36.540 197.900   2.425   1.412   0.058  -9.000 544.667   4.895   1.724
9020  36.621 -66.208 1 18 20  651.8  16.027  36.183 180.000  15.925  36.192 179.700   2.330   1.288   0.039  -9.000 450.821  16.891  14.919
9020  36.621 -66.208 1 17 19  900.5  10.689  35.377 147.300  10.578  35.378 145.800   1.324   0.688   0.030  -9.000 187.329  31.134  77.534
9020  36.621 -66.208 1 16 18 1148.8   6.010  35.045 202.000   5.905  35.046 205.600   1.749   0.889   0.087  -9.000 191.207  30.953  75.917
9020  36.621 -66.208 1 15 17 1399.8   4.689  35.013 244.500   4.572  -9.000  -9.000  -9.000  -9.000  -9.000  -9.000  -9.000  -9.000  -9.000
9020  36.621 -66.208 1 14 16 1647.9   4.187  34.981 257.400   4.052  34.980 257.800   2.050   1.002   0.118  -9.000 195.677  30.744  74.091
9020  36.621 -66.208 1 13 15 1900.1   3.826  34.953 264.800   3.672  -9.000 264.400   2.029   0.980   0.114  -9.000 187.656  31.119  77.397
9020  36.621 -66.208 1 12 14 2198.6   3.568  34.939 268.500   3.388  34.937 269.900   1.876   0.919   0.118  -9.000 173.520  31.831  84.000
9020  36.621 -66.208 1 11 13 2400.0   3.488  34.947 267.300   3.290  34.945 268.300   1.496   0.735   0.085  -9.000 138.189  33.830 104.035
9020  36.621 -66.208 1 10 12 2650.0   3.332  34.949 266.500   3.111  34.946 267.000   1.171   0.563   0.059  -9.000 104.964  36.054 128.844
9020  36.621 -66.208 1  9 11 2948.8   3.080  34.944 265.500   2.834  34.943 266.300   0.820   0.377   0.038  -9.000  69.326  39.207 169.206
9020  36.621 -66.208 1  8 10 3247.2   2.839  34.932 266.900   2.566  34.931 267.600   0.792   0.373   0.038  -9.000  67.684  39.391 171.733
9020  36.621 -66.208 1  7  9 3499.8   2.599  34.919 268.000   2.304  34.918 268.900   0.790   0.370   0.041  -9.000  66.253  39.552 173.955
9020  36.621 -66.208 1  6  8 3749.0   2.464  34.910 268.600   2.145  34.908 269.600   0.870   0.405   0.051  -9.000  71.976  38.940 165.560
9020  36.621 -66.208 1  5  7 4002.5   2.390  34.904 268.200   2.045  34.903 268.900   0.860   0.401   0.058  -9.000  70.971  39.041 166.938
9020  36.621 -66.208 1  4  6 4296.3   2.317  34.896 267.300   1.940  34.894 267.800   0.859   0.400   0.062  -9.000  70.503  39.089 167.583
9020  36.621 -66.208 1  3  5 4597.9   2.280  34.890 265.400   1.868  34.889 265.600   0.800   0.372   0.057  -9.000  65.429  39.645 175.238
9020  36.621 -66.208 1  2  4 5041.5   2.272  34.883 262.500   1.806  34.870 262.600   0.742   0.365   0.051  -9.000  64.165  39.787 177.214
9020  36.621 -66.208 1  1  3 5041.5   2.272  34.883 262.500   1.806  34.880 263.100   0.741   0.374   0.050  -9.000  65.747  39.609 174.741
9019  36.895 -66.090 1 20 22    6.5  27.356  36.379 200.000  27.361  36.378 210.700   1.714   1.060   0.161  -9.000  -9.000  -9.000  -9.000
9019  36.895 -66.090 1 19 21  150.8  21.590  36.748 212.700  21.565  36.742 210.900   2.192   1.329   0.163  -9.000  -9.000  -9.000  -9.000
9019  36.895 -66.090 1 18 20  406.4  18.507  36.582 205.700  18.439  36.581 205.800   2.416   1.411   0.096  -9.000  -9.000  -9.000  -9.000
9019  36.895 -66.090 1 17 19  723.4  14.925  35.993 172.200  14.817  35.994 173.300   2.207   1.204   0.044  -9.000 400.763  19.359  22.228
9019  36.895 -66.090 1 16 18  953.8   9.809  35.270 143.700   9.697  35.277 145.400   1.097   0.557   0.022  -9.000 145.225  33.399  99.546
9019  36.895 -66.090 1 15 17 1149.7   6.651  35.096 194.300   6.541  -9.000  -9.000  -9.000  -9.000  -9.000  -9.000  -9.000  -9.000  -9.000
9019  36.895 -66.090 1 14 16 1348.6   4.985  35.028 238.900   4.869  -9.000  -9.000  -9.000  -9.000  -9.000  -9.000  -9.000  -9.000  -9.000
9019  36.895 -66.090 1 13 15 1549.1   4.395  34.992 253.500   4.267  34.988 253.700   2.111   1.042   0.134  -9.000 205.785  30.271  70.127
9019  36.895 -66.090 1 12 14 1751.3   4.117  34.976 259.600   3.973  34.977 259.400   2.005   0.968   0.122  -9.000 188.319  31.088  77.119
9019  36.895 -66.090 1 11 13 2001.6   3.826  34.957 266.100   3.661  34.976 259.200   1.989   0.971   0.117  -9.000 185.940  31.199  78.120
9019  36.895 -66.090 1 10 12 2248.2   3.604  34.945 268.400   3.419  34.943 268.400   1.758   0.827   0.109  -9.000 156.463  32.751  92.982
9019  36.895 -66.090 1  9 11 2552.3   3.401  34.949 266.900   3.189  34.947 267.400   1.279   0.601   0.066  -9.000 112.467  35.515 122.542
9019  36.895 -66.090 1  8 10 2853.5   3.192  34.946 265.900   2.953  34.948 266.700   0.972   0.450   0.036  -9.000  83.257  37.844 151.025
9019  36.895 -66.090 1  7  9 3149.9   2.963  34.939 267.100   2.697  34.940 266.800   0.794   0.357   0.035  -9.000  65.227  39.668 175.553
9019  36.895 -66.090 1  6  8 3402.4   2.734  34.926 268.300   2.447  34.926 269.100   0.867   0.402   0.036  -9.000  72.523  38.884 164.811
9019  36.895 -66.090 1  5  7 3652.9   2.533  34.914 268.700   2.224  34.916 269.700   0.890   0.403   0.046  -9.000  71.896  38.948 165.669
9019  36.895 -66.090 1  4  6 3900.9   2.399  34.905 268.100   2.065  34.905 268.700   0.845   0.386   0.049  -9.000  68.349  39.317 170.706
9019  36.895 -66.090 1  3  5 4204.4   2.307  34.896 266.800   1.941  34.897 267.700   0.907   0.421   0.054  -9.000  74.163  38.719 162.577
9019  36.895 -66.090 1  2  4 4604.4   2.270  34.889 264.700   1.858  34.889 265.100   0.771   0.360   0.052  -9.000  63.283  39.886 178.599
9019  36.895 -66.090 1  1  3 5010.7   2.274  34.884 262.600   1.811  34.884 262.900   0.746   0.346   0.051  -9.000  60.832  40.161 182.471
9018  37.138 -67.943 1 19 22  205.7  19.769  36.661 204.700  19.735  -9.000  -9.000   2.421   1.385   0.025  -9.000  -9.000  -9.000  -9.000
9018  37.138 -67.943 1 18 21  548.2  17.500  36.429 187.900  17.410  36.430 188.100   1.189   0.604   0.018  -9.000 225.767  29.321  62.971
9018  37.138 -67.943 1 17 20  903.7  10.620  35.354 141.700  10.510  35.353 139.700   1.256   0.619   0.043  -9.000 167.951  32.115  86.725
9018  37.138 -67.943 1 16 19 1102.0   6.893  35.096 183.800   6.786  35.096 186.300   2.104   1.039   0.112  -9.000 233.956  28.916  60.225
9018  37.138 -67.943 1 15 18 1349.8   4.899  35.016 241.100   4.784  35.015 239.700   1.849   0.898   0.095  -9.000 182.192  31.389  79.857
9018  37.138 -67.943 1 14 17 1525.7   4.589  35.018 253.600   4.460  -9.000  -9.000  -9.000  -9.000  -9.000  -9.000  -9.000  -9.000  -9.000
9018  37.138 -67.943 1 13 16 1752.3   4.105  34.973 262.800   3.961  34.971 259.000   2.071   1.025   0.134  -9.000 199.275  30.576  72.651
9018  37.138 -67.943 1 12 15 1947.1   3.871  34.958 267.800   3.711  34.958 264.000   1.942   0.928   0.117  -9.000 178.139  31.596  81.776
9018  37.138 -67.943 1 11 14 2148.7   3.672  34.948 270.100   3.496  34.947 268.100   1.816   0.874   0.109  -9.000 165.968  32.217  87.715
9018  37.138 -67.943 1 10 13 2400.6   3.469  34.940 272.300   3.271  34.940 269.700   1.689   0.821   0.100  -9.000 154.191  32.879  94.261
9018  37.138 -67.943 1  9 12 2700.0   3.284  34.950 267.900   3.060  34.949 266.200   1.035   0.500   0.041  -9.000  92.976  36.996 140.259
9018  37.138 -67.943 1  8 11 3001.6   3.018  34.941 267.300   2.767  34.940 266.900   0.814   0.377   0.028  -9.000  69.089  39.234 169.566
9018  37.138 -67.943 1  7 10 3251.6   2.769  34.928 269.400   2.497  34.927 269.000   0.875   0.405   0.048  -9.000  73.206  38.815 163.879
9018  37.138 -67.943 1  6  8 3500.7   2.509  34.913 270.500   2.217  34.913 270.000   0.947   0.440   0.058  -9.000  78.393  38.292 156.879
9018  37.138 -67.943 1  5  7 3701.7   2.375  34.904 269.900   2.064  34.904 269.600   0.914   0.435   0.063  -9.000  76.923  38.440 158.847
9018  37.138 -67.943 1  4  6 3902.0   2.309  34.898 268.800   1.977  34.899 268.700   0.909   0.433   0.058  -9.000  76.287  38.504 159.703
9018  37.138 -67.943 1  3  5 4201.1   2.267  34.893 267.400   1.903  34.892 267.000   0.873   0.411   0.059  -9.000  72.239  38.913 165.200
9018  37.138 -67.943 1  2  4 4551.2   2.275  34.890 265.900   1.868  34.889 266.000   0.823   0.397   0.052  -9.000  69.807  39.159 168.540
9018  37.138 -67.943 1  1  3 4985.5   2.273  34.884 262.500   1.814  34.883 263.500   0.728   0.351   0.054  -9.000  61.708  40.063 181.083
9017  37.383 -67.797 1 20 22    8.9  27.026  36.343 199.900  27.030  36.341 209.700   1.735   1.081   0.153  -9.000  -9.000  -9.000  -9.000
9017  37.383 -67.797 1 19 21  202.3  19.603  36.670 207.900  19.571  36.671 207.200   2.321   1.390   0.140  -9.000  -9.000  -9.000  -9.000
9017  37.383 -67.797 1 18 20  450.6  18.162  36.533 197.200  18.087  36.536 200.800   2.420   1.402   0.058  -9.000 539.455   7.570   3.339
9017  37.383 -67.797 1 17 19  701.2  14.715  35.954 175.800  14.611  35.952 169.900   2.156   1.171   0.043  -9.000 386.005  20.193  24.648
9017  37.383 -67.797 1 16 18  899.2  10.208  35.307 143.000  10.101  36.561 206.700   2.421   1.410   0.057  -9.000 374.916  20.856  26.497
9017  37.383 -67.797 1 15 17 1149.5   5.821  35.070 210.800   5.717  35.074 215.400   1.538   0.745   0.079  -9.000 158.715  32.625  91.722
9017  37.383 -67.797 1 14 16 1402.5   4.567  34.996 246.100   4.451  34.998 248.600   2.201   1.103   0.128  -9.000 219.839  29.603  64.982
9017  37.383 -67.797 1 13 15 1600.0   4.229  34.980 257.200   4.098  34.980 258.500   2.147   1.049   0.128  -9.000 205.315  30.293  70.305
9017  37.383 -67.797 1 12 14 1801.1   4.007  34.967 261.600   3.859  34.967 262.700   2.002   0.980   0.119  -9.000 189.519  31.031  76.617
9017  37.383 -67.797 1 11 13 2049.9   3.738  34.950 265.900   3.571  34.948 267.700   1.899   0.916   0.102  -9.000 174.568  31.778  83.492
9017  37.383 -67.797 1 10 12 2300.6   3.537  34.944 268.000   3.349  34.943 269.500   1.657   0.791   0.085  -9.000 149.108  33.165  97.150
9017  37.383 -67.797 1  9 11 2602.3   3.361  34.948 266.400   3.145  34.946 268.300   1.213   0.576   0.055  -9.000 107.555  35.868 126.649
9017  37.383 -67.797 1  8 10 2900.1   3.112  34.942 266.000   2.870  34.942 268.000   0.970   0.448   0.038  -9.000  82.524  37.911 151.882
9017  37.383 -67.797 1  7  9 3150.1   2.858  34.932 267.100   2.596  34.930 270.700   0.901   0.419   0.033  -9.000  76.111  38.522 159.941
9017  37.383 -67.797 1  6  8 3300.0   2.729  34.926 267.500   2.453  34.926 267.900   0.862   0.397   0.042  -9.000  71.602  38.977 166.072
9017  37.383 -67.797 1  5  7 3448.6   2.593  34.918 268.800   2.305  34.916 271.300   0.922   0.431   0.061  -9.000  77.148  38.417 158.546
9017  37.383 -67.797 1  4  6 3660.5   2.450  34.908 269.900   2.142  34.908 272.100   1.092   0.510   0.066  -9.000  90.565  37.189 142.664
9017  37.383 -67.797 1  3  5 4203.5   2.286  34.894 268.800   1.921  34.894 268.500   0.997   0.470   0.058  -9.000  82.697  37.895 151.679
9017  37.383 -67.797 1  2  4 4503.4   2.255  34.888 265.700   1.855  34.888 266.600   0.850   0.399   0.054  -9.000  70.079  39.131 168.165
9017  37.383 -67.797 1  1  3 4818.7   2.250  34.883 262.300   1.812  -9.000 263.200   0.753   0.354   0.046  -9.000  62.155  40.013 180.375
9016  37.622 -67.627 1 20 22   10.3  27.993  36.096 323.700  27.998  36.100 207.800   1.683   1.035   0.150  -9.000  -9.000  -9.000  -9.000
9016  37.622 -67.627 1 19 21  200.7  19.759  36.689 189.600  19.726  36.694 194.400   2.306   1.357   0.076  -9.000  -9.000  -9.000  -9.000
9016  37.622 -67.627 1 18 20  453.6  17.912  36.496 193.600  17.838  36.499 194.400   2.434   1.394   0.047  -9.000 530.573   9.875   4.496
9016  37.622 -67.627 1 17 19  699.0  14.157  35.858 147.400  14.056  35.859 151.100   1.915   1.019   0.020  -9.000 327.317  23.950  35.565
9016  37.622 -67.627 1 16 18  900.8   9.351  35.227 145.600   9.249  35.235 144.400   1.030   0.510   0.020  -9.000 129.987  34.342 109.476
9016  37.622 -67.627 1 15 17 1151.4   5.624  35.057 218.300   5.522  35.057 217.600   1.604   0.787   0.077  -9.000 165.932  32.219  87.734
9016  37.622 -67.627 1 14 16 1400.4   4.552  34.997 248.600   4.436  34.998 249.200   2.216   1.097   0.135  -9.000 218.473  29.668  65.458
9016  37.622 -67.627 1 13 15 1600.4   4.237  34.985 255.700   4.105  34.984 256.300   2.045   1.000   0.122  -9.000 195.817  30.737  74.034
9016  37.622 -67.627 1 12 14 1801.3   3.944  34.965 261.900   3.797  34.965 263.200   1.946   0.939   0.111  -9.000 180.971  31.451  80.431
9016  37.622 -67.627 1 11 13 2048.9   3.677  34.945 266.300   3.510  34.966 262.900   1.946   0.952   0.112  -9.000 180.822  31.459  80.502
9016  37.622 -67.627 1 10 12 2299.4   3.543  34.952 266.300   3.354  34.951 266.800   1.459   0.692   0.072  -9.000 130.501  34.308 109.114
9016  37.622 -67.627 1  9 11 2598.8   3.319  34.945 266.000   3.104  34.944 268.700   1.232   0.588   0.056  -9.000 109.543  35.725 124.977
9016  37.622 -67.627 1  8 10 2899.5   3.089  34.942 265.200   2.848  34.942 267.100   0.971   0.465   0.041  -9.000  85.547  37.638 148.364
9016  37.622 -67.627 1  7  9 3150.0   2.829  34.930 267.500   2.567  34.928 268.900   0.994   0.465   0.052  -9.000  84.331  37.748 149.775
9016  37.622 -67.627 1  6  8 3400.8   2.603  34.917 269.500   2.319  34.917 271.400   1.149   0.539   0.069  -9.000  96.534  36.711 136.753
9016  37.622 -67.627 1  5  7 3600.6   2.446  34.909 269.600   2.144  34.909 270.800   1.032   0.489   0.057  -9.000  86.817  37.524 146.899
9016  37.622 -67.627 1  4  6 3800.6   2.352  34.902 267.900   2.031  34.901 270.100   1.013   0.472   0.059  -9.000  83.359  37.835 150.906
9016  37.622 -67.627 1  3  5 3999.6   2.287  34.897 267.400   1.945  34.896 262.700   0.944   0.446   0.049  -9.000  78.481  38.283 156.761
9016  37.622 -67.627 1  2  4 4300.9   2.242  34.890 266.000   1.867  34.889 265.600   0.947   0.452   0.049  -9.000  79.333  38.198 155.645
9016  37.622 -67.627 1  1  3 4663.7   2.227  34.883 262.600   1.808  34.884 262.500   0.745   0.348   0.044  -9.000  61.024  40.140 182.165
9015  37.859 -67.496 1 20 22    6.4  28.188  36.175 323.100  28.193  36.179 210.900   1.685   1.043   0.145  -9.000  -9.000  -9.000  -9.000
9015  37.859 -67.496 1 19 21  170.9  22.247  36.857 175.200  22.218  36.892 175.700   2.098   1.227   0.083  -9.000  -9.000  -9.000  -9.000
9015  37.859 -67.496 1 18 20  366.7  18.351  36.551 198.800  18.291  36.556 195.700   2.421   1.402   0.053  -9.000 543.845   5.370   2.007
9015  37.859 -67.496 1 17 19  601.5  14.419  35.903 167.800  14.332  35.907 168.100   2.132   1.139   0.043  -9.000 370.349  21.129  27.250
9015  37.859 -67.496 1 16 18  853.5   8.042  35.099 153.200   7.954  35.100 149.900   1.000   0.490   0.041  -9.000 116.924  35.195 118.899
9015  37.859 -67.496 1 15 17 1051.4   5.334  35.005 226.200   5.244  35.002 222.200   2.207   1.125   0.135  -9.000 233.502  28.938  60.375
9015  37.859 -67.496 1 14 16 1300.8   4.556  34.999 247.200   4.449  35.001 245.800   2.063   1.004   0.126  -9.000 199.999  30.542  72.365
9015  37.859 -67.496 1 13 15 1502.5   4.165  34.974 256.800   4.043  34.974 257.600   2.061   1.010   0.133  -9.000 196.992  30.682  73.561
9015  37.859 -67.496 1 12 14 1701.9   3.927  34.957 260.200   3.790  34.958 260.300   1.993   0.954   0.115  -9.000 183.680  31.313  79.160
9015  37.859 -67.496 1 13 13 1903.8   3.793  34.955 263.800   3.639  34.953 264.200   1.747   0.822   0.097  -9.000 157.127  32.714  92.610
9015  37.859 -67.496 1 10 12 2151.3   3.567  34.937 267.400   3.392  34.936 268.400   1.825   0.861   0.107  -9.000 162.557  32.409  89.588
9015  37.859 -67.496 1  9 11 2398.3   3.434  34.937 267.500   3.237  34.936 258.200   1.629   0.733   0.100  -9.000 137.398  33.879 104.546
9015  37.859 -67.496 1  8 10 2696.5   3.271  34.938 266.300   3.047  34.938 264.700  -9.000  -9.000  -9.000  -9.000  -9.000  -9.000  -9.000
9015  37.859 -67.496 1  7  9 2998.1   3.046  34.935 265.800   2.795  34.933 266.500   0.994   0.466   0.061  -9.000  85.524  37.640 148.391
9015  37.859 -67.496 1  6  8 3249.1   2.820  34.924 267.800   2.547  34.925 262.300   1.017   0.479   0.054  -9.000  86.821  37.523 146.894
9015  37.859 -67.496 1  5  7 3501.3   2.601  34.912 269.600   2.306  34.912 269.900   1.130   0.531   0.065  -9.000  95.085  36.827 138.174
9015  37.859 -67.496 1  4  6 3701.8   2.452  34.903 270.300   2.140  34.905 270.600   1.189   0.566   0.074  -9.000 100.515  36.393 132.887
9015  37.859 -67.496 1  3  5 3901.5   2.345  34.896 269.500   2.013  34.898 268.900   1.163   0.548   0.064  -9.000  96.738  36.695 136.553
9015  37.859 -67.496 1  2  4 4098.7   2.290  34.890 269.900   1.936  34.889 270.100   1.214   0.577   0.070  -9.000 101.541  36.311 131.900
9015  37.859 -67.496 1  1  3 4428.4   2.216  34.881 262.800   1.826  34.880 263.600   0.857   0.399   0.064  -9.000  69.924  39.147 168.379
9014  38.092 -67.333 1 20 22    6.3  28.121  36.071 180.200  28.126  36.073 208.400   1.692   1.028   0.153  -9.000  -9.000  -9.000  -9.000
9014  38.092 -67.333 1 19 21  100.6  25.743  36.685 181.500  25.727  36.669 192.300   1.900   1.165   0.134  -9.000  -9.000  -9.000  -9.000
9014  38.092 -67.333 1 18 20  273.8  19.231  36.574 145.200  19.186  36.571 146.800   2.200   1.258   0.040  -9.000 506.262  13.185   7.750
9014  38.092 -67.333 1 17 19  457.2  10.343  35.294 130.600  10.290  35.315 131.800   1.049   0.533   0.023  -9.000 142.625  33.558 101.194
9014  38.092 -67.333 1 16 18  696.5   5.926  35.023 203.100   5.866  35.022 205.000   1.948   0.977   0.110  -9.000 209.176  30.111  68.839
9014  38.092 -67.333 1 15 17  903.5   4.845  35.005 237.900   4.772  35.005 238.800   2.191   1.085   0.137  -9.000 219.482  29.620  65.106
9014  38.092 -67.333 1 14 16 1153.0   4.283  34.970 252.800   4.192  34.967 255.800   2.461   1.227   0.154  -9.000 240.819  28.571  58.004
9014  38.092 -67.333 1 13 15 1404.1   4.008  34.961 256.700   3.897  34.961 259.600   2.143   1.051   0.130  -9.000 203.246  30.390  71.098
9014  38.092 -67.333 1 12 14 1603.8   3.821  34.949 263.700   3.694  34.948 264.400   2.013   0.973   0.118  -9.000 186.258  31.184  77.985
9014  38.092 -67.333 1 11 13 1804.1   3.700  34.951 265.900   3.557  34.950 264.300   1.675   0.814   0.091  -9.000 154.812  32.844  93.911
9014  38.092 -67.333 1 10 12 2003.4   3.508  34.936 267.600   3.349  34.936 268.500   1.748   0.839   0.102  -9.000 157.895  32.671  92.180
9014  38.092 -67.333 1  9 11 2253.7   3.430  34.947 264.800   3.247  -9.000  -9.000  -9.000  -9.000  -9.000  -9.000  -9.000  -9.000  -9.000
9014  38.092 -67.333 1  8 10 2501.7   3.252  34.943 264.600   3.048  34.943 265.400   1.053   0.491   0.052  -9.000  91.138  37.143 142.091
9014  38.092 -67.333 1  7  9 2753.4   3.021  34.929 266.200   2.796  34.928 268.900   1.247   0.583   0.059  -9.000 106.845  35.919 127.248
9014  38.092 -67.333 1  6  8 3006.0   2.818  34.925 268.600   2.572  34.923 268.900   1.023   0.478   0.048  -9.000  86.632  37.540 147.113
9014  38.092 -67.333 1  5  7 3207.6   2.582  34.908 271.400   2.320  34.908 273.300   1.505   0.714   0.084  -9.000 127.715  34.490 111.082
9014  38.092 -67.333 1  4  6 3404.2   2.513  34.905 271.200   2.231  34.904 272.900   1.442   0.681   0.082  -9.000 121.346  34.906 115.657
9014  38.092 -67.333 1  3  5 3600.4   2.331  34.896 269.600   2.032  34.895 269.200   1.127   0.530   0.061  -9.000  93.488  36.955 139.752
9014  38.092 -67.333 1  2  4 3798.7   2.258  34.890 268.700   1.940  34.889 276.500   1.179   0.556   0.073  -9.000  97.674  36.620 135.638
9014  38.092 -67.333 1  1  3 4107.6   2.173  34.880 262.700   1.822  34.883 260.400   0.823   0.385   0.061  -9.000  67.310  39.434 172.314
9013  38.317 -67.134 1 20 22    7.9  28.309  35.939 194.200  28.314  35.937 201.200   1.671   1.029   0.155  -9.000  -9.000  -9.000  -9.000
9013  38.317 -67.134 1 19 21  105.8  15.854  35.389 159.600  15.841  35.746 179.400   2.443   1.403   0.144  -9.000 483.587  15.211  10.723
9013  38.317 -67.134 1 18 20  353.4   9.294  35.182 134.500   9.257  35.186 132.700   0.851   0.430   0.009  -9.000 109.244  35.746 125.227
9013  38.317 -67.134 1 17 19  499.7   6.580  35.056 186.300   6.535  35.058 188.200   1.564   0.777   0.077  -9.000 172.114  31.903  84.683
9013  38.317 -67.134 1 16 18  700.5   4.993  34.996 234.200   4.936  34.995 230.900   2.312   1.150   0.144  -9.000 234.432  28.892  60.068
9013  38.317 -67.134 1 15 17  902.8   4.490  34.996 245.300   4.420  34.995 247.300   2.097   1.037   0.132  -9.000 205.842  30.269  70.105
9013  38.317 -67.134 1 14 16 1103.5   4.096  34.965 256.900   4.011  34.965 253.600   2.258   1.092   0.125  -9.000 212.183  29.968  67.718
9013  38.317 -67.134 1 13 15 1302.4   3.872  34.951 260.900   3.772  34.952 261.600   2.143   1.048   0.125  -9.000 201.172  30.487  71.905
9013  38.317 -67.134 1 12 14 1498.5   3.680  34.939 265.300   3.564  34.937 264.600   2.100   1.016   0.115  -9.000 192.996  30.869  75.181
9013  38.317 -67.134 1 11 13 1703.8   3.490  34.931 268.300   3.358  34.938 262.900   2.088   1.005   0.120  -9.000 188.942  31.058  76.858
9013  38.317 -67.134 1 10 12 1899.1   3.395  34.933 267.400   3.247  34.933 266.400   1.697   0.821   0.087  -9.000 153.562  32.914  94.616
9013  38.317 -67.134 1  9 11 2099.7   3.285  34.934 267.100   3.120  34.933 265.200   1.501   0.723   0.076  -9.000 134.427  34.061 106.474
9013  38.317 -67.134 1  8 10 2347.3   3.178  34.935 267.700   2.990  34.935 266.300   1.304   0.618   0.067  -9.000 114.240  35.387 121.078
9013  38.317 -67.134 1  7  9 2601.9   3.026  34.937 263.800   2.816  34.936 263.300   0.852   0.399   0.026  -9.000  73.150  38.821 163.955
9013  38.317 -67.134 1  6  8 2851.2   2.791  34.925 265.400   2.561  34.926 264.600   0.830   0.385   0.037  -9.000  69.674  39.172 168.726
9013  38.317 -67.134 1  5  7 3101.2   2.513  34.907 269.400   2.263  -9.000 270.000   1.330   0.634   0.061  -9.000 112.974  35.478 122.122
9013  38.317 -67.134 1  4  6 3299.1   2.375  34.898 269.600   2.108  -9.000 269.000   1.562   0.745   0.102  -9.000 131.734  34.227 108.248
9013  38.317 -67.134 1  3  5 3500.9   2.255  34.891 270.300   1.969  -9.000 270.200   1.463   0.703   0.092  -9.000 123.477  34.767 114.116
9013  38.317 -67.134 1  2  4 3702.6   2.172  34.884 265.700   1.867  34.882 265.600   1.109   0.532   0.060  -9.000  93.007  36.993 140.229
9013  38.317 -67.134 1  1  3 3864.9   2.155  34.880 262.600   1.832  34.875 263.800   0.901   0.421   0.051  -9.000  73.529  38.783 163.438
9012  38.561 -67.029 1 20 22    7.1  26.193  35.636 261.300  26.198  35.626 203.400   1.801   1.116   0.157  -9.000  -9.000  -9.000  -9.000
9012  38.561 -67.029 1 19 21   99.6  13.940  35.683 178.000  13.929  35.730 168.600   2.425   1.353   0.097  -9.000 429.637  17.939  17.976
9012  38.561 -67.029 1 18 20  302.1   9.297  35.209 141.900   9.266  35.211 143.700   1.075   0.559   0.035  -9.000 142.078  33.592 101.543
9012  38.561 -67.029 1 17 19  500.1   5.935  35.030 204.000   5.893  35.037 200.400   1.862   0.940   0.102  -9.000 201.362  30.478  71.831
9012  38.561 -67.029 1 16 18  703.6   4.746  34.983 235.900   4.691  34.980 239.200   2.538   1.304   0.164  -9.000 262.347  27.451  51.381
9012  38.561 -67.029 1 15 17  852.4   4.395  34.968 247.800   4.329  34.970 248.800   2.611   1.330   0.173  -9.000 262.597  27.438  51.307
9012  38.561 -67.029 1 14 16  999.0   4.215  34.968 255.400   4.138  34.968 255.200   2.399   1.213   0.147  -9.000 237.204  28.752  59.161
9012  38.561 -67.029 1 13 15 1203.3   3.952  34.955 262.100   3.860  34.956 260.400   2.231   1.099   0.131  -9.000 211.879  29.982  67.830
9012  38.561 -67.029 1 12 14 1399.6   3.751  34.943 263.600   3.643  34.942 255.400   2.131   1.039   0.125  -9.000 198.131  30.629  73.107
9012  38.561 -67.029 1 11 13 1599.4   3.571  34.933 266.400   3.448  34.932 267.300   2.007   1.022   0.113  -9.000 192.987  30.870  75.185
9012  38.561 -67.029 1 10 12 1800.9   3.469  34.934 267.700   3.329  34.932 267.400   1.825   0.873   0.098  -9.000 163.947  32.331  88.823
9012  38.561 -67.029 1  9 11 2000.9   3.356  34.937 267.400   3.199  34.936 265.100   1.607   0.767   0.076  -9.000 143.164  33.525 100.851
9012  38.561 -67.029 1  8 10 2200.7   3.209  34.933 266.000   3.035  34.933 266.400   1.383   0.660   0.065  -9.000 122.206  34.850 115.033
9012  38.561 -67.029 1  7  9 2399.6   3.030  34.931 266.600   2.840  34.930 267.900   1.240   0.591   0.060  -9.000 108.367  35.809 125.964
9012  38.561 -67.029 1  6  8 2602.0   2.845  34.923 267.900   2.639  34.923 269.900   1.270   0.601   0.067  -9.000 109.083  35.758 125.362
9012  38.561 -67.029 1  5  7 2801.6   2.592  34.910 270.000   2.371  34.912 263.000   1.455   0.707   0.088  -9.000 126.535  34.567 111.922
9012  38.561 -67.029 1  4  6 3004.8   2.416  34.901 271.200   2.178  -9.000 266.100   1.606   0.779   0.107  -9.000 138.064  33.838 104.115
9012  38.561 -67.029 1  3  5 3151.0   2.315  34.897 270.100   2.064  34.894 266.700   1.364   0.655   0.098  -9.000 115.437  35.301 120.095
9012  38.561 -67.029 1  2  4 3302.2   2.173  34.887 268.200   1.910  -9.000 267.400   1.322   0.637   0.092  -9.000 111.375  35.593 123.447
9012  38.561 -67.029 1  1  3 3503.8   2.142  34.883 264.900   1.859  -9.000 262.100   1.094   0.522   0.071  -9.000  91.106  37.146 142.123
9011  38.827 -68.814 1 20 22    7.1  22.543  34.157 174.800  22.547  34.160 227.400   2.289   1.359   0.206  -9.000  -9.000  -9.000  -9.000
9011  38.827 -68.814 1 19 21  101.0  11.885  35.021 212.300  11.875  35.067 198.400  -9.000  -9.000  -9.000  -9.000  -9.000  -9.000  -9.000
9011  38.827 -68.814 1 18 20  301.6   7.564  35.099 168.300   7.536  -9.000 170.200   1.367   0.677   0.063  -9.000 157.721  32.681  92.277
9011  38.827 -68.814 1 17 19  502.5   5.501  35.019 219.800   5.460  35.019 220.300  -9.000  -9.000  -9.000  -9.000  -9.000  -9.000  -9.000
9011  38.827 -68.814 1 16 18  701.2   4.456  34.953 246.400   4.403  34.952 253.300   2.876   1.470   0.205  -9.000 291.135  25.890  43.347
9011  38.827 -68.814 1 15 17  900.0   4.233  34.960 256.900   4.164  34.959 256.600  -9.000  -9.000  -9.000  -9.000  -9.000  -9.000  -9.000
9011  38.827 -68.814 1 14 16 1099.7   3.934  34.942 265.100   3.851  34.943 265.900   2.641   1.318   0.183  -9.000 253.822  27.902  53.953
9011  38.827 -68.814 1 13 15 1250.7   3.899  34.954 264.100   3.803  34.954 263.500  -9.000  -9.000  -9.000  -9.000  -9.000  -9.000  -9.000
9011  38.827 -68.814 1 12 14 1398.6   3.757  34.946 266.300   3.650  34.944 266.800   2.019   0.974   0.117  -9.000 185.805  31.205  78.178
9011  38.827 -68.814 1 11 13 1550.1   3.621  34.940 268.600   3.502  34.939 267.900  -9.000  -9.000  -9.000  -9.000  -9.000  -9.000  -9.000
9011  38.827 -68.814 1 10 12 1700.5   3.533  34.938 269.400   3.402  34.937 265.400   1.776   0.839   0.094  -9.000 158.115  32.659  92.057
9011  38.827 -68.814 1  9 11 1850.1   3.426  34.936 269.900   3.282  34.936 269.300  -9.000  -9.000  -9.000  -9.000  -9.000  -9.000  -9.000
9011  38.827 -68.814 1  8 10 2050.1   3.339  34.942 268.600   3.178  34.941 269.300   1.284   0.609   0.067  -9.000 113.574  35.435 121.626
9011  38.827 -68.814 1  7  9 2249.9   3.190  34.936 269.100   3.012  34.935 271.400   1.264   0.600   0.063  -9.000 110.987  35.621 123.771
9011  38.827 -68.814 1  6  8 2448.7   3.011  34.929 269.600   2.817  34.930 270.400   1.222   0.580   0.058  -9.000 106.236  35.963 127.764
9011  38.827 -68.814 1  5  7 2650.8   2.775  34.919 270.500   2.565  34.918 270.900   1.319   0.621   0.062  -9.000 112.276  35.528 122.701
9011  38.827 -68.814 1  4  6 2849.8   2.562  34.908 272.900   2.336  34.908 272.200   1.451   0.682   0.079  -9.000 121.858  34.873 115.285
9011  38.827 -68.814 1  3  5 3051.8   2.391  34.899 274.400   2.148  34.900 274.600   1.623   0.789   0.091  -9.000 139.640  33.741 103.102
9011  38.827 -68.814 1  2  4 3200.4   2.288  34.894 274.500   2.033  34.893 275.900   1.648   0.801   0.092  -9.000 140.951  33.661 102.262
9011  38.827 -68.814 1  1  3 3298.0   2.155  34.885 268.800   1.893  34.883 270.500   1.195   0.575   0.068  -9.000 100.431  36.399 132.967
9010  39.092 -68.638 1 20 22    7.5  25.494  34.877 158.300  25.499  -9.000  -9.000   1.909   1.154   0.168  -9.000  -9.000  -9.000  -9.000
9010  39.092 -68.638 1 19 21  101.3  14.025  35.678 167.100  14.014  -9.000 167.100   2.388   1.306   0.108  -9.000 416.284  18.594  19.939
9010  39.092 -68.638 1 18 20  297.6   9.602  35.239 141.100   9.571  -9.000 141.100   1.118   0.563   0.028  -9.000 145.279  33.395  99.512
9010  39.092 -68.638 1 17 19  500.9   5.970  35.025 203.200   5.927  -9.000  -9.000   1.905   0.969   0.110  -9.000 207.938  30.170  69.309
9010  39.092 -68.638 1 16 18  700.5   4.970  35.014 234.400   4.914  -9.000  -9.000  -9.000  -9.000  -9.000  -9.000  -9.000  -9.000  -9.000
9010  39.092 -68.638 1 15 17  850.3   4.523  34.989 248.600   4.457  -9.000  -9.000   2.346   1.175   0.148  -9.000 233.625  28.932  60.334
9010  39.092 -68.638 1 14 16 1000.5   4.305  34.980 255.600   4.227  -9.000  -9.000   2.270   1.117   0.144  -9.000 219.510  29.619  65.097
9010  39.092 -68.638 1 13 15 1201.2   3.951  34.956 262.700   3.858  -9.000  -9.000   2.219   1.089   0.137  -9.000 209.942  30.075  68.551
9010  39.092 -68.638 1 12 14 1349.8   3.821  34.949 265.500   3.717  -9.000  -9.000   2.142   1.039   0.136  -9.000 198.893  30.594  72.803
9010  39.092 -68.638 1 11 13 1500.4   3.695  34.942 268.500   3.579  -9.000 268.800   2.047   0.994   0.130  -9.000 188.978  31.057  76.843
9010  39.092 -68.638 1 10 12 1650.4   3.611  34.942 269.400   3.482  -9.000  -9.000   1.841   0.897   0.116  -9.000 169.766  32.023  85.832
9010  39.092 -68.638 1  9 11 1800.3   3.497  34.937 270.700   3.357  -9.000  -9.000   1.781   0.849   0.108  -9.000 159.687  32.570  91.181
9010  39.092 -68.638 1  8 10 1951.0   3.408  34.938 270.300   3.254  -9.000  -9.000   1.586   0.756   0.093  -9.000 141.512  33.626 101.904
9010  39.092 -68.638 1  7  9 2151.6   3.293  34.939 268.900   3.122  -9.000  -9.000   1.339   0.633   0.068  -9.000 117.752  35.141 118.288
9010  39.092 -68.638 1  6  8 2352.7   3.176  34.939 268.000   2.988  -9.000  -9.000   1.135   0.534   0.058  -9.000  98.705  36.538 134.637
9010  39.092 -68.638 1  5  7 2550.4   3.015  34.933 268.400   2.811  -9.000 268.100   1.112   0.520   0.058  -9.000  95.272  36.812 137.990
9010  39.092 -68.638 1  4  6 2700.8   2.878  34.928 269.100   2.661  -9.000 268.900   1.063   0.494   0.055  -9.000  89.828  37.252 143.464
9010  39.092 -68.638 1  3  5 2851.3   2.661  34.915 272.300   2.434  34.914 271.400   1.368   0.648   0.077  -9.000 116.422  35.230 119.291
9010  39.092 -68.638 1  2  4 3002.4   2.477  34.904 274.200   2.238  34.915 272.000   1.640   0.791   0.090  -9.000 140.667  33.678 102.444
9010  39.092 -68.638 1  1  3 3093.1   2.445  34.903 274.100   2.197  34.903 275.200   1.667   0.795   0.098  -9.000 141.126  33.650 102.150
9009  39.344 -68.460 1 20 22    8.3  25.541  35.096 248.500  25.546  35.098 161.200   1.895   1.125   0.163  -9.000  -9.000  -9.000  -9.000
9009  39.344 -68.460 1 19 21  103.3  15.778  35.981 171.900  15.765  36.040 181.900   2.244   1.234   0.071  -9.000 426.403  18.103  18.467
9009  39.344 -68.460 1 18 20  201.6  12.065  35.473 178.700  12.042  35.465 173.000   2.319   1.287   0.143  -9.000 374.255  20.895  26.606
9009  39.344 -68.460 1 17 19  301.3  10.511  35.338 143.800  10.477  35.341 148.700   1.417   0.723   0.070  -9.000 195.115  30.770  74.318
9009  39.344 -68.460 1 16 18  450.2   7.312  35.080 177.200   7.269  35.082 173.200   1.348   0.656   0.058  -9.000 150.867  33.066  96.146
9009  39.344 -68.460 1 15 17  601.0   5.628  35.034 217.300   5.577  35.034 217.000   1.889   0.914   0.105  -9.000 192.701  30.883  75.302
9009  39.344 -68.460 1 14 16  750.1   4.916  35.007 238.900   4.856  35.006 238.400   2.213   1.100   0.142  -9.000 223.356  29.436  63.778
9009  39.344 -68.460 1 13 15  900.5   4.422  34.974 252.300   4.352  34.974 252.900   2.507   1.246   0.168  -9.000 246.379  28.291  56.274
9009  39.344 -68.460 1 12 14 1050.3   4.028  34.932 264.700   3.948  34.931 265.200   3.063   1.546   0.229  -9.000 299.202  25.519  41.648
9009  39.344 -68.460 1 11 13 1199.7   3.986  34.943 265.800   3.893  34.940 264.900   2.702   1.362   0.181  -9.000 263.029  27.415  51.180
9009  39.344 -68.460 1 10 12 1349.7   3.935  34.951 264.500   3.830  34.950 263.500   2.249   1.114   0.152  -9.000 214.567  29.854  66.848
9009  39.344 -68.460 1  9 11 1500.8   3.792  34.946 266.000   3.675  34.946 265.700  -9.000  -9.000  -9.000  -9.000  -9.000  -9.000  -9.000
9009  39.344 -68.460 1  8 10 1651.0   3.661  34.939 268.600   3.532  34.939 267.500   1.959   0.952   0.125  -9.000 180.654  31.467  80.582
9009  39.344 -68.460 1  7  9 1801.0   3.545  34.935 269.900   3.404  34.936 269.600   1.835   0.897   0.090  -9.000 169.148  32.054  86.136
9009  39.344 -68.460 1  6  8 1951.9   3.425  34.931 270.500   3.272  34.931 270.700  -9.000  -9.000  -9.000  -9.000  -9.000  -9.000  -9.000
9009  39.344 -68.460 1  5  7 2101.9   3.371  34.935 270.100   3.204  34.934 269.400  -9.000  -9.000  -9.000  -9.000  -9.000  -9.000  -9.000
9009  39.344 -68.460 1  4  6 2247.0   3.294  34.934 269.700   3.115  34.934 269.100   1.419   0.667   0.074  -9.000 124.076  34.728 113.684
9009  39.344 -68.460 1  3  5 2401.4   3.173  34.932 269.500   2.981  34.931 268.900  -9.000  -9.000  -9.000  -9.000  -9.000  -9.000  -9.000
9009  39.344 -68.460 1  2  4 2548.4   3.005  34.929 269.200   2.801  34.930 269.500   1.151   0.543   0.066  -9.000  99.427  36.480 133.936
9009  39.344 -68.460 1  1  3 2663.9   2.862  34.923 270.100   2.649  34.921 269.900   1.194   0.571   0.061  -9.000 103.733  36.143 129.895
9008  39.479 -68.367 1 20 22    6.8  25.636  34.222 230.600  25.641  34.227 209.700   1.894   1.166   0.168  -9.000  -9.000  -9.000  -9.000
9008  39.479 -68.367 1 19 21  151.3  13.536  35.754 139.300  13.518  35.765 136.600   1.625   0.874   0.018  -9.000 272.700  26.875  48.256
9008  39.479 -68.367 1 18 20  227.6  11.638  35.488 209.000  11.612  35.494 180.200   2.107   1.181   0.113  -9.000 336.699  23.385  33.727
9008  39.479 -68.367 1 17 19  300.2  10.144  35.279 138.100  10.111  35.280 133.400   0.990   0.525   0.013  -9.000 139.128  33.773 103.431
9008  39.479 -68.367 1 16 18  346.7   9.166  35.200 142.800   9.130  35.202 143.700   1.038   0.530   0.019  -9.000 133.833  34.098 106.862
9008  39.479 -68.367 1 15 17  474.9   7.118  35.081 179.600   7.074  35.081 179.900   1.500   0.762   0.077  -9.000 173.531  31.831  83.994
9008  39.479 -68.367 1 14 16  599.7   5.687  35.019 218.000   5.637  35.021  81.300   1.883   1.006  -9.000  -9.000 212.719  29.942  67.521
9008  39.479 -68.367 1 13 15  700.9   5.322  35.028 228.500   5.264  35.023 227.900   2.084   1.051   0.116  -9.000 218.059  29.688  65.604
9008  39.479 -68.367 1 12 14  800.1   4.615  34.967 243.300   4.553  34.975 246.700   2.667   1.378   0.158  -9.000 275.266  26.726  47.481
9008  39.479 -68.367 1 11 13  947.0   4.527  34.993 255.800   4.452  34.973 246.900   2.665   1.360   0.175  -9.000 270.481  27.003  48.937
9008  39.479 -68.367 1 10 12 1048.9   4.388  34.987 254.200   4.305  34.987 253.400   2.314   1.127   0.132  -9.000 222.475  29.478  64.077
9008  39.479 -68.367 1  9 11 1151.4   4.199  34.975 258.200   4.109  34.973 258.400   2.336   1.190   0.146  -9.000 232.525  28.988  60.700
9008  39.479 -68.367 1  8 10 1299.4   4.057  34.969 262.000   3.955  34.969 260.900   2.168   1.090   0.127  -9.000 211.360  30.007  68.022
9008  39.479 -68.367 1  7  9 1453.2   3.872  34.957 264.700   3.759  34.956 264.800   2.012   0.984   0.114  -9.000 188.898  31.061  76.877
9008  39.479 -68.367 1  6  8 1600.9   3.714  34.947 267.500   3.589  34.946 267.800   1.877   0.917   0.107  -9.000 174.527  31.780  83.512
9008  39.479 -68.367 1  5  7 1750.4   3.580  34.938 270.000   3.443  34.938 269.600   1.693   0.816   0.098  -9.000 154.169  32.880  94.274
9008  39.479 -68.367 1  4  6 1900.8   3.521  34.938 270.300   3.371  34.939 267.100  -9.000  -9.000  -9.000  -9.000  -9.000  -9.000  -9.000
9008  39.479 -68.367 1  3  5 2051.7   3.432  34.939 270.700   3.269  34.938 270.200   2.087   1.008   0.125  -9.000 188.928  31.059  76.864
9008  39.479 -68.367 1  2  4 2201.2   3.335  34.939 270.700   3.159  34.939 270.000   2.048   0.993   0.124  -9.000 185.141  31.239  78.481
9008  39.479 -68.367 1  1  3 2427.4   3.186  34.939 268.800   2.990  34.940 269.200   1.261   0.606   0.065  -9.000 112.075  35.543 122.867
9007  39.706 -68.203 1 19 21    3.7  25.060  34.487 361.300  25.065  34.498 212.700   1.932   1.154   0.169  -9.000  -9.000  -9.000  -9.000
9007  39.706 -68.203 1 18 20  102.3  14.332  35.874 143.200  14.320  35.880 137.800  -9.000  -9.000  -9.000  -9.000  -9.000  -9.000  -9.000
9007  39.706 -68.203 1 17 19  201.4  11.819  35.491 190.900  11.796  35.493 181.300   2.189   1.216   0.101  -9.000 349.637  22.477  31.010
9007  39.706 -68.203 1 16 18  330.3   9.060  35.191 144.000   9.025  35.495 180.900  -9.000  -9.000  -9.000  -9.000  -9.000  -9.000  -9.000
9007  39.706 -68.203 1 15 17  400.6   7.830  35.116 161.600   7.791  35.117 163.800   1.206   0.598   0.048  -9.000 141.214  33.645 102.094
9007  39.706 -68.203 1 14 16  501.2   6.268  35.023 196.700   6.224  35.019 198.000  -9.000  -9.000  -9.000  -9.000  -9.000  -9.000  -9.000
9007  39.706 -68.203 1 13 15  627.1   5.234  34.984 225.000   5.183  34.985 226.900   2.397   1.206   0.153  -9.000 248.951  28.160  55.478
9007  39.706 -68.203 1 12 14  874.8   4.333  34.947 257.100   4.265  34.946 257.200  -9.000  -9.000  -9.000  -9.000  -9.000  -9.000  -9.000
9007  39.706 -68.203 1 11 13 1000.9   4.325  34.968 259.500   4.247  35.880 138.900   1.751   0.885   0.028  -9.000 174.085  31.803  83.726
9007  39.706 -68.203 1 10 12 1124.4   4.203  34.973 258.200   4.115  34.974 258.200  -9.000  -9.000  -9.000  -9.000  -9.000  -9.000  -9.000
9007  39.706 -68.203 1  9 11 1251.3   4.063  34.965 261.600   3.965  34.965 261.500   2.260   1.134   0.132  -9.000 219.955  29.598  64.942
9007  39.706 -68.203 1  8 10 1350.2   3.918  34.951 265.100   3.813  34.950 265.600  -9.000  -9.000  -9.000  -9.000  -9.000  -9.000  -9.000
9007  39.706 -68.203 1  7  9 1450.3   3.841  34.948 266.200   3.728  34.948 266.300   2.273   1.124   0.131  -9.000 215.395  29.815  66.550
9007  39.706 -68.203 1  6  8 1549.2   3.796  34.949 266.700   3.675  34.949 266.900  -9.000  -9.000  -9.000  -9.000  -9.000  -9.000  -9.000
9007  39.706 -68.203 1  5  7 1649.0   3.676  34.941 268.600   3.547  34.941 268.600   2.074   1.024   0.113  -9.000 194.481  30.800  74.576
9007  39.706 -68.203 1  4  6 1749.7   3.574  34.934 270.400   3.437  34.934 270.400  -9.000  -9.000  -9.000  -9.000  -9.000  -9.000  -9.000
9007  39.706 -68.203 1  3  5 1851.1   3.551  34.935 270.600   3.405  34.936 269.900   2.014   0.989   0.119  -9.000 186.558  31.170  77.860
9007  39.706 -68.203 1  2  4 1948.3   3.532  34.934 270.900   3.377  34.935 270.900  -9.000  -9.000  -9.000  -9.000  -9.000  -9.000  -9.000
9007  39.706 -68.203 1  1  3 2088.6   3.479  34.936 270.800   3.312  34.935 270.700   1.783   0.871   0.095  -9.000 163.662  32.347  88.980
9006  39.789 -68.158 1 13 15    8.3  24.940  35.028 211.700  24.944  35.030 212.400   1.932   1.174   0.165  -9.000  -9.000  -9.000  -9.000
9006  39.789 -68.158 1 12 14   74.6  15.191  35.948 146.800  15.183  35.958 143.500   2.022   1.113   0.032  -9.000 374.685  20.870  26.535
9006  39.789 -68.158 1 11 13  152.2  11.918  35.454 181.900  11.901  -9.000  -9.000  -9.000  -9.000  -9.000  -9.000  -9.000  -9.000  -9.000
9006  39.789 -68.158 1 10 12  274.8   9.761  35.263 143.000   9.731  35.267 144.600   1.270   0.650   0.045  -9.000 169.069  32.058  86.175
9006  39.789 -68.158 1  9 11  403.1   7.264  35.085 171.500   7.227  35.087 175.200   1.439   0.723   0.069  -9.000 165.882  32.222  87.761
9006  39.789 -68.158 1  8 10  548.9   5.678  35.006 205.800   5.632  35.003 214.800   2.168   1.107   0.128  -9.000 233.933  28.917  60.233
9006  39.789 -68.158 1  7  9  674.3   5.115  35.005 230.600   5.061  35.006 231.500   2.250   1.143   0.098  -9.000 234.525  28.887  60.037
9006  39.789 -68.158 1  6  8  753.1   4.663  34.968 246.100   4.604  34.967 246.100   2.719   1.355   0.161  -9.000 271.368  26.952  48.663
9006  39.789 -68.158 1  5  7  842.7   4.389  34.951 255.100   4.324  34.950 255.900   2.945   1.479   0.185  -9.000 291.871  25.856  43.188
9006  39.789 -68.158 1  4  6  949.6   4.157  34.944 261.100   4.085  34.430 261.500   2.943   1.479   0.187  -9.000 288.255  26.023  43.975
9006  39.789 -68.158 1  3  5 1050.4   4.047  34.940 263.600   3.967  34.939 263.900   2.920   1.444   0.187  -9.000 279.771  26.466  46.149
9006  39.789 -68.158 1  2  4 1150.6   4.037  34.940 264.100   3.949  34.940 264.500   2.884   1.455   0.193  -9.000 281.750  26.352  45.577
9006  39.789 -68.158 1  1  3 1270.1   3.943  34.938 266.100   3.844  34.934 267.400   2.795   1.427   0.202  -9.000 274.936  26.745  47.580
9005  39.853 -68.105 1 11 13    7.2  24.695  34.969 210.800  24.699  34.970 214.500   1.975   1.189   0.171  -9.000  -9.000  -9.000  -9.000
9005  39.853 -68.105 1 10 12   75.2  13.894  35.467 171.600  13.887  35.444 181.000   2.706   1.507   0.146  -9.000 476.524  15.599  11.568
9005  39.853 -68.105 1  9 11  173.3  11.875  35.503 187.200  11.855  35.504 180.500   2.179   1.208   0.115  -9.000 348.286  22.576  31.294
9005  39.853 -68.105 1  8 10  302.0   9.470  35.233 144.100   9.438  35.240 143.600   1.169   0.603   0.032  -9.000 154.596  32.856  94.033
9005  39.853 -68.105 1  7  9  405.2   7.562  35.103 167.800   7.523  35.107 167.100   1.358   0.676   0.054  -9.000 157.476  32.694  92.414
9005  39.853 -68.105 1  6  8  500.1   5.922  35.028 204.600   5.879  35.025 208.000   1.931   0.982   0.107  -9.000 210.213  30.062  68.450
9005  39.853 -68.105 1  5  7  602.5   5.246  34.986 228.000   5.198  34.985 226.400   2.423   1.244   0.154  -9.000 256.963  27.736  52.991
9005  39.853 -68.105 1  4  6  702.1   4.834  34.965 240.100   4.779  34.964 240.100   2.699   1.374   0.184  -9.000 277.668  26.588  46.766
9005  39.853 -68.105 1  3  5  802.4   4.616  34.957 247.500   4.554  34.956 247.300   2.828   1.450   0.194  -9.000 289.638  25.959  43.672
9005  39.853 -68.105 1  2  4  904.1   4.321  34.950 254.500   4.252  34.950 257.000   2.906   1.480   0.209  -9.000 291.008  25.896  43.375
9005  39.853 -68.105 1  1  3 1064.0   4.136  34.945 261.500   4.054  34.943 261.600   2.889   1.476   0.201  -9.000 287.350  26.065  44.175
9004  39.906 -68.073 1  7  9    5.5  24.548  34.981 195.000  24.553  34.982 218.700   1.961   1.192   0.157  -9.000  -9.000  -9.000  -9.000
9004  39.906 -68.073 1  6  8   50.2  14.282  35.301 208.200  14.278  35.299 211.100   2.873   1.631   0.183  -9.000 523.949  11.079   5.521
9004  39.906 -68.073 1  5  7  100.4  12.792  35.509 172.300  12.781  35.528 168.900   2.366   1.319   0.095  -9.000 396.826  19.581  22.884
9004  39.906 -68.073 1  4  6  199.9  11.081  35.406 154.100  11.059  35.421 155.800   1.674   0.899   0.060  -9.000 249.454  28.133  55.318
9004  39.906 -68.073 1  3  5  301.0   9.524  35.237 141.600   9.492  35.238 141.400   1.160   0.600   0.033  -9.000 154.238  32.876  94.234
9004  39.906 -68.073 1  2  4  401.7   7.464  35.098 169.300   7.426  35.099 169.900   1.382   0.694   0.060  -9.000 160.865  32.504  90.525
9004  39.906 -68.073 1  1  3  485.7   6.377  35.041 193.300   6.334  35.042 192.800   1.814   0.922   0.097  -9.000 202.087  30.444  71.548
9003  40.012 -68.007 1 20 22    7.6  24.684  35.391 219.600  24.689  -9.000  -9.000  -9.000  -9.000  -9.000  -9.000  -9.000  -9.000  -9.000
9003  40.012 -68.007 1 19 21    8.1  24.673  35.389 215.900  24.677  -9.000  -9.000  -9.000  -9.000  -9.000  -9.000  -9.000  -9.000  -9.000
9003  40.012 -68.007 1 18 20    8.0  24.676  35.389 217.000  24.680  -9.000  -9.000  -9.000  -9.000  -9.000  -9.000  -9.000  -9.000  -9.000
9003  40.012 -68.007 1 17 19    8.0  24.676  35.389 217.000  24.680  -9.000  -9.000  -9.000  -9.000  -9.000  -9.000  -9.000  -9.000  -9.000
9003  40.012 -68.007 1 16 18    7.7  24.682  35.390 218.900  24.687  -9.000  -9.000  -9.000  -9.000  -9.000  -9.000  -9.000  -9.000  -9.000
9003  40.012 -68.007 1 15 17    7.8  24.680  35.390 218.300  24.684  -9.000  -9.000  -9.000  -9.000  -9.000  -9.000  -9.000  -9.000  -9.000
9003  40.012 -68.007 1 14 16    7.8  24.680  35.390 218.300  24.684  -9.000  -9.000  -9.000  -9.000  -9.000  -9.000  -9.000  -9.000  -9.000
9003  40.012 -68.007 1 13 15    7.7  24.682  35.390 218.900  24.687  -9.000  -9.000  -9.000  -9.000  -9.000  -9.000  -9.000  -9.000  -9.000
9003  40.012 -68.007 1 12 14    7.8  24.680  35.390 218.300  24.684  -9.000  -9.000  -9.000  -9.000  -9.000  -9.000  -9.000  -9.000  -9.000
9003  40.012 -68.007 1 11 13    7.7  24.682  35.390 218.900  24.687  -9.000  -9.000  -9.000  -9.000  -9.000  -9.000  -9.000  -9.000  -9.000
9003  40.012 -68.007 1 10 12    8.1  24.673  35.389 215.900  24.677  -9.000  -9.000  -9.000  -9.000  -9.000  -9.000  -9.000  -9.000  -9.000
9003  40.012 -68.007 1  9 11    8.0  24.676  35.389 217.000  24.680  -9.000  -9.000  -9.000  -9.000  -9.000  -9.000  -9.000  -9.000  -9.000
9003  40.012 -68.007 1  8 10    8.1  24.673  35.389 215.900  24.677  -9.000  -9.000  -9.000  -9.000  -9.000  -9.000  -9.000  -9.000  -9.000
9003  40.012 -68.007 1  7  9    8.3  24.668  35.389 213.700  24.672  -9.000  -9.000  -9.000  -9.000  -9.000  -9.000  -9.000  -9.000  -9.000
9003  40.012 -68.007 1  6  8    8.0  24.676  35.389 217.000  24.680  -9.000  -9.000  -9.000  -9.000  -9.000  -9.000  -9.000  -9.000  -9.000
9003  40.012 -68.007 1  5  7    7.8  24.680  35.390 218.300  24.684  -9.000  -9.000  -9.000  -9.000  -9.000  -9.000  -9.000  -9.000  -9.000
9003  40.012 -68.007 1  4  6    7.9  24.678  35.390 217.600  24.682  -9.000  -9.000  -9.000  -9.000  -9.000  -9.000  -9.000  -9.000  -9.000
9003  40.012 -68.007 1  3  5    8.1  24.673  35.389 215.900  24.677  35.396 215.600   1.940   1.188   0.159  -9.000  -9.000  -9.000  -9.000
9003  40.012 -68.007 1  2  4   80.5  12.842  35.450 184.500  12.834  35.403 180.500   2.653   1.484   0.134  -9.000 447.229  17.059  15.396
9003  40.012 -68.007 1  1  3  153.1  11.463  35.426 167.300  11.447  35.426 167.100   1.974   1.189   0.095  -9.000 335.996  23.427  33.860
