2008may
      2008.38
STN   LAT    LON CAST SAMP BTL CTDPRS CTDTMP CTDSAL CTDOXY   THETA   SALNTY  OXYGEN  CFC-11  CFC-12  CFC113  SF6  pCFC-12 CFC12age Mean Age
9001  40.296 -69.790 1  4 24    3.4   7.327  32.894 311.500   7.328  -9.000 311.000  -9.000  -9.000  -9.000  -9.000  -9.000  -9.000  -9.000
9001  40.296 -69.790 1  3 23    3.4   7.327  32.894 311.500   7.328  32.893 311.200   4.681   2.657   0.354  -9.000  -9.000  -9.000  -9.000
9001  40.296 -69.790 1  2  2   40.3   8.797  33.493 295.400   8.795  33.475 294.400   4.232   2.463   0.289  -9.000  -9.000  -9.000  -9.000
9001  40.296 -69.790 1  1  1   81.0  11.421  34.682 250.900  11.413  34.679 249.400   3.400   1.994   0.181  -9.000  -9.000  -9.000  -9.000
9002  40.152 -69.879 1  3  3    3.7  10.896  34.203 277.100  10.899  34.203 276.500  -9.000  -9.000  -9.000  -9.000  -9.000  -9.000  -9.000
9002  40.152 -69.879 1  2  2   51.4  12.676  34.785 260.100  12.672  34.664 263.900  -9.000  -9.000  -9.000  -9.000  -9.000  -9.000  -9.000
9002  40.152 -69.879 1  1  1  109.0  11.728  34.832 243.900  11.717  34.835 242.900  -9.000  -9.000  -9.000  -9.000  -9.000  -9.000  -9.000
9003  40.012 -68.007 1  4  4    4.8  14.787  35.405 249.900  14.790  35.405 251.300   2.839   1.716   0.209  -9.000  -9.000  -9.000  -9.000
9003  40.012 -68.007 1  3  3   50.9  13.013  35.275 233.500  13.009  35.276 231.900   2.962   1.770   0.199  -9.000 536.684  12.127   2.847
9003  40.012 -68.007 1  2  2  102.3  12.756  35.282 226.600  12.745  35.285 227.000   2.885   1.768   0.201  -9.000 529.833  13.693   6.346
9003  40.012 -68.007 1  1  1  155.8  12.607  35.351 208.200  12.589  35.354 204.000   2.640   1.596   0.163  -9.000 475.338  19.334  13.981
9004  39.906 -68.073 1  8  8    5.3  13.891  35.028 264.500  13.894  35.033 259.900   3.080   1.796   0.241  -9.000  -9.000  -9.000  -9.000
9004  39.906 -68.073 1  7  7   99.2  13.454  35.426 244.000  13.443  35.418 230.900   2.750   1.652   0.157  -9.000 511.860  16.317   7.816
9004  39.906 -68.073 1  6  6  201.0  13.164  35.633 178.200  13.139  35.631 177.100   2.119   1.287   0.077  -9.000 394.342  23.392  27.297
9004  39.906 -68.073 1  5  5  304.1   9.118  35.194 151.000   9.086  35.197 150.200   1.403   0.807   0.051  -9.000 203.290  34.058  81.996
9004  39.906 -68.073 1  4  4  400.5   7.068  35.057 181.100   7.031  35.057 183.100   1.821   0.979   0.080  -9.000 222.332  33.155  73.881
9004  39.906 -68.073 1  3  3  499.2   5.883  34.984 210.700   5.840  34.982 209.600   2.293   1.297   0.125  -9.000 276.957  30.299  55.028
9004  39.906 -68.073 1  2  2  598.4   5.420  34.979 224.200   5.371  34.978 224.900   2.544   1.392   0.151  -9.000 290.146  29.606  51.254
9004  39.906 -68.073 1  1  1  660.6   5.337  34.976 227.600   5.282  34.976 228.100   2.569   1.415   0.152  -9.000 293.655  29.444  50.382
9005  39.853 -68.105 1 11 11    7.1  13.925  35.013 258.000  13.927  35.015 259.600   2.970   1.779   0.236  -9.000  -9.000  -9.000  -9.000
9005  39.853 -68.105 1 10 10   74.1  14.104  35.621 240.100  14.096  35.617 231.700   2.733   1.656   0.199  -9.000 529.416  13.777   6.368
9005  39.853 -68.105 1  9  9  147.9  13.472  35.583 213.200  13.455  35.573 211.600   2.523   1.525   0.156  -9.000 473.636  19.427  14.214
9005  39.853 -68.105 1  8  8  250.6  10.203  35.307 144.800  10.176  35.310 142.400   1.398   0.787   0.036  -9.000 209.207  33.780  79.397
9005  39.853 -68.105 1  7  7  352.2   7.409  35.066 165.400   7.377  34.975 172.000   1.563   0.881   0.066  -9.000 203.581  34.044  81.867
9005  39.853 -68.105 1  6  6  476.9   5.854  34.993 212.300   5.814  34.993 213.500   2.287   1.248   0.123  -9.000 266.118  30.921  58.507
9005  39.853 -68.105 1  5  5  604.2   5.273  34.975 230.100   5.223  34.975 229.100   2.511   1.378   0.146  -9.000 285.015  29.842  52.537
9005  39.853 -68.105 1  4  4  725.5   4.822  34.963 245.700   4.765  34.962 244.800   2.833   1.528   0.161  -9.000 308.584  28.723  46.591
9005  39.853 -68.105 1  3  3  849.3   4.583  34.963 251.800   4.516  34.962 251.700   2.849   1.551   0.173  -9.000 309.288  28.682  46.381
9005  39.853 -68.105 1  2  2  942.4   4.463  34.960 256.800   4.389  34.960 255.700   2.906   1.557   0.173  -9.000 308.503  28.728  46.615
9005  39.853 -68.105 1  1  1  963.4   4.411  34.958 257.900   4.335  34.958 257.000   2.892   1.530   0.171  -9.000 302.309  29.046  48.261
9006  39.789 -68.158 1 13 13    3.5  12.416  34.513 268.200  12.419  34.511 269.300   3.360   1.908   0.265  -9.000  -9.000  -9.000  -9.000
9006  39.789 -68.158 1 12 12   76.7  13.726  35.567 231.800  13.718  35.470 230.900   2.807   1.630   0.193  -9.000 512.030  16.300   7.790
9006  39.789 -68.158 1 11 11  151.1  12.526  35.535 166.200  12.508  35.540 165.400   2.034   1.182   0.088  -9.000 351.365  26.021  35.709
9006  39.789 -68.158 1 10 10  252.0   9.143  35.194 149.200   9.118  35.195 149.900   1.406   0.801   0.056  -9.000 202.025  34.117  82.559
9006  39.789 -68.158 1  9  9  379.2   6.438  34.999 193.200   6.405  35.004 191.700   1.930   1.059   0.087  -9.000 232.745  32.647  69.779
9006  39.789 -68.158 1  8  8  524.6   5.342  34.989 226.200   5.299  34.984 227.000   2.407   1.279   0.138  -9.000 265.536  30.952  58.683
9006  39.789 -68.158 1  7  7  673.4   4.845  34.988 246.700   4.792  34.987 244.600   2.640   1.411   0.156  -9.000 285.377  29.826  52.447
9006  39.789 -68.158 1  6  6  822.9   4.404  34.955 258.000   4.340  34.955 258.800   3.120   1.608   0.206  -9.000 317.590  28.196  43.988
9006  39.789 -68.158 1  5  5  950.4   4.262  34.955 262.400   4.188  34.954 262.000   2.972   1.568   0.205  -9.000 307.354  28.795  46.959
9006  39.789 -68.158 1  4  4 1072.9   4.143  34.953 264.600   4.060  34.952 264.200   2.875   1.509   0.188  -9.000 293.909  29.433  50.319
9006  39.789 -68.158 1  3  3 1201.0   4.080  34.954 265.200   3.987  34.954 264.500   2.722   1.422   0.152  -9.000 276.038  30.352  55.320
9006  39.789 -68.158 1  2  2 1325.1   3.999  34.955 265.500   3.896  34.953 264.800   2.517   1.311   0.141  -9.000 253.387  31.595  62.521
9006  39.789 -68.158 1  1  1 1350.4   3.999  34.955 265.200   3.893  34.954 264.900   2.545   1.328   0.142  -9.000 256.673  31.421  61.450
9007  39.706 -68.203 1 18 18    4.5  14.912  35.498 253.300  14.915  35.498 256.300   2.657   1.619   0.165   1.391 535.953  12.325   3.732
9007  39.706 -68.203 1 17 17  100.5  13.370  35.549 219.300  13.359  35.546 221.100   2.506   1.501   0.119   1.542 463.870  19.952  15.609
9007  39.706 -68.203 1 16 16  225.6   9.942  35.265 140.000   9.918  35.282 147.000   1.407   0.822   0.020   0.671 215.692  33.471  76.613
9007  39.706 -68.203 1 15 15  349.4   7.632  35.094 165.000   7.599  35.096 166.100   1.360   0.719   0.016   0.491 168.068  35.780  99.587
9007  39.706 -68.203 1 14 14  474.4   5.472  34.929 219.700   5.433  -9.000 225.100   2.632   1.399   0.106   0.951 292.249  29.509  50.730
9007  39.706 -68.203 1 13 13  600.2   4.934  34.926 242.700   4.886  34.927 245.500   3.054   1.588   0.132   0.996 322.480  27.910  42.659
9007  39.706 -68.203 1 12 12  751.3   4.795  34.985 246.100   4.736  34.986 245.800   2.625   1.431   0.128   0.655 288.651  29.675  51.627
9007  39.706 -68.203 1 11 11  877.2   4.456  34.965 256.300   4.388  34.964 262.200  -9.000  -9.000  -9.000  -9.000  -9.000  -9.000  -9.000
9007  39.706 -68.203 1 10 10 1002.6   4.321  34.963 261.000   4.243  34.962 261.100   2.897   1.540   0.156   0.778 302.846  29.021  48.131
9007  39.706 -68.203 1  9  9 1123.8   4.171  34.959 262.600   4.084  34.957 261.700   2.770   1.455   0.140   0.689 283.832  29.901  52.857
9007  39.706 -68.203 1  8  8 1250.3   4.075  34.964 264.600   3.977  34.965 263.500   2.459   1.274   0.118   0.493 247.264  31.917  64.587
9007  39.706 -68.203 1  7  7 1373.4   3.988  34.963 265.100   3.880  34.964 266.900   2.244   1.173   0.102   0.442 226.602  32.951  72.194
9007  39.706 -68.203 1  6  6 1502.6   3.855  34.957 266.300   3.737  34.958 267.800   2.134   1.099   0.098   0.423 210.780  33.705  78.711
9007  39.706 -68.203 1  5  5 1624.0   3.790  34.954 267.100   3.661  34.957 266.000   2.036   1.061   0.100   0.322 202.775  34.082  82.225
9007  39.706 -68.203 1  4  4 1750.3   3.659  34.949 268.800   3.520  34.955 269.900   1.941   1.006   0.078   0.296 190.905  34.637  87.641
9007  39.706 -68.203 1  3  3 1872.2   3.532  34.942 269.800   3.384  34.943 271.100   1.892   0.975   0.078   0.245 183.743  34.980  91.124
9007  39.706 -68.203 1  2  2 1974.6   3.479  34.941 270.000   3.322  34.942 270.900   1.787   0.927   0.067   0.257 174.194  35.467  96.227
9007  39.706 -68.203 1  1  1 2073.4   3.435  34.941 269.200   3.270  34.943 271.000   1.759   0.909   0.085   0.233 170.405  35.660  98.297
9008  39.479 -68.367 1 23 23    3.8  14.711  35.462 248.200  14.714  35.461 251.800   2.734   1.640   0.198   1.594 537.890  11.780   1.045
9008  39.479 -68.367 1 22 22   74.1  13.358  35.499 235.500  13.351  35.496 226.100   2.678   1.618   0.160   1.517 499.503  17.663  10.345
9008  39.479 -68.367 1 21 21  150.1  11.937  35.513 149.000  11.920  35.537  -9.000  -9.000  -9.000  -9.000  -9.000  -9.000  -9.000  -9.000
9008  39.479 -68.367 1 20 20  250.0   9.618  35.230 138.400   9.592  35.234 137.000   1.210   0.681   0.017   0.535 175.849  35.383  95.330
9008  39.479 -68.367 1 19 19  375.5   7.107  35.074 180.300   7.073  35.075 173.500   1.414   0.759   0.055   0.396 172.739  35.541  97.019
9008  39.479 -68.367 1 18 18  523.9   5.757  35.040 221.200   5.713  35.038 215.300   1.902   1.025   0.072   0.482 217.571  33.381  75.827
9008  39.479 -68.367 1 17 17  675.7   4.722  34.984 242.400   4.669  34.981 253.900   2.672   1.432   0.139   0.760 287.735  29.717  51.856
9008  39.479 -68.367 1 16 16  675.2   4.725  34.984 242.400   4.673  -9.000  -9.000  -9.000  -9.000  -9.000  -9.000  -9.000  -9.000  -9.000
9008  39.479 -68.367 1 15 15  827.1   4.428  34.970 252.700   4.365  34.973 251.000   2.726   1.451   0.140   0.887 286.997  29.751  52.041
9008  39.479 -68.367 1 14 14  826.7   4.433  34.971 252.700   4.369  -9.000  -9.000  -9.000  -9.000  -9.000  -9.000  -9.000  -9.000  -9.000
9008  39.479 -68.367 1 13 13  952.1   4.331  34.977 258.000   4.257  34.974 259.600   2.580   1.378   0.138   0.805 271.171  30.633  56.878
9008  39.479 -68.367 1 12 12 1084.0   4.204  34.972 261.500   4.120  34.971 260.600   2.480   1.281   0.123   0.566 250.366  31.755  63.532
9008  39.479 -68.367 1 11 11 1206.0   4.042  34.967 263.500   3.948  34.966 262.200   2.266   1.177   0.099   0.528 228.044  32.883  71.638
9008  39.479 -68.367 1 10 10 1326.7   3.920  34.962 266.100   3.817  34.961 271.300   2.132   1.134   0.095   0.452 218.270  33.348  75.538
9008  39.479 -68.367 1  9  9 1448.7   3.786  34.958 266.800   3.674  34.957 271.200   1.983   1.025   0.079   0.315 195.861  34.405  85.345
9008  39.479 -68.367 1  8  8 1573.9   3.679  34.952 269.100   3.557  34.953 267.000   1.870   0.992   0.078   0.298 188.454  34.751  88.793
9008  39.479 -68.367 1  7  7 1697.5   3.547  34.948 269.900   3.415  34.948 269.500   1.726   0.907   0.062   0.246 171.076  35.626  97.929
9008  39.479 -68.367 1  6  6 1831.3   3.443  34.945 269.900   3.301  34.946 267.800   1.613   0.829   0.042   0.302 155.479  36.477 107.296
9008  39.479 -68.367 1  5  5 1946.5   3.374  34.944 269.300   3.222  34.943 270.400   1.505   0.801   0.047   0.259 149.668  36.803 110.998
9008  39.479 -68.367 1  4  4 2075.1   3.263  34.944 269.000   3.100  34.943 266.900   1.331   0.697   0.034   0.122 129.452  38.047 125.587
9008  39.479 -68.367 1  3  3 2204.0   3.137  34.942 268.000   2.964  34.943 270.000   1.166   0.604   0.024   0.145 111.411  39.260 140.589
9008  39.479 -68.367 1  2  2 2301.0   3.093  34.939 268.200   2.911  34.938 268.000   1.224   0.633   0.026   0.141 116.478  38.896 135.998
9008  39.479 -68.367 1  1  1 2407.8   3.101  34.938 267.500   2.909  34.939 271.000   1.254   0.655   0.029   0.243 120.577  38.627 132.655
9009  39.344 -68.460 1 24 24    5.8  16.363  35.555 248.300  16.366  35.552 248.400   2.550   1.551   0.212  -9.000  -9.000  -9.000  -9.000
9009  39.344 -68.460 1 23 23  102.4  13.266  35.499 219.000  13.254  35.507 211.200   2.539   1.549   0.159  -9.000 476.201  19.286  13.865
9009  39.344 -68.460 1 22 22  228.9  10.759  35.363 142.100  10.733  35.365 138.000   1.466   0.826   0.037  -9.000 225.625  32.998  72.574
9009  39.344 -68.460 1 21 21  352.8   7.954  35.107 160.500   7.920  35.105 158.600   1.293   0.704   0.050  -9.000 167.266  35.821 100.033
9009  39.344 -68.460 1 20 20  479.0   6.085  35.052 203.200   6.044  35.052 204.100   1.762   0.936   0.091  -9.000 202.110  34.113  82.520
9009  39.344 -68.460 1 19 19  602.5   5.228  35.022 234.100   5.179  35.021 230.600   2.178   1.148   0.107  -9.000 236.996  32.433  68.173
9009  39.344 -68.460 1 18 18  752.4   4.630  34.985 250.200   4.571  34.983 251.400   2.724   1.449   0.169  -9.000 289.734  29.625  51.357
9009  39.344 -68.460 1 17 17  877.1   4.392  34.976 260.500   4.324  34.979 256.700   2.751   1.420   0.179  -9.000 280.342  30.103  53.958
9009  39.344 -68.460 1 16 16  876.9   4.392  34.976 260.500   4.324  35.003 257.600  -9.000  -9.000  -9.000  -9.000  -9.000  -9.000  -9.000
9009  39.344 -68.460 1 15 15 1001.4   4.133  34.957 263.800   4.056  34.956 264.500   2.877   1.522   0.182  -9.000 296.296  29.323  49.730
9009  39.344 -68.460 1 14 14 1001.2   4.133  34.957 263.800   4.056  34.968 265.700  -9.000  -9.000  -9.000  -9.000  -9.000  -9.000  -9.000
9009  39.344 -68.460 1 13 13 1127.0   3.961  34.949 265.100   3.875  34.947 267.100   2.789   1.450   0.174  -9.000 279.670  30.142  54.170
9009  39.344 -68.460 1 12 12 1251.9   3.930  34.955 265.900   3.833  34.955 266.300   2.487   1.264   0.151  -9.000 243.401  32.111  65.892
9009  39.344 -68.460 1 11 11 1377.2   3.860  34.959 265.900   3.753  34.959 266.300   2.158   1.105   0.117  -9.000 211.993  33.647  78.187
9009  39.344 -68.460 1 10 10 1501.6   3.720  34.952 268.000   3.603  34.952 268.700   2.068   1.078   0.112  -9.000 205.245  33.967  81.134
9009  39.344 -68.460 1  9  9 1625.2   3.639  34.949 269.400   3.512  34.959 269.600   1.995   1.007   0.110  -9.000 190.886  34.638  87.649
9009  39.344 -68.460 1  8  8 1751.9   3.527  34.946 270.200   3.391  34.953 270.300   1.799   0.918   0.102  -9.000 172.961  35.530  96.898
9009  39.344 -68.460 1  7  7 1873.7   3.441  34.946 270.700   3.295  34.946 270.800   1.656   0.830   0.084  -9.000 155.654  36.467 107.187
9009  39.344 -68.460 1  6  6 1999.8   3.353  34.944 270.600   3.197  34.943 270.800   1.553   0.782   0.082  -9.000 145.950  37.024 113.536
9009  39.344 -68.460 1  5  5 2124.6   3.217  34.941 270.700   3.050  34.946 271.400   1.453   0.741   0.074  -9.000 137.276  37.556 119.745
9009  39.344 -68.460 1  4  4 2249.5   3.148  34.939 270.900   2.970  34.940 271.900   1.404   0.709   0.071  -9.000 130.853  37.955 124.487
9009  39.344 -68.460 1  3  3 2374.3   3.092  34.937 271.100   2.903  34.936 270.300   1.380   0.695   0.070  -9.000 127.877  38.149 126.828
9009  39.344 -68.460 1  2  2 2499.5   3.013  34.935 270.400   2.813  34.938 270.200   1.310   0.651   0.069  -9.000 119.264  38.712 133.715
9009  39.344 -68.460 1  1  1 2528.8   2.941  34.931 271.700   2.740  34.929 271.200   1.360   0.701   0.070  -9.000 127.914  38.147 126.800
9010  39.092 -68.638 1 19 24    5.1  17.956  35.588 253.100  17.960  35.584 253.400   2.394   1.450   0.195  -9.000  -9.000  -9.000  -9.000
9010  39.092 -68.638 1 18 23  250.9   9.890  35.271 139.100   9.863  35.277 142.000   1.203   0.690   0.039  -9.000 180.611  35.140  92.778
9010  39.092 -68.638 1 17 22 1801.9   3.532  34.947 270.400   3.391  -9.000  -9.000  -9.000  -9.000  -9.000  -9.000  -9.000  -9.000  -9.000
9010  39.092 -68.638 1 16 21 1802.6   3.531  34.947 270.500   3.390  -9.000  -9.000  -9.000  -9.000  -9.000  -9.000  -9.000  -9.000  -9.000
9010  39.092 -68.638 1 15 20 1802.6   3.531  34.947 270.500   3.390  -9.000  -9.000  -9.000  -9.000  -9.000  -9.000  -9.000  -9.000  -9.000
9010  39.092 -68.638 1 14 18 1801.7   3.532  34.947 270.400   3.391  34.945 269.500  -9.000  -9.000  -9.000  -9.000  -9.000  -9.000  -9.000
9010  39.092 -68.638 1 13 17 1802.0   3.532  34.947 270.400   3.390  34.946 269.900   1.760   0.890   0.090  -9.000 167.733  35.797  99.772
9010  39.092 -68.638 1 12 16 2648.3   2.802  34.925 273.700   2.591  -9.000  -9.000  -9.000  -9.000  -9.000  -9.000  -9.000  -9.000  -9.000
9010  39.092 -68.638 1 11 15 2647.4   2.805  34.925 273.700   2.595  -9.000  -9.000  -9.000  -9.000  -9.000  -9.000  -9.000  -9.000  -9.000
9010  39.092 -68.638 1 10 13 2648.3   2.802  34.925 273.700   2.591  -9.000  -9.000  -9.000  -9.000  -9.000  -9.000  -9.000  -9.000  -9.000
9010  39.092 -68.638 1  9 11 2648.2   2.802  34.925 273.700   2.592  -9.000  -9.000  -9.000  -9.000  -9.000  -9.000  -9.000  -9.000  -9.000
9010  39.092 -68.638 1  8 10 2692.0   2.753  34.924 273.600   2.539  -9.000  -9.000  -9.000  -9.000  -9.000  -9.000  -9.000  -9.000  -9.000
9010  39.092 -68.638 1  7  8 2706.1   2.739  34.923 273.800   2.524  -9.000  -9.000  -9.000  -9.000  -9.000  -9.000  -9.000  -9.000  -9.000
9010  39.092 -68.638 1  6  6 2774.3   2.693  34.920 273.800   2.472  34.919 273.100  -9.000  -9.000  -9.000  -9.000  -9.000  -9.000  -9.000
9010  39.092 -68.638 1  5  5 2875.2   2.553  34.914 274.700   2.325  -9.000  -9.000  -9.000  -9.000  -9.000  -9.000  -9.000  -9.000  -9.000
9010  39.092 -68.638 1  4  4 2877.5   2.553  34.914 274.700   2.325  -9.000  -9.000  -9.000  -9.000  -9.000  -9.000  -9.000  -9.000  -9.000
9010  39.092 -68.638 1  3  3 2882.3   2.551  34.914 274.500   2.323  -9.000  -9.000  -9.000  -9.000  -9.000  -9.000  -9.000  -9.000  -9.000
9010  39.092 -68.638 1  2  2 2922.2   2.494  34.911 274.500   2.263  34.911 274.800  -9.000  -9.000  -9.000  -9.000  -9.000  -9.000  -9.000
9010  39.092 -68.638 1  1  1 3033.7   2.416  34.906 273.600   2.175  -9.000 275.300   1.552   0.805   0.100  -9.000 142.679  37.225 115.862
9011  38.827 -68.814 1 24 24  150.9  13.625  35.498 208.000  13.606  35.502 214.600   2.661   1.540   0.172  -9.000 481.214  19.011  13.210
9011  38.827 -68.814 1 23 23  299.5  10.736  35.374 139.900  10.702  35.405 145.700   1.336   0.748   0.026  -9.000 204.119  34.019  81.630
9011  38.827 -68.814 1 22 22  449.9   7.084  35.069 180.400   7.042  35.068 181.200   1.591   0.862   0.072  -9.000 195.944  34.401  85.307
9011  38.827 -68.814 1 21 21  461.2   7.004  35.070 182.900   6.962  35.069 185.700   1.532   0.824   0.075  -9.000 186.546  34.840  89.697
9011  38.827 -68.814 1 20 20  603.1   5.347  35.017 227.900   5.298  35.018 227.600   2.140   1.146   0.115  -9.000 238.053  32.380  67.786
9011  38.827 -68.814 1 19 19  748.2   4.817  35.001 243.200   4.757  34.998 246.000   2.479   1.304   0.154  -9.000 263.378  31.066  59.342
9011  38.827 -68.814 1 18 18  876.6   4.649  35.007 251.300   4.580  35.006 250.700   2.272   1.203   0.124  -9.000 240.841  32.240  66.785
9011  38.827 -68.814 1 17 17 1003.5   4.228  34.968 261.800   4.150  -9.000 262.400   2.697   1.399   0.168  -9.000 273.769  30.483  56.044
9011  38.827 -68.814 1 16 16 1001.5   4.231  34.969 261.900   4.154  34.967 262.100  -9.000  -9.000  -9.000  -9.000  -9.000  -9.000  -9.000
9011  38.827 -68.814 1 15 15 1155.4   4.066  34.966 264.000   3.977  34.965 263.300   2.439   1.276   0.146  -9.000 247.538  31.903  64.496
9011  38.827 -68.814 1 14 14 1153.4   4.071  34.967 264.000   3.981  34.965 265.900  -9.000  -9.000  -9.000  -9.000  -9.000  -9.000  -9.000
9011  38.827 -68.814 1 13 13 1301.7   3.955  34.961 265.400   3.854  34.960 264.900   2.326   1.190   0.134  -9.000 229.473  32.811  71.064
9011  38.827 -68.814 1 12 12 1451.2   3.830  34.963 266.400   3.717  34.962 266.100   1.951   1.026   0.115  -9.000 196.530  34.374  85.039
9011  38.827 -68.814 1 11 11 1602.5   3.691  34.955 269.000   3.566  34.955 269.500   1.875   0.956   0.108  -9.000 181.739  35.082  92.181
9011  38.827 -68.814 1 10 10 1751.7   3.577  34.952 270.800   3.440  34.951 270.700   1.709   0.867   0.084  -9.000 163.803  36.009 102.094
9011  38.827 -68.814 1  9  9 1875.1   3.437  34.943 271.300   3.290  34.941 271.100   1.727   0.879   0.091  -9.000 164.802  35.953 101.477
9011  38.827 -68.814 1  8  8 1997.2   3.395  34.943 272.100   3.238  34.942 271.000   1.624   0.820   0.084  -9.000 153.391  36.594 108.620
9011  38.827 -68.814 1  7  7 2150.2   3.276  34.944 271.800   3.106  34.943 270.900   1.327   0.703   0.069  -9.000 130.659  37.968 124.639
9011  38.827 -68.814 1  6  6 2399.9   3.136  34.941 271.500   2.944  34.940 271.600   1.271   0.657   0.064  -9.000 121.178  38.587 132.170
9011  38.827 -68.814 1  5  5 2648.3   2.870  34.930 272.900   2.659  34.928 273.700   1.318   0.677   0.070  -9.000 123.053  38.465 130.666
9011  38.827 -68.814 1  4  4 2848.9   2.671  34.921 274.000   2.444  34.921 275.000   1.346   0.697   0.070  -9.000 125.302  38.318 128.870
9011  38.827 -68.814 1  3  3 2998.2   2.499  34.913 275.300   2.260  34.913 274.700   1.317   0.672   0.069  -9.000 119.662  38.686 133.394
9011  38.827 -68.814 1  2  2 3121.6   2.369  34.905 276.200   2.121  34.904 275.400   1.509   0.776   0.085  -9.000 137.180  37.562 119.815
9011  38.827 -68.814 1  1  1 3279.1   2.241  34.896 274.000   1.979  34.897 276.000   1.464   0.760   0.079  -9.000 133.393  37.795 122.569
9012  38.561 -67.029 1 24 24    6.1  24.144  36.420 206.600  24.149  36.420 210.700   1.747   1.112   0.104  -9.000 542.905   9.627  -9.249
9012  38.561 -67.029 1 23 23  135.9  20.202  36.567 156.000  20.182  36.542 166.000   2.020   1.245   0.065  -9.000 521.301  15.159   6.475
9012  38.561 -67.029 1 22 22  274.8  17.700  36.481 179.200  17.657  36.495 193.200   2.290   1.305   0.022  -9.000 492.202  18.270  11.584
9012  38.561 -67.029 1 21 21  419.8  14.630  35.950 163.900  14.570  35.950 165.400   2.094   1.147   0.018  -9.000 376.647  24.422  30.743
9012  38.561 -67.029 1 20 20  567.7  10.407  35.319 145.100  10.340  35.323 138.600   1.354   0.757   0.033  -9.000 203.240  34.060  82.019
9012  38.561 -67.029 1 19 19  722.0   6.898  35.073 195.100   6.830  35.067 184.900   1.511   0.794   0.061  -9.000 178.796  35.232  93.746
9012  38.561 -67.029 1 18 18  878.9   5.382  35.034 232.600   5.307  35.035 226.900   2.029   1.033   0.055  -9.000 215.009  33.503  76.901
9012  38.561 -67.029 1 17 17 1034.0   4.642  34.986 245.000   4.559  34.988 251.600   2.605   1.321   0.077  -9.000 264.315  31.017  59.055
9012  38.561 -67.029 1 16 16 1034.4   4.643  34.986 245.100   4.560  34.987 249.900  -9.000  -9.000  -9.000  -9.000  -9.000  -9.000  -9.000
9012  38.561 -67.029 1 15 15 1180.1   4.351  34.978 257.700   4.257  -9.000  -9.000  -9.000  -9.000  -9.000  -9.000  -9.000  -9.000  -9.000
9012  38.561 -67.029 1 14 14 1178.8   4.358  34.979 258.000   4.264  34.987 258.300   2.548   1.290   0.102  -9.000 254.224  31.551  62.245
9012  38.561 -67.029 1 13 13 1333.3   4.173  34.970 260.500   4.067  34.965 262.900   2.571   1.306   0.115  -9.000 254.826  31.519  62.049
9012  38.561 -67.029 1 12 12 1475.5   4.046  34.971 263.500   3.929  34.973 264.500   2.234   1.118   0.093  -9.000 216.666  33.424  76.204
9012  38.561 -67.029 1 11 11 1633.0   3.803  34.951 266.800   3.674  34.950 268.100   2.225   1.125   0.091  -9.000 215.151  33.497  76.841
9012  38.561 -67.029 1 10 10 1778.6   3.707  34.953 267.800   3.566  34.955 268.600   1.939   0.993   0.078  -9.000 188.932  34.729  88.567
9012  38.561 -67.029 1  9  9 1952.9   3.588  34.951 269.000   3.432  34.952 268.800   1.698   0.854   0.073  -9.000 161.443  36.142 103.556
9012  38.561 -67.029 1  8  8 2155.2   3.442  34.947 269.900   3.269  34.948 268.200   1.526   0.746   0.030  -9.000 139.909  37.395 117.846
9012  38.561 -67.029 1  7  7 2400.6   3.234  34.945 269.000   3.041  34.948 268.000   1.248   0.611   0.032  -9.000 113.302  39.124 138.865
9012  38.561 -67.029 1  6  6 2676.5   2.969  34.935 270.500   2.753  34.935 270.400   1.192   0.599   0.031  -9.000 109.473  39.400 142.366
9012  38.561 -67.029 1  5  5 2873.0   2.714  34.923 271.900   2.484  34.923 272.700   1.258   0.639   0.055  -9.000 115.149  38.992 137.195
9012  38.561 -67.029 1  4  4 3017.9   2.542  34.915 273.200   2.300  34.914 273.500   1.254   0.645   0.055  -9.000 115.127  38.993 137.214
9012  38.561 -67.029 1  3  3 3145.0   2.430  34.908 274.200   2.177  34.908 274.300   1.504   0.734   0.044  -9.000 130.199  37.998 125.001
9012  38.561 -67.029 1  2  2 3294.8   2.346  34.902 274.700   2.080  34.902 274.900   1.631   0.805   0.061  -9.000 142.123  37.259 116.260
9012  38.561 -67.029 1  1  1 3530.3   2.159  34.890 270.300   1.872  34.889 270.200  -9.000  -9.000  -9.000  -9.000  -9.000  -9.000  -9.000
9013  38.317 -67.134 1 24 24    5.0  23.356  36.470 212.700  23.361  36.469 213.900   1.796   1.133   0.156  -9.000 536.957  12.054   2.488
9013  38.317 -67.134 1 23 23  200.9  18.804  36.632 196.900  18.773  36.636 195.600   2.225   1.356   0.026  -9.000 536.454  12.190   3.138
9013  38.317 -67.134 1 22 22  400.7  17.717  36.507 203.300  17.652  36.509 200.000   2.265   1.371   0.038  -9.000 517.598  15.704   6.953
9013  38.317 -67.134 1 21 21  598.6  13.926  35.830 165.300  13.841  35.830 160.100   2.002   1.146   0.010  -9.000 364.206  25.185  33.153
9013  38.317 -67.134 1 20 20  799.9   9.067  35.195 150.200   8.979  35.194 143.000   1.000   0.524   0.026  -9.000 131.670  37.901 123.846
9013  38.317 -67.134 1 19 19  951.0   6.147  35.054 204.000   6.061  35.054 203.600   1.703   0.885   0.065  -9.000 191.717  34.599  87.260
9013  38.317 -67.134 1 18 18 1101.3   5.045  35.008 239.300   4.952  35.010 237.400   2.307   1.183   0.129  -9.000 241.850  32.189  66.431
9013  38.317 -67.134 1 17 17 1250.5   4.586  34.986 250.600   4.484  34.988 251.000   2.505   1.312   0.150  -9.000 261.735  31.153  59.851
9013  38.317 -67.134 1 16 16 1251.2   4.577  34.985 250.600   4.475  34.987 252.300  -9.000  -9.000  -9.000  -9.000  -9.000  -9.000  -9.000
9013  38.317 -67.134 1 15 15 1401.5   4.372  34.983 258.900   4.258  34.983 256.300   2.463   1.259   0.151  -9.000 248.314  31.863  64.235
9013  38.317 -67.134 1 14 14 1401.1   4.373  34.983 258.800   4.258  34.983 256.900  -9.000  -9.000  -9.000  -9.000  -9.000  -9.000  -9.000
9013  38.317 -67.134 1 13 13 1602.1   4.083  34.963 263.200   3.953  34.972 260.800   2.427   1.201   0.125  -9.000 233.193  32.624  69.606
9013  38.317 -67.134 1 12 12 1799.7   3.925  34.963 264.800   3.779  34.961 265.000   2.112   1.036   0.099  -9.000 199.461  34.237  83.708
9013  38.317 -67.134 1 11 11 2003.3   3.750  34.956 267.700   3.587  34.955 267.500   1.872   0.911   0.092  -9.000 173.737  35.490  96.475
9013  38.317 -67.134 1 10 10 2200.8   3.599  34.950 269.000   3.419  34.951 268.900   1.697   0.832   0.083  -9.000 157.375  36.370 106.101
9013  38.317 -67.134 1  9  9 2402.9   3.420  34.946 269.500   3.223  34.944 268.900   1.464   0.714   0.079  -9.000 133.747  37.773 122.311
9013  38.317 -67.134 1  8  8 2601.7   3.256  34.945 268.600   3.042  34.943 268.600   1.241   0.632   0.068  -9.000 117.336  38.839 135.281
9013  38.317 -67.134 1  7  7 2799.8   3.054  34.938 269.000   2.824  34.938 268.500   1.167   0.598   0.065  -9.000 109.802  39.376 142.063
9013  38.317 -67.134 1  6  6 2999.0   2.920  34.933 269.700   2.672  34.933 269.600   1.080   0.548   0.045  -9.000  99.882  40.113 151.668
9013  38.317 -67.134 1  5  5 3147.8   2.728  34.922 271.900   2.468  34.922 272.900   1.260   0.668   0.079  -9.000 120.468  38.634 132.744
9013  38.317 -67.134 1  4  4 3300.5   2.506  34.911 272.800   2.235  34.912 272.700   1.241   0.645   0.055  -9.000 114.895  39.010 137.424
9013  38.317 -67.134 1  3  3 3447.8   2.446  34.907 273.900   2.161  34.906 274.600   1.453   0.736   0.102  -9.000 130.667  37.967 124.633
9013  38.317 -67.134 1  2  2 3648.7   2.264  34.896 273.700   1.962  34.894 273.100   1.523   0.768   0.103  -9.000 134.970  37.698 121.419
9013  38.317 -67.134 1  1  1 3866.5   2.167  34.887 268.000   1.843  34.891 268.200   1.190   0.604   0.076  -9.000 105.569  39.681 145.985
9014  38.092 -67.333 1 24 24    5.7  21.819  36.501 222.600  21.823  36.501 219.600   1.921   1.228   0.136   0.949  -9.000  -9.000  -9.000
9014  38.092 -67.333 1 23 23  102.4  20.134  36.595 221.200  20.120  36.596 220.100   2.086   1.303   0.139   0.948 544.236   8.804  -9.727
9014  38.092 -67.333 1 22 22  303.2  18.227  36.570 199.200  18.178  36.569 196.800   2.255   1.350   0.023   0.862 521.049  15.196   6.497
9014  38.092 -67.333 1 21 21  504.7  17.460  36.460 197.000  17.378  36.463 200.300   2.274   1.365   0.031   1.000 509.512  16.542   8.197
9014  38.092 -67.333 1 20 20  710.3  13.797  35.789 149.100  13.696  35.825 151.200   1.894   1.080   0.028   0.509 341.098  26.771  38.147
9014  38.092 -67.333 1 19 19  908.5   9.168  35.213 153.700   9.066  35.206 144.200   1.008   0.548   0.013   0.251 138.410  37.487 118.926
9014  38.092 -67.333 1 18 18 1108.6   6.135  35.090 207.000   6.033  35.063 217.700   1.538   0.821   0.070   0.270 177.808  35.283  94.274
9014  38.092 -67.333 1 17 17 1258.8   5.066  35.019 236.700   4.958  -9.000  -9.000  -9.000  -9.000  -9.000  -9.000  -9.000  -9.000  -9.000
9014  38.092 -67.333 1 16 16 1258.0   5.075  35.020 236.500   4.967  35.020 237.300  -9.000  -9.000  -9.000  -9.000  -9.000  -9.000  -9.000
9014  38.092 -67.333 1 15 15 1405.7   4.678  35.010 247.700   4.560  35.010 248.200   2.121   1.108   0.104   0.378 222.171  33.162  73.946
9014  38.092 -67.333 1 14 14 1403.5   4.683  35.010 247.700   4.566  35.010 248.300  -9.000  -9.000  -9.000  -9.000  -9.000  -9.000  -9.000
9014  38.092 -67.333 1 13 13 1601.4   4.355  34.994 255.800   4.222  34.995 255.800   2.092   1.067   0.103   0.353 210.276  33.729  78.931
9014  38.092 -67.333 1 12 12 1857.9   3.964  34.957 263.600   3.812  34.956 265.600   2.339   1.205   0.126   0.384 232.469  32.660  69.885
9014  38.092 -67.333 1 11 11 2102.1   3.837  34.959 266.700   3.663  34.959 265.800   1.893   0.970   0.070   0.245 185.864  34.872  90.021
9014  38.092 -67.333 1 10 10 2350.6   3.623  34.947 269.900   3.428  34.946 269.100   1.744   0.883   0.062   0.256 167.233  35.822 100.051
9014  38.092 -67.333 1  9  9 2572.5   3.499  34.948 270.200   3.283  34.947 268.700   1.465   0.736   0.041   0.229 138.464  37.484 118.888
9014  38.092 -67.333 1  8  8 2840.8   3.312  34.945 270.000   3.072  34.944 268.400   1.241   0.625   0.049   0.136 116.391  38.902 136.076
9014  38.092 -67.333 1  7  7 3037.7   3.171  34.942 269.500   2.914  34.945 268.600   1.102   0.553   0.045   0.145 102.193  39.929 149.223
9014  38.092 -67.333 1  6  6 3187.2   3.062  34.939 269.000   2.791  34.939 269.200   0.970   0.494   0.039   0.160  90.747  40.844 161.581
9014  38.092 -67.333 1  5  5 3339.5   2.924  34.930 270.800   2.639  34.929 270.200   1.070   0.556   0.045   0.138 101.360  39.995 150.101
9014  38.092 -67.333 1  4  4 3480.7   2.803  34.924 272.100   2.506  34.924 271.000  -9.000  -9.000  -9.000  -9.000  -9.000  -9.000  -9.000
9014  38.092 -67.333 1  3  3 3684.6   2.627  34.914 272.900   2.312  34.912 272.600   1.306   0.669   0.051   0.169 119.970  38.666 133.145
9014  38.092 -67.333 1  2  2 3891.2   2.443  34.904 272.200   2.110  34.903 272.500   1.297   0.672   0.058   0.181 119.280  38.711 133.703
9014  38.092 -67.333 1  1  1 3991.8   2.322  34.895 270.400   1.980  34.894 271.900   1.386   0.720   0.060   0.217 126.940  38.211 127.570
9015  37.859 -67.496 1 24 24    4.4  22.492  36.423 217.800  22.497  36.423 215.600   1.867   1.160   0.146  -9.000 531.362  13.388   6.177
9015  37.859 -67.496 1 23 23  202.8  19.535  36.609 215.000  19.502  36.609 213.000   2.136   1.307   0.117  -9.000 532.792  13.102   5.852
9015  37.859 -67.496 1 22 22  405.0  18.409  36.597 202.600  18.342  36.601 195.900   2.188   1.342   0.022  -9.000 522.065  15.047   6.420
9015  37.859 -67.496 1 21 21  606.4  17.037  36.356 185.900  16.939  36.361 182.800   2.243   1.294   0.035  -9.000 473.895  19.413  14.178
9015  37.859 -67.496 1 20 20  807.8  12.927  35.673 141.800  12.816  35.682 152.000   1.772   0.985   0.024  -9.000 298.671  29.213  49.146
9015  37.859 -67.496 1 19 19 1008.9   8.414  35.151 153.200   8.305  35.151 154.100   1.094   0.612   0.035  -9.000 148.844  36.849 111.529
9015  37.859 -67.496 1 18 18 1161.7   5.971  35.040 207.600   5.865  35.043 207.800   1.826   0.995   0.053  -9.000 213.564  33.572  77.515
9015  37.859 -67.496 1 17 17 1306.3   5.080  35.018 236.800   4.967  -9.000  -9.000  -9.000  -9.000  -9.000  -9.000  -9.000  -9.000  -9.000
9015  37.859 -67.496 1 16 16 1305.2   5.081  35.017 236.500   4.968  -9.000  -9.000   2.299   1.195   0.116  -9.000 244.789  32.041  65.418
9015  37.859 -67.496 1 15 15 1508.6   4.522  34.986 251.700   4.396  34.984 253.600   2.566   1.306   0.142  -9.000 259.652  31.263  60.501
9015  37.859 -67.496 1 14 14 1510.6   4.520  34.987 251.900   4.394  34.982 254.100  -9.000  -9.000  -9.000  -9.000  -9.000  -9.000  -9.000
9015  37.859 -67.496 1 13 13 1705.2   4.237  34.973 260.300   4.096  34.974 259.700   2.419   1.248   0.115  -9.000 244.349  32.063  65.567
9015  37.859 -67.496 1 12 12 1900.4   4.078  34.971 262.700   3.920  34.969 262.400   2.168   1.150   0.128  -9.000 223.249  33.111  73.514
9015  37.859 -67.496 1 11 11 2049.9   3.926  34.964 264.900   3.756  34.963 264.700   2.014   1.043   0.118  -9.000 200.818  34.174  83.098
9015  37.859 -67.496 1 10 10 2299.3   3.706  34.950 267.800   3.514  34.949 268.400   1.872   0.937   0.092  -9.000 178.261  35.260  94.032
9015  37.859 -67.496 1  9  9 2601.6   3.491  34.946 269.000   3.273  34.945 269.200   1.552   0.786   0.070  -9.000 147.802  36.911 112.228
9015  37.859 -67.496 1  8  8 2899.3   3.326  34.946 268.300   3.080  34.944 267.600   1.206   0.607   0.050  -9.000 113.126  39.137 139.026
9015  37.859 -67.496 1  7  7 3152.7   3.118  34.941 268.000   2.849  34.941 267.700   1.043   0.552   0.045  -9.000 101.713  39.967 149.728
9015  37.859 -67.496 1  6  6 3394.4   2.909  34.930 270.100   2.619  34.929 270.200   1.093   0.557   0.057  -9.000 101.459  39.987 149.997
9015  37.859 -67.496 1  5  5 3595.5   2.752  34.922 271.300   2.444  34.921 270.900   1.121   0.597   0.057  -9.000 107.804  39.520 143.907
9015  37.859 -67.496 1  4  4 3740.3   2.637  34.915 272.600   2.315  34.913 272.300   1.239   0.634   0.062  -9.000 113.757  39.092 138.453
9015  37.859 -67.496 1  3  3 3894.6   2.533  34.909 272.800   2.197  34.908 272.900   1.300   0.687   0.069  -9.000 122.556  38.497 131.064
9015  37.859 -67.496 1  2  2 4089.7   2.407  34.902 271.600   2.052  34.901 271.600   1.200   0.635   0.064  -9.000 112.488  39.183 139.606
9015  37.859 -67.496 1  1  1 4446.6   2.227  34.886 265.600   1.835  34.885 265.800   0.971   0.520   0.057  -9.000  91.188  40.809 161.094
9016  37.622 -67.627 1 24 24    4.7  20.914  36.531 225.400  20.919  36.532 229.700   2.310   1.404   0.135  -9.000  -9.000  -9.000  -9.000
9016  37.622 -67.627 1 23 23   99.7  20.279  36.570 225.100  20.266  36.569 227.900   2.065   1.309   0.100  -9.000  -9.000  -9.000  -9.000
9016  37.622 -67.627 1 22 22  298.3  19.334  36.627 222.000  19.284  36.626 224.800  -9.000  -9.000  -9.000  -9.000  -9.000  -9.000  -9.000
9016  37.622 -67.627 1 21 21  502.2  18.131  36.575 206.900  18.047  36.574 207.400   2.311   1.403   0.034  -9.000 539.351  11.276  -1.882
9016  37.622 -67.627 1 20 20  750.9  14.488  35.915 169.900  14.378  35.921 163.300   2.037   1.149   0.038  -9.000 374.802  24.533  31.100
9016  37.622 -67.627 1 19 19 1001.9   8.465  35.136 151.100   8.357  35.143 147.600   0.948   0.527   0.036  -9.000 128.475  38.110 126.357
9016  37.622 -67.627 1 18 18 1247.5   5.348  35.026 228.600   5.239  35.025 228.800   2.095   1.104   0.111   0.497 229.362  32.817  71.109
9016  37.622 -67.627 1 17 17 1401.8   4.774  34.999 249.000   4.656  -9.000  -9.000  -9.000  -9.000  -9.000  -9.000  -9.000  -9.000  -9.000
9016  37.622 -67.627 1 16 16 1402.0   4.774  34.999 249.000   4.655  35.001 247.300   2.413   1.268   0.124  -9.000 255.522  31.482  61.822
9016  37.622 -67.627 1 15 15 1601.1   4.361  34.981 258.300   4.228  34.980 257.600   2.496   1.295   0.149  -9.000 255.256  31.496  61.908
9016  37.622 -67.627 1 14 14 1600.6   4.362  34.981 258.200   4.229  34.980 257.000  -9.000  -9.000  -9.000  -9.000  -9.000  -9.000  -9.000
9016  37.622 -67.627 1 13 13 1848.7   4.059  34.969 263.300   3.907  34.967 261.800   2.174   1.103   0.112  -9.000 213.904  33.556  77.370
9016  37.622 -67.627 1 12 12 2098.8   3.809  34.956 268.100   3.636  34.955 267.700   1.976   0.989   0.100   0.191 189.213  34.716  88.434
9016  37.622 -67.627 1 11 11 2393.3   3.523  34.947 270.000   3.325  34.947 269.700   1.628   0.828   0.094   0.313 155.971  36.449 106.986
9016  37.622 -67.627 1 10 10 2600.6   3.383  34.948 269.200   3.166  34.947 269.100   1.299   0.654   0.061  -9.000 122.264  38.516 131.298
9016  37.622 -67.627 1  9  9 2901.1   3.139  34.943 268.900   2.896  34.942 268.800   1.024   0.540   0.045   0.145  99.618  40.135 151.949
9016  37.622 -67.627 1  8  8 3150.2   2.899  34.932 270.900   2.635  34.935 269.300  -9.000  -9.000  -9.000  -9.000  -9.000  -9.000  -9.000
9016  37.622 -67.627 1  7  7 3348.5   2.639  34.917 273.600   2.360  34.917 272.000   1.248   0.630   0.065   0.268 113.055  39.142 139.090
9016  37.622 -67.627 1  6  6 3550.7   2.451  34.908 272.600   2.154  34.907 272.200   1.214   0.630   0.082   0.178 111.880  39.227 140.161
9016  37.622 -67.627 1  5  5 3754.7   2.332  34.900 273.400   2.016  34.899 272.800   1.269   0.664   0.081   0.198 117.136  38.852 135.444
9016  37.622 -67.627 1  4  4 3951.1   2.280  34.895 270.500   1.944  34.894 270.400   1.093   0.551   0.047   0.173  96.917  40.351 154.843
9016  37.622 -67.627 1  3  3 4152.3   2.256  34.892 269.000   1.897  34.891 269.200   1.005   0.536   0.044   0.203  94.152  40.572 157.842
9016  37.622 -67.627 1  2  2 4397.7   2.234  34.887 267.000   1.847  34.886 265.700   0.873   0.470   0.024   0.146  82.452  41.587 172.038
9016  37.622 -67.627 1  1  1 4666.0   2.231  34.884 265.700   1.813  34.884 265.700   1.035   0.570   0.056   0.360  99.977  40.106 151.567
9017  37.383 -67.797 1 24 24    4.5  20.969  36.544 222.300  20.973  36.544 223.000   2.020   1.277   0.113  -9.000  -9.000  -9.000  -9.000
9017  37.383 -67.797 1 23 23  199.1  19.908  36.652 214.900  19.876  36.596 217.100   2.118   1.326   0.124  -9.000  -9.000  -9.000  -9.000
9017  37.383 -67.797 1 22 22  399.6  18.215  36.582 202.400  18.149  36.581 200.300   2.303   1.398   0.019  -9.000 539.373  11.269  -1.927
9017  37.383 -67.797 1 21 21  598.6  17.074  36.376 192.300  16.977  36.376 190.900   2.282   1.381   0.032  -9.000 506.649  16.818   8.694
9017  37.383 -67.797 1 20 20  849.8  11.170  35.395 135.600  11.063  35.410 133.700   1.329   0.731   0.045  -9.000 203.675  34.040  81.826
9017  37.383 -67.797 1 19 19 1098.8   6.671  35.066 191.500   6.566  35.072 189.500   1.570   0.809   0.074  -9.000 180.060  35.168  93.071
9017  37.383 -67.797 1 18 18 1298.0   5.115  35.015 238.100   5.003  35.015 236.800   2.314   1.224   0.121  -9.000 251.171  31.712  63.261
9017  37.383 -67.797 1 17 17 1449.9   4.433  34.963 251.200   4.314  34.961 258.200   2.932   1.551   0.174  -9.000 306.837  28.825  47.115
9017  37.383 -67.797 1 16 16 1449.7   4.433  34.963 251.200   4.314  34.960 257.400  -9.000  -9.000  -9.000  -9.000  -9.000  -9.000  -9.000
9017  37.383 -67.797 1 15 15 1650.5   4.178  34.958 263.400   4.042  34.956 263.200   2.794   1.441   0.157  -9.000 281.204  30.053  53.686
9017  37.383 -67.797 1 14 14 1650.1   4.178  34.958 263.400   4.043  34.957 263.000  -9.000  -9.000  -9.000  -9.000  -9.000  -9.000  -9.000
9017  37.383 -67.797 1 13 13 1900.1   3.896  34.950 266.700   3.741  34.948 266.500   2.415   1.251   0.129  -9.000 240.443  32.260  66.927
9017  37.383 -67.797 1 12 12 2099.6   3.742  34.952 268.700   3.569  34.949 267.200   1.941   1.002   0.094  -9.000 191.002  34.632  87.596
9017  37.383 -67.797 1 11 11 2350.8   3.531  34.945 271.500   3.337  34.945 269.000   1.710   0.871   0.094  -9.000 164.139  35.990 101.886
9017  37.383 -67.797 1 10 10 2648.9   3.299  34.945 269.100   3.079  34.944 267.200   1.283   0.650   0.059  -9.000 120.959  38.602 132.348
9017  37.383 -67.797 1  9  9 2948.2   3.048  34.940 269.900   2.802  34.938 266.300   0.960   0.511   0.055  -9.000  93.799  40.600 158.227
9017  37.383 -67.797 1  8  8 3200.6   2.806  34.929 269.600   2.539  34.929 266.700   0.914   0.477   0.048  -9.000  86.396  41.232 166.988
9017  37.383 -67.797 1  7  7 3399.5   2.614  34.917 271.700   2.331  34.917 270.700   1.049   0.547   0.050  -9.000  98.025  40.262 153.652
9017  37.383 -67.797 1  6  6 3599.7   2.458  34.909 270.400   2.157  34.909 269.700   0.881   0.451   0.047  -9.000  80.124  41.797 175.059
9017  37.383 -67.797 1  5  5 3799.9   2.351  34.901 270.000   2.030  34.899 269.900   0.919   0.502   0.048  -9.000  88.652  41.028 164.139
9017  37.383 -67.797 1  4  4 3997.5   2.300  34.896 268.400   1.958  34.896 268.900   0.923   0.475   0.054  -9.000  83.643  41.480 170.504
9017  37.383 -67.797 1  3  3 4249.4   2.252  34.890 266.200   1.882  34.890 267.200   0.889   0.464  -9.000  -9.000  81.485  41.674 173.290
9017  37.383 -67.797 1  2  2 4499.1   2.234  34.886 263.300   1.836  34.884 265.100   0.784   0.416   0.044  -9.000  72.978  42.508 185.548
9017  37.383 -67.797 1  1  1 4826.1   2.248  34.882 260.600   1.809  34.882 263.500   1.050   0.542  -9.000  -9.000  95.154  40.492 156.751
