2005apr
      2005.29
STN   LAT    LON CAST SAMP BTL CTDPRS CTDTMP CTDSAL CTDOXY   THETA   SALNTY  OXYGEN  CFC-11  CFC-12  CFC113  SF6  pCFC-12 CFC12age Mean Age
9001  40.296 -69.790 1 21 21    2.7   6.605  32.356 326.900   6.606  -9.000  -9.000  -9.000  -9.000  -9.000  -9.000  -9.000  -9.000  -9.000
9001  40.296 -69.790 1 16 16   18.5   6.170  32.574 324.900   6.170  -9.000  -9.000  -9.000  -9.000  -9.000  -9.000  -9.000  -9.000  -9.000
9001  40.296 -69.790 1 11 11   39.3   5.251  32.752 313.200   5.250  -9.000  -9.000  -9.000  -9.000  -9.000  -9.000  -9.000  -9.000  -9.000
9001  40.296 -69.790 1  6  6   61.6   5.915  33.175 289.400   5.912  -9.000  -9.000  -9.000  -9.000  -9.000  -9.000  -9.000  -9.000  -9.000
9001  40.296 -69.790 1  1  1   82.7   8.835  34.348 264.200   8.828  34.348 261.200   3.719   2.053   0.321  -9.000 505.692  13.827   7.967
9002  40.152 -69.879 1 21 21    2.2   6.226  32.312 332.800   6.228  32.318 333.800   5.257   2.783   0.464  -9.000  -9.000  -9.000  -9.000
9002  40.152 -69.879 1 17 17   23.9   5.001  32.545 331.600   5.000  32.525 325.800   5.221   2.757   0.456  -9.000  -9.000  -9.000  -9.000
9002  40.152 -69.879 1 13 13   49.5   5.292  32.910 303.400   5.289  32.903 304.700  -9.000  -9.000  -9.000  -9.000  -9.000  -9.000  -9.000
9002  40.152 -69.879 1  9  9   72.9   5.912  33.262 290.200   5.908  33.254 291.800   4.947   2.634   0.422  -9.000  -9.000  -9.000  -9.000
9002  40.152 -69.879 1  6  6   95.6   7.120  33.683 278.100   7.113  33.655 282.000   4.631   2.476   0.400  -9.000  -9.000  -9.000  -9.000
9002  40.152 -69.879 1  1  1  110.4   7.559  33.836 271.900   7.551  33.832 278.100   4.160   2.261   0.357  -9.000 519.898  12.276   6.358
9003  40.012 -68.007 1  7  7    2.5   6.461  32.291 333.500   6.462  32.292 334.700  -9.000  -9.000  -9.000  -9.000  -9.000  -9.000  -9.000
9003  40.012 -68.007 1  6  6   25.0   5.356  32.413 335.100   5.356  32.402 340.200   5.271   2.790   0.464  -9.000  -9.000  -9.000  -9.000
9003  40.012 -68.007 1  5  5   49.1   4.808  32.715 310.800   4.806  32.712 309.800  -9.000  -9.000  -9.000  -9.000  -9.000  -9.000  -9.000
9003  40.012 -68.007 1  4  4   74.4   6.089  33.285 285.000   6.084  33.270 285.400   4.643   2.482   0.391  -9.000 526.457  11.219   5.303
9003  40.012 -68.007 1  3  3   97.1   7.714  33.874 274.300   7.707  33.872 277.200   4.116   2.243   0.359  -9.000 520.003  12.260   6.343
9003  40.012 -68.007 1  2  2  128.7   8.998  34.409 261.400   8.986  34.535 259.300   3.547   1.964   0.287  -9.000 487.964  15.480  10.500
9003  40.012 -68.007 1  1  1  154.9  11.213  35.183 233.900  11.197  35.181 235.200   2.948   1.663   0.228  -9.000 463.305  16.888  13.801
9004  39.906 -68.073 1 11 11    2.9   6.355  32.358 337.700   6.357  32.358 335.600   5.171   2.749   0.453  -9.000  -9.000  -9.000  -9.000
9004  39.906 -68.073 1 10 10   49.7   8.585  33.833 298.100   8.582  33.656 295.700   4.286   2.328   0.363  -9.000  -9.000  -9.000  -9.000
9004  39.906 -68.073 1  9  9  100.5  10.555  34.834 267.100  10.546  34.780 265.400   3.426   1.921   0.300  -9.000 516.904  12.716   6.802
9004  39.906 -68.073 1  8  8  198.3  10.524  35.294 184.900  10.503  35.293 172.200   1.898   1.047   0.099  -9.000 282.606  26.882  46.869
9004  39.906 -68.073 1  7  7  301.3   7.490  35.056 172.100   7.462  35.057 175.300  -9.000  -9.000  -9.000  -9.000  -9.000  -9.000  -9.000
9004  39.906 -68.073 1  6  6  301.4   7.486  35.055 172.100   7.458  35.057 174.800   1.720   0.900   0.094  -9.000 208.755  30.711  70.684
9004  39.906 -68.073 1  5  5  400.3   5.942  34.983 205.700   5.909  34.982 208.000   2.159   1.122   0.117  -9.000 240.320  29.176  59.558
9004  39.906 -68.073 1  4  4  400.6   5.941  34.983 205.700   5.908  34.982 207.900   2.163   1.127   0.118  -9.000 241.382  29.123  59.225
9004  39.906 -68.073 1  3  3  500.5   5.360  34.969 225.600   5.319  34.968 226.300   2.484   1.285   0.154  -9.000 266.978  27.786  51.613
9004  39.906 -68.073 1  2  2  599.1   4.940  34.960 239.600   4.893  34.959 239.900   2.688   1.382   0.170  -9.000 280.836  26.984  47.396
9004  39.906 -68.073 1  1  1  638.9   4.780  34.957 244.400   4.730  34.956 243.600   2.709   1.396   0.172  -9.000 281.282  26.959  47.263
9005  39.853 -68.105 1 13 13    3.8   6.593  32.465 326.200   6.595  32.470 328.800   5.095   2.700   0.449  -9.000  -9.000  -9.000  -9.000
9005  39.853 -68.105 1 12 12   30.1   9.558  34.054 300.400   9.557  34.056 304.800   3.924   2.178   0.336  -9.000  -9.000  -9.000  -9.000
9005  39.853 -68.105 1 11 11   76.2  10.448  34.745 268.800  10.441  34.722 282.900   3.486   1.961   0.278  -9.000 524.497  11.562   5.638
9005  39.853 -68.105 1 10 10  151.2  11.310  35.295 223.500  11.294  35.301 223.400   2.746   1.559   0.206  -9.000 436.818  18.155  17.382
9005  39.853 -68.105 1  9  9  251.7   9.658  35.230 153.000   9.631  35.232 153.300   1.478   0.790   0.065  -9.000 204.392  30.917  72.413
9005  39.853 -68.105 1  8  8  352.4   6.459  35.011 200.200   6.428  35.013 196.500   1.974   1.025   0.113  -9.000 225.542  29.912  64.474
9005  39.853 -68.105 1  7  7  352.4   6.459  35.011 200.200   6.428  35.010 196.700  -9.000  -9.000  -9.000  -9.000  -9.000  -9.000  -9.000
9005  39.853 -68.105 1  6  6  477.8   5.207  34.968 228.700   5.169  34.968 231.900   2.519   1.306   0.163  -9.000 269.170  27.659  50.937
9005  39.853 -68.105 1  5  5  603.2   4.810  34.964 246.500   4.763  34.963 244.300   2.688   1.388   0.170  -9.000 280.137  27.025  47.606
9005  39.853 -68.105 1  4  4  701.4   4.556  34.958 252.800   4.502  34.958 252.000   2.774   1.428   0.172  -9.000 284.340  26.784  46.364
9005  39.853 -68.105 1  3  3  856.5   4.277  34.952 260.300   4.211  34.952 259.800   2.806   1.432   0.175  -9.000 280.916  26.980  47.373
9005  39.853 -68.105 1  2  2  949.7   4.173  34.954 264.100   4.100  34.953 262.300   2.706   1.378   0.172  -9.000 268.830  27.678  51.041
9005  39.853 -68.105 1  1  1 1006.9   4.082  34.952 264.800   4.005  34.951 265.200   2.642   1.333   0.167  -9.000 258.783  28.219  53.969
9006  39.789 -68.158 1 16 16    2.6   6.756  32.594 324.500   6.758  -9.000 325.000   4.952   2.655   0.448  -9.000  -9.000  -9.000  -9.000
9006  39.789 -68.158 1 15 15   29.4   7.830  33.870 284.300   7.829  32.593 285.000   4.222   2.281   0.350  -9.000 531.884  10.193   4.444
9006  39.789 -68.158 1 14 14   75.6   9.547  34.601 252.700   9.540  33.783 251.200   3.480   1.940   0.294  -9.000 496.076  14.905   9.445
9006  39.789 -68.158 1 13 13  149.1  11.234  35.227 226.400  11.218  34.576 224.900   2.838   1.593   0.209  -9.000 444.443  17.769  16.247
9006  39.789 -68.158 1 12 12  250.8   8.561  35.130 161.300   8.536  35.222 159.000   1.495   0.792   0.068  -9.000 193.988  31.403  76.675
9006  39.789 -68.158 1 11 11  374.9   6.185  34.997 195.800   6.153  35.132 203.600   2.136   1.103   0.132  -9.000 239.271  29.229  59.888
9006  39.789 -68.158 1 10 10  522.1   5.120  34.976 232.400   5.078  35.005 233.300   2.503   1.299   0.159  -9.000 266.525  27.810  51.743
9006  39.789 -68.158 1  9  9  675.0   4.569  34.958 251.900   4.517  34.976 250.800   2.788   1.432   0.182  -9.000 285.331  26.738  46.132
9006  39.789 -68.158 1  8  8  823.4   4.330  34.956 259.300   4.267  34.957 258.000   2.813   1.445   0.184  -9.000 284.277  26.786  46.379
9006  39.789 -68.158 1  7  7  824.1   4.330  34.956 259.300   4.267  34.956  -9.000  -9.000  -9.000  -9.000  -9.000  -9.000  -9.000  -9.000
9006  39.789 -68.158 1  6  6  950.7   4.169  34.949 263.400   4.097  34.948 267.000   2.803   1.429   0.178  -9.000 278.705  27.108  48.035
9006  39.789 -68.158 1  5  5  950.5   4.169  34.949 263.400   4.097  34.949 273.900   2.788   1.423   0.176  -9.000 277.535  27.175  48.388
9006  39.789 -68.158 1  4  4 1075.0   4.079  34.952 264.600   3.996  34.950 272.600   2.627   1.331   0.166  -9.000 258.351  28.242  54.095
9006  39.789 -68.158 1  3  3 1199.9   3.899  34.947 267.700   3.807  34.945 267.400   2.477   1.244   0.151  -9.000 239.132  29.236  59.932
9006  39.789 -68.158 1  2  2 1323.9   3.744  34.941 269.800   3.643  34.940 269.800   2.320   1.152   0.139  -9.000 219.594  30.195  66.570
9006  39.789 -68.158 1  1  1 1464.2   3.681  34.939 271.300   3.569  34.938 270.300   2.240   1.102   0.123  -9.000 209.348  30.683  70.451
9007  39.706 -68.203 1 20 20    3.1   7.001  32.556 311.200   7.003  32.562 319.900   5.034   2.656   0.435  -9.000  -9.000  -9.000  -9.000
9007  39.706 -68.203 1 19 19   52.5   9.205  34.441 260.000   9.201  34.407 261.400   3.678   2.020   0.303  -9.000 507.163  13.678   7.798
9007  39.706 -68.203 1 18 18  100.8  11.190  35.076 257.500  11.180  35.056 259.400   3.248   1.843   0.270  -9.000 512.349  13.180   7.268
9007  39.706 -68.203 1 17 17  225.6   9.764  35.232 145.600   9.740  35.220  -9.000   1.488   0.800   0.060  -9.000 208.050  30.745  70.964
9007  39.706 -68.203 1 16 16  348.7   6.814  35.036 177.600   6.783  35.035  -9.000   1.688   0.869   0.070  -9.000 194.770  31.366  76.347
9007  39.706 -68.203 1 15 15  474.3   5.469  34.978 219.300   5.430  34.977 222.000   2.346   1.208   0.133  -9.000 252.438  28.555  55.855
9007  39.706 -68.203 1 14 14  600.7   4.922  34.972 240.000   4.875  34.973 240.100   2.601   1.333   0.154  -9.000 270.656  27.573  50.481
9007  39.706 -68.203 1 13 13  749.4   4.571  34.967 250.200   4.513  34.967  -9.000   2.722   1.388   0.167  -9.000 276.623  27.228  48.664
9007  39.706 -68.203 1 12 12  872.9   4.324  34.961 257.400   4.257  34.959 256.000   2.764   1.404   0.169  -9.000 276.137  27.256  48.811
9007  39.706 -68.203 1 11 11  998.7   4.139  34.950 262.700   4.062  34.950 259.900   2.776   1.409   0.172  -9.000 274.366  27.358  49.348
9007  39.706 -68.203 1 10 10 1122.7   4.049  34.951 264.400   3.963  34.948 264.200   2.652   1.342   0.165  -9.000 260.066  28.152  53.595
9007  39.706 -68.203 1  9  9 1248.4   3.906  34.944 267.500   3.810  34.942 266.500   2.598   1.308   0.163  -9.000 251.521  28.604  56.133
9007  39.706 -68.203 1  8  8 1373.4   3.826  34.943 268.800   3.720  34.943  -9.000   2.431   1.205   0.135  -9.000 230.716  29.659  62.703
9007  39.706 -68.203 1  7  7 1372.6   3.827  34.943 268.800   3.721  34.943 266.800  -9.000  -9.000  -9.000  -9.000  -9.000  -9.000  -9.000
9007  39.706 -68.203 1  6  6 1498.4   3.789  34.947 270.200   3.672  34.946  -9.000   2.203   1.079   0.125  -9.000 206.192  30.833  71.700
9007  39.706 -68.203 1  5  5 1625.3   3.718  34.944 269.500   3.591  34.944 264.400   2.092   1.026   0.125  -9.000 195.308  31.341  76.122
9007  39.706 -68.203 1  4  4 1748.6   3.585  34.935 272.000   3.448  34.934 270.000   2.110   1.060   0.127  -9.000 200.321  31.107  74.054
9007  39.706 -68.203 1  3  3 1873.5   3.480  34.931 273.200   3.333  34.932 269.700   2.048   1.011   0.120  -9.000 189.968  31.591  78.379
9007  39.706 -68.203 1  2  2 1971.8   3.406  34.930 273.600   3.251  34.934 273.300   1.946   0.953   0.100  -9.000 178.354  32.165  83.743
9007  39.706 -68.203 1  1  1 2094.3   3.301  34.930 271.900   3.136  34.930 272.600   1.823   0.889   0.091  -9.000 165.430  32.828  90.165
9008  39.479 -68.367 1 21 21    2.3  13.641  35.251 263.700  13.644  35.250 268.700   3.013   1.726   0.256  -9.000 538.408   8.511   3.648
9008  39.479 -68.367 1 20 20   75.5  13.463  35.458 249.800  13.456  35.459 249.300   2.843   1.651   0.204  -9.000 511.920  13.221   7.310
9008  39.479 -68.367 1 19 19  153.0  11.261  35.206 195.600  11.245  35.194 234.300   2.879   1.652   0.209  -9.000 461.393  16.977  14.038
9008  39.479 -68.367 1 18 18  250.0   9.773  35.243 145.600   9.746  35.246 145.000   1.324   0.711   0.049  -9.000 185.006  31.825  80.546
9008  39.479 -68.367 1 17 17  377.0   6.871  35.021 188.900   6.838  35.023 187.300   1.858   0.971   0.109  -9.000 218.233  30.260  67.067
9008  39.479 -68.367 1 16 16  524.6   5.250  34.973 229.500   5.208  34.972 229.600   2.437   1.278   0.159  -9.000 264.004  27.943  52.461
9008  39.479 -68.367 1 15 15  677.2   4.597  34.957 252.300   4.544  34.958 250.800   2.801   1.440   0.182  -9.000 287.351  26.645  45.660
9008  39.479 -68.367 1 14 14  823.4   4.301  34.947 259.400   4.238  34.946 259.700   2.898   1.505   0.193  -9.000 295.596  26.265  43.773
9008  39.479 -68.367 1 13 13  952.0   4.097  34.936 264.600   4.025  34.935 264.900   2.997   1.536   0.195  -9.000 298.380  26.137  43.152
9008  39.479 -68.367 1 12 12 1076.7   3.990  34.933 266.900   3.908  34.932 268.000   3.006   1.513   0.190  -9.000 292.221  26.420  44.537
9008  39.479 -68.367 1 11 11 1199.6   3.923  34.933 268.600   3.831  34.931 268.500   2.898   1.461   0.190  -9.000 281.168  26.965  47.297
9008  39.479 -68.367 1 10 10 1325.4   3.891  34.940 269.500   3.788  34.937 269.000   2.695   1.340   0.176  -9.000 257.455  28.290  54.359
9008  39.479 -68.367 1  9  9 1450.6   3.821  34.944 264.900   3.708  34.957 265.800   2.099   1.046   0.118  -9.000 200.222  31.111  74.094
9008  39.479 -68.367 1  8  8 1576.6   3.715  34.944 269.700   3.592  34.957 269.300   2.085   1.032   0.113  -9.000 196.420  31.289  75.659
9008  39.479 -68.367 1  7  7 1699.0   3.585  34.938 271.300   3.452  34.937 271.100   1.996   0.982   0.114  -9.000 185.586  31.796  80.270
9008  39.479 -68.367 1  6  6 1825.6   3.509  34.937 272.600   3.366  34.936 271.600   1.881   0.920   0.111  -9.000 173.153  32.430  86.289
9008  39.479 -68.367 1  5  5 1949.7   3.423  34.935 272.400   3.270  34.937 272.000   1.768   0.866   0.093  -9.000 162.230  33.007  91.942
9008  39.479 -68.367 1  4  4 2075.7   3.291  34.931 273.300   3.128  34.931 273.000   1.702   0.835   0.083  -9.000 155.298  33.397  95.845
9008  39.479 -68.367 1  3  3 2200.2   3.265  34.931 273.500   3.091  34.930 273.000   1.669   0.816   0.077  -9.000 151.550  33.607  97.985
9008  39.479 -68.367 1  2  2 2298.4   3.186  34.931 273.200   3.004  34.929 162.500   1.582   0.784   0.079  -9.000 144.983  33.994 101.968
9008  39.479 -68.367 1  1  1 2424.5   3.088  34.930 271.600   2.895  34.929  -9.000   1.500   0.736   0.071  -9.000 135.380  34.583 108.207
9009  39.344 -68.460 1 23 23    7.9  14.021  35.322 265.400  14.024  -9.000  -9.000  -9.000  -9.000  -9.000  -9.000  -9.000  -9.000  -9.000
9009  39.344 -68.460 1 22 22    5.9  14.000  35.312 265.200  14.002  35.308 263.600   2.988   1.727   0.254  -9.000  -9.000  -9.000  -9.000
9009  39.344 -68.460 1 21 21  101.2  11.896  35.296 225.100  11.885  35.295  -9.000   2.798   1.599   0.193  -9.000 460.528  17.018  14.146
9009  39.344 -68.460 1 20 20  224.4  10.750  35.375 136.900  10.725  35.382  -9.000   1.314   0.707   0.043  -9.000 193.059  31.446  77.067
9009  39.344 -68.460 1 19 19  349.1   7.191  35.029 172.000   7.159  35.031 181.300  -9.000  -9.000  -9.000  -9.000  -9.000  -9.000  -9.000
9009  39.344 -68.460 1 18 18  474.9   5.912  35.039 205.100   5.872  35.039  -9.000   1.705   0.873   0.097  -9.000 186.804  31.738  79.738
9009  39.344 -68.460 1 17 17  599.7   5.207  35.028 229.600   5.159  35.026 231.500   1.994   1.016   0.118  -9.000 209.530  30.674  70.379
9009  39.344 -68.460 1 16 16  751.0   4.473  34.966 253.900   4.415  34.962 255.200   2.737   1.414   0.175  -9.000 280.331  27.014  47.547
9009  39.344 -68.460 1 15 15  875.4   4.261  34.956 261.200   4.194  34.954 260.200   2.797   1.445   0.181  -9.000 283.232  26.846  46.683
9009  39.344 -68.460 1 14 14 1000.5   4.052  34.945 265.600   3.976  34.947 265.700   2.777   1.433   0.179  -9.000 277.731  27.164  48.329
9009  39.344 -68.460 1 13 13 1125.3   3.902  34.940 267.600   3.816  34.939 268.500   2.712   1.386   0.174  -9.000 266.456  27.814  51.763
9009  39.344 -68.460 1 12 12 1248.1   3.845  34.944 268.800   3.749  34.943 269.200   2.423   1.209   0.158  -9.000 231.725  29.608  62.359
9009  39.344 -68.460 1 11 11 1376.1   3.814  34.952 267.100   3.708  34.949 267.600   2.084   1.045   0.117  -9.000 199.970  31.123  74.198
9009  39.344 -68.460 1 10 10 1500.2   3.730  34.949 268.900   3.614  34.947 268.800   1.966   0.971   0.107  -9.000 184.970  31.827  80.563
9009  39.344 -68.460 1  9  9 1624.3   3.621  34.945 269.700   3.495  34.944 270.400   1.816   0.906   0.088  -9.000 171.566  32.511  87.072
9009  39.344 -68.460 1  8  8 1749.1   3.550  34.945 270.200   3.414  34.944 270.900   1.694   0.836   0.082  -9.000 157.706  33.262  94.481
9009  39.344 -68.460 1  7  7 1873.5   3.459  34.943 270.800   3.312  34.945 271.100   1.556   0.778   0.077  -9.000 146.039  33.929 101.295
9009  39.344 -68.460 1  6  6 1999.1   3.352  34.938 271.500   3.196  34.937 272.100   1.575   0.780   0.079  -9.000 145.561  33.958 101.599
9009  39.344 -68.460 1  5  5 2124.8   3.270  34.937 271.500   3.103  34.937 272.100   1.470   0.725   0.069  -9.000 134.693  34.625 108.661
9009  39.344 -68.460 1  4  4 2249.1   3.185  34.937 271.100   3.007  34.936 271.800   1.348   0.668   0.065  -9.000 123.532  35.344 116.594
9009  39.344 -68.460 1  3  3 2375.2   3.057  34.933 271.000   2.869  34.934 271.800   1.347   0.662   0.064  -9.000 121.567  35.472 118.049
9009  39.344 -68.460 1  2  2 2499.9   2.903  34.928 272.000   2.706  34.926 272.800   1.360   0.678   0.067  -9.000 123.456  35.349 116.651
9009  39.344 -68.460 1  1  1 2658.2   2.671  34.919 272.200   2.462  34.919 274.000   1.411   0.701   0.068  -9.000 126.019  35.181 114.769
9010  39.092 -68.638 1 22 22    3.7  13.089  34.875 273.700  13.092  34.872 272.800   3.163   1.805   0.283  -9.000  -9.000  -9.000  -9.000
9010  39.092 -68.638 1 21 21  124.9  11.711  35.364 201.500  11.698  35.363 202.700   2.446   1.381   0.152  -9.000 394.576  20.289  23.893
9010  39.092 -68.638 1 20 20  249.8   9.152  35.202 137.900   9.127  35.207  -9.000   0.896   0.471   0.018  -9.000 118.855  35.649 120.074
9010  39.092 -68.638 1 19 19  403.0   6.081  34.986 197.300   6.047  34.987 202.400   2.063   1.078   0.127  -9.000 232.571  29.565  62.073
9010  39.092 -68.638 1 18 18  534.0   5.542  35.038 223.100   5.498  35.037 221.600   1.858   0.953   0.081  -9.000 200.032  31.120  74.171
9010  39.092 -68.638 1 17 17  598.9   5.158  35.022 232.900   5.109  35.022 232.700   2.027   1.037   0.110  -9.000 213.297  30.495  68.919
9010  39.092 -68.638 1 16 16  740.6   4.718  35.008 245.500   4.660  35.007 259.900  -9.000  -9.000  -9.000  -9.000  -9.000  -9.000  -9.000
9010  39.092 -68.638 1 15 15  902.4   4.414  34.993 253.300   4.344  34.994 253.400   2.166   1.096   0.122  -9.000 216.669  30.334  67.645
9010  39.092 -68.638 1 14 14 1052.3   4.157  34.973 262.200   4.076  34.975 247.600   2.207   1.111   0.122  -9.000 216.597  30.338  67.672
9010  39.092 -68.638 1 13 13 1200.8   3.859  34.942 267.800   3.768  34.944 268.300   2.495   1.263   0.164  -9.000 242.248  29.079  58.957
9010  39.092 -68.638 1 12 12 1351.5   3.834  34.955 266.900   3.730  34.961 266.100   2.046   1.008   0.121  -9.000 193.108  31.444  77.046
9010  39.092 -68.638 1 11 11 1500.8   3.709  34.947 268.400   3.593  34.947 269.900   1.949   0.968   0.100  -9.000 184.184  31.867  80.938
9010  39.092 -68.638 1 10 10 1654.1   3.591  34.943 269.000   3.462  34.942 270.400   1.869   0.914   0.096  -9.000 172.797  32.448  86.465
9010  39.092 -68.638 1  9  9 1801.3   3.520  34.944 270.300   3.379  34.945 268.900   1.964   0.968   0.108  -9.000 182.307  31.963  81.834
9010  39.092 -68.638 1  8  8 1952.6   3.408  34.941 271.600   3.255  34.943 271.000   1.533   0.754   0.074  -9.000 141.142  34.229 104.440
9010  39.092 -68.638 1  7  7 2101.8   3.312  34.940 270.900   3.146  34.940 269.000   1.432   0.701   0.069  -9.000 130.537  34.886 111.499
9010  39.092 -68.638 1  6  6 2251.5   3.186  34.937 271.200   3.008  34.937 270.900   1.334   0.659   0.063  -9.000 121.875  35.452 117.820
9010  39.092 -68.638 1  5  5 2451.1   3.008  34.933 271.400   2.813  34.933 270.300   1.244   0.615   0.062  -9.000 112.635  36.082 125.108
9010  39.092 -68.638 1  4  4 2648.7   2.820  34.927 272.100   2.609  34.928 274.400   1.225   0.603   0.061  -9.000 109.300  36.322 127.945
9010  39.092 -68.638 1  3  3 2776.2   2.669  34.919 274.000   2.448  34.919 273.600   1.337   0.658   0.063  -9.000 118.277  35.687 120.508
9010  39.092 -68.638 1  2  2 2924.0   2.534  34.912 275.400   2.302  34.911 275.500   1.440   0.708   0.074  -9.000 126.314  35.162 114.554
9010  39.092 -68.638 1  1  1 3095.4   2.406  34.905 276.300   2.159  34.905 276.200   1.557   0.764   0.074  -9.000 135.336  34.585 108.236
9011  38.827 -68.814 1 22 22    2.3  11.359  34.246 287.500  11.362  34.245 296.700   3.580   2.009   0.307  -9.000  -9.000  -9.000  -9.000
9011  38.827 -68.814 1 21 21  150.6  10.981  35.283 171.000  10.965  35.315 203.100   2.473   1.377   0.154  -9.000 379.817  21.142  26.423
9011  38.827 -68.814 1 20 20  301.8   7.747  35.098 167.700   7.719  35.098 161.800   1.182   0.605   0.043  -9.000 142.248  34.161 103.725
9011  38.827 -68.814 1 19 19  449.5   5.572  34.973 215.300   5.535  34.973 216.300   2.307   1.192   0.130  -9.000 250.424  28.662  56.469
9011  38.827 -68.814 1 18 18  599.7   4.842  34.970 244.300   4.796  34.967 242.800   2.650   1.365   0.161  -9.000 275.978  27.265  48.859
9011  38.827 -68.814 1 17 17  751.1   4.755  35.010 246.800   4.696  35.009 243.900   2.149   1.084   0.122  -9.000 218.249  30.259  67.062
9011  38.827 -68.814 1 16 16  877.7   4.378  34.980 253.100   4.310  34.980 252.700   2.392   1.206   0.139  -9.000 237.926  29.296  60.316
9011  38.827 -68.814 1 15 15 1000.6   4.088  34.955 262.600   4.012  34.954 262.900   2.599   1.319   0.166  -9.000 256.150  28.359  54.744
9011  38.827 -68.814 1 14 14 1150.1   3.918  34.945 266.300   3.831  34.945 265.800   2.566   1.303   0.154  -9.000 250.723  28.646  56.377
9011  38.827 -68.814 1 13 13 1300.5   3.762  34.938 269.000   3.663  34.937 269.200   2.413   1.215   0.139  -9.000 231.823  29.603  62.325
9011  38.827 -68.814 1 12 12 1448.7   3.668  34.938 269.500   3.557  34.936 269.200   2.199   1.091   0.119  -9.000 207.110  30.790  71.338
9011  38.827 -68.814 1 11 11 1600.6   3.539  34.932 271.200   3.416  34.932 270.800   2.078   1.031   0.118  -9.000 194.348  31.386  76.524
9011  38.827 -68.814 1 10 10 1749.2   3.425  34.930 271.800   3.290  34.929 271.800   1.944   0.956   0.096  -9.000 179.098  32.127  83.382
9011  38.827 -68.814 1  9  9 1875.1   3.337  34.931 271.700   3.192  34.930 271.700   1.770   0.872   0.077  -9.000 162.585  32.987  91.744
9011  38.827 -68.814 1  8  8 2000.0   3.288  34.937 271.000   3.132  34.936 271.100   1.517   0.736   0.063  -9.000 136.873  34.491 107.224
9011  38.827 -68.814 1  7  7 2149.2   3.200  34.939 270.000   3.031  34.939  -9.000   1.317   0.638   0.057  -9.000 118.084  35.700 120.654
9011  38.827 -68.814 1  6  6 2400.9   3.005  34.933 269.700   2.815  34.933 270.600   1.252   0.613   0.053  -9.000 112.249  36.110 125.435
9011  38.827 -68.814 1  5  5 2651.0   2.825  34.929 270.100   2.614  34.928 270.400   1.068   0.522   0.044  -9.000  94.645  37.442 141.638
9011  38.827 -68.814 1  4  4 2849.7   2.635  34.917 272.600   2.408  34.916 273.000   1.341   0.659   0.062  -9.000 118.234  35.690 120.542
9011  38.827 -68.814 1  3  3 3000.7   2.494  34.910 273.900   2.255  34.910 274.400   1.454   0.710   0.076  -9.000 126.388  35.157 114.499
9011  38.827 -68.814 1  2  2 3172.5   2.355  34.903 274.400   2.102  34.902 275.200   1.538   0.758   0.087  -9.000 133.892  34.674 109.192
9011  38.827 -68.814 1  1  1 3290.0   2.179  34.893 271.900   1.917  34.891 271.600   1.426   0.693   0.080  -9.000 121.214  35.495 118.311
9012  38.561 -67.029 1 22 22    3.3  13.605  34.915 271.900  13.607  34.914  -9.000   3.143   1.788   0.282  -9.000  -9.000  -9.000  -9.000
9012  38.561 -67.029 1 21 21  123.9  12.472  35.425 195.800  12.458  35.412 204.800   2.578   1.464   0.161  -9.000 433.636  18.316  17.866
9012  38.561 -67.029 1 20 20  275.2   9.398  35.225 138.500   9.369  35.232 138.000   0.991   0.513   0.026  -9.000 131.051  34.852 111.131
9012  38.561 -67.029 1 19 19  424.8   6.391  35.074 195.100   6.353  35.074 196.100  -9.000  -9.000  -9.000  -9.000  -9.000  -9.000  -9.000
9012  38.561 -67.029 1 18 18  575.0   5.142  35.027 228.100   5.096  35.026 232.100   1.948   0.986   0.099  -9.000 202.647  30.998  73.112
9012  38.561 -67.029 1 17 17  725.2   4.568  34.989 245.200   4.512  34.988 248.800   2.350   1.186   0.142  -9.000 236.379  29.374  60.815
9012  38.561 -67.029 1 16 16  874.3   4.385  34.989 253.400   4.318  34.988 253.100   2.162   1.084   0.127  -9.000 213.956  30.464  68.666
9012  38.561 -67.029 1 15 15 1016.9   4.133  34.972 259.400   4.055  34.969 259.500   2.194   1.093   0.133  -9.000 212.813  30.518  69.103
9012  38.561 -67.029 1 14 14 1174.5   3.878  34.949 266.400   3.789  34.948 266.700   2.392   1.201   0.142  -9.000 230.608  29.664  62.739
9012  38.561 -67.029 1 13 13 1327.0   3.783  34.948 267.600   3.681  34.947 267.800   2.166   1.073   0.124  -9.000 204.980  30.889  72.179
9012  38.561 -67.029 1 12 12 1474.1   3.691  34.947 267.800   3.578  34.946 267.400   1.946   0.957   0.101  -9.000 181.914  31.983  82.024
9012  38.561 -67.029 1 11 11 1625.9   3.555  34.943 268.800   3.430  34.941 270.100   1.816   0.874   0.089  -9.000 164.914  32.857  90.451
9012  38.561 -67.029 1 10 10 1775.9   3.429  34.939 270.000   3.292  34.938 271.100   1.662   0.802   0.082  -9.000 150.292  33.678  98.708
9012  38.561 -67.029 1  9  9 1949.7   3.309  34.938 270.300   3.158  34.936 271.300   1.528   0.742   0.075  -9.000 138.147  34.413 106.389
9012  38.561 -67.029 1  8  8 2151.3   3.140  34.937 270.000   2.972  34.935 270.000   1.345   0.658   0.058  -9.000 121.385  35.484 118.185
9012  38.561 -67.029 1  7  7 2401.9   2.984  34.937 269.000   2.795  34.936 269.000   1.051   0.504   0.043  -9.000  92.188  37.639 144.119
9012  38.561 -67.029 1  6  6 2674.6   2.689  34.922 272.500   2.478  34.921 272.200   1.201   0.582   0.049  -9.000 104.732  36.651 131.886
9012  38.561 -67.029 1  5  5 2873.1   2.484  34.910 274.700   2.258  34.910 274.400   1.427   0.696   0.074  -9.000 123.827  35.324 116.377
9012  38.561 -67.029 1  4  4 3024.8   2.394  34.906 275.000   2.155  34.905 274.600   1.440   0.698   0.084  -9.000 123.564  35.341 116.571
9012  38.561 -67.029 1  3  3 3150.5   2.312  34.901 276.100   2.061  34.901 275.900   1.551   0.754   0.097  -9.000 132.868  34.737 109.874
9012  38.561 -67.029 1  2  2 3300.2   2.194  34.894 275.100   1.931  34.893 274.600   1.488   0.729   0.090  -9.000 127.616  35.077 113.605
9012  38.561 -67.029 1  1  1 3497.0   2.140  34.889 270.300   1.857  -9.000  -9.000  -9.000  -9.000  -9.000  -9.000  -9.000  -9.000  -9.000
9013  38.317 -67.134 1 22 22    3.0  17.448  35.537 176.100  17.452  -9.000  -9.000  -9.000  -9.000  -9.000  -9.000  -9.000  -9.000  -9.000
9013  38.317 -67.134 1 21 21  199.9  10.946  35.396 140.200  10.924  35.396 139.600   1.317   0.702   0.028  -9.000 193.530  31.424  76.868
9013  38.317 -67.134 1 20 20  401.2   6.752  35.084 185.500   6.716  35.083 187.700   1.360   0.678   0.055  -9.000 151.558  33.607  97.981
9013  38.317 -67.134 1 19 19  599.6   5.227  35.032 232.100   5.178  35.032 229.900   1.924   0.966   0.116  -9.000 199.434  31.148  74.416
9013  38.317 -67.134 1 18 18  800.8   4.516  34.991 251.500   4.454  34.990 250.300   2.291   1.143   0.127  -9.000 227.187  29.833  63.916
9013  38.317 -67.134 1 17 17  950.8   4.237  34.977 258.100   4.164  34.976 257.600   2.305   1.138   0.135  -9.000 222.821  30.041  65.417
9013  38.317 -67.134 1 16 16 1086.9   4.095  34.970 262.400   4.011  34.969 260.800   2.166   1.077   0.116  -9.000 209.267  30.687  70.483
9013  38.317 -67.134 1 15 15 1250.1   3.919  34.962 262.900   3.823  34.962 264.500   2.000   0.985   0.106  -9.000 189.578  31.609  78.545
9013  38.317 -67.134 1 14 14 1399.9   3.758  34.950 267.200   3.651  34.950 266.900   1.972   0.957   0.104  -9.000 182.579  31.949  81.704
9013  38.317 -67.134 1 13 13 1601.9   3.612  34.943 269.200   3.488  34.943 270.000   1.857   0.902   0.091  -9.000 170.724  32.554  87.489
9013  38.317 -67.134 1 12 12 1800.6   3.470  34.939 269.900   3.330  34.938 270.900   1.708   0.832   0.083  -9.000 156.264  33.343  95.297
9013  38.317 -67.134 1 11 11 2001.0   3.316  34.931 271.700   3.160  34.930 273.000   1.795   0.871   0.094  -9.000 162.215  33.008  91.951
9013  38.317 -67.134 1 10 10 2200.2   3.250  34.939 269.800   3.075  34.938 269.800   1.357   0.657   0.073  -9.000 121.930  35.448 117.780
9013  38.317 -67.134 1  9  9 2400.2   3.141  34.943 268.000   2.948  34.943 268.500   0.990   0.462   0.038  -9.000  85.237  38.246 151.928
9013  38.317 -67.134 1  8  8 2598.3   2.993  34.938 268.600   2.784  34.938 268.600   0.919   0.449   0.039  -9.000  82.169  38.523 155.553
9013  38.317 -67.134 1  7  7 2799.7   2.792  34.927 271.500   2.567  34.928 270.600   1.034   0.503   0.047  -9.000  91.035  37.731 145.294
9013  38.317 -67.134 1  6  6 3000.7   2.627  34.918 272.100   2.385  34.917 272.900   1.168   0.574   0.058  -9.000 102.939  36.780 133.450
9013  38.317 -67.134 1  5  5 3149.9   2.508  34.910 274.200   2.253  34.909 275.300   1.407   0.690   0.079  -9.000 122.922  35.383 117.045
9013  38.317 -67.134 1  4  4 3299.4   2.423  34.905 275.600   2.154  34.904 275.800   1.544   0.754   0.085  -9.000 133.690  34.686 109.327
9013  38.317 -67.134 1  3  3 3448.3   2.353  34.901 275.900   2.070  34.900 275.300   1.546   0.759   0.087  -9.000 134.051  34.664 109.087
9013  38.317 -67.134 1  2  2 3645.6   2.285  34.896 275.600   1.983  34.896 275.200   1.600   0.786   0.091  -9.000 138.292  34.404 106.294
9013  38.317 -67.134 1  1  1 3846.7   2.204  34.890 272.900   1.881  34.889 271.400   1.388   0.676   0.085  -9.000 118.400  35.679 120.417
9014  38.092 -67.333 1 22 22    3.7  16.613  35.278 246.000  16.616  35.279 246.000   2.666   1.563   0.222  -9.000  -9.000  -9.000  -9.000
9014  38.092 -67.333 1 21 21   99.5  12.734  35.405 228.000  12.724  35.407 213.700   2.676   1.534   0.182  -9.000 459.806  17.052  14.236
9014  38.092 -67.333 1 20 20  299.5   8.706  35.159 142.400   8.676  35.165 143.100   0.926   0.490   0.027  -9.000 120.917  35.514 118.533
9014  38.092 -67.333 1 19 19  500.2   5.665  35.048 213.800   5.623  35.050 213.300   1.644   0.837   0.067  -9.000 176.832  32.242  84.484
9014  38.092 -67.333 1 18 18  700.9   4.844  35.023 241.700   4.789  35.022 241.000   1.947   0.993   0.092  -9.000 200.895  31.080  73.820
9014  38.092 -67.333 1 17 17  901.0   4.220  34.976 256.300   4.152  34.977 254.900   2.206   1.112   0.110  -9.000 217.530  30.293  67.326
9014  38.092 -67.333 1 16 16 1099.8   4.094  34.985 258.100   4.009  34.984 258.700   1.781   0.879   0.085  -9.000 170.811  32.550  87.447
9014  38.092 -67.333 1 15 15 1250.2   3.831  34.962 264.000   3.735  34.963 264.400   1.818   0.903   0.099  -9.000 172.975  32.439  86.376
9014  38.092 -67.333 1 14 14 1399.9   3.650  34.948 266.700   3.543  34.948 267.600   1.794   0.893   0.102  -9.000 169.375  32.623  88.159
9014  38.092 -67.333 1 13 13 1600.4   3.528  34.949 268.100   3.405  34.950 268.000   1.520   0.746   0.076  -9.000 140.564  34.265 104.814
9014  38.092 -67.333 1 12 12 1849.7   3.370  34.948 267.100   3.226  34.948 267.300   1.252   0.621   0.070  -9.000 116.015  35.839 122.270
9014  38.092 -67.333 1 11 11 2100.0   3.188  34.946 266.400   3.024  34.946 268.300   1.015   0.490   0.052  -9.000  90.638  37.763 145.697
9014  38.092 -67.333 1 10 10 2350.2   2.976  34.942 266.200   2.792  34.941 266.600   0.773   0.381   0.038  -9.000  69.663  39.753 172.174
9014  38.092 -67.333 1  9  9 2600.2   2.716  34.929 267.400   2.512  -9.000  -9.000  -9.000  -9.000  -9.000  -9.000  -9.000  -9.000  -9.000
9014  38.092 -67.333 1  8  8 2849.7   2.497  34.916 269.300   2.273  34.915 269.800   0.836   0.403   0.050  -9.000  71.755  39.542 169.265
9014  38.092 -67.333 1  7  7 3049.6   2.337  34.905 269.200   2.096  34.909 267.100   0.789   0.380   0.033  -9.000  67.058  40.042 176.190
9014  38.092 -67.333 1  6  6 3198.8   2.267  34.901 269.000   2.013  34.901 268.700   0.752   0.359   0.028  -9.000  63.105  40.486 182.455
9014  38.092 -67.333 1  5  5 3350.1   2.232  34.897 268.500   1.962  34.896 268.900   0.771   0.375   0.040  -9.000  65.786  40.185 178.193
9014  38.092 -67.333 1  4  4 3501.2   2.205  34.894 267.700   1.921  34.894 267.600   0.761   0.369   0.047  -9.000  64.635  40.314 180.018
9014  38.092 -67.333 1  3  3 3699.5   2.184  34.890 266.600   1.878  34.891 265.500   0.699   0.339   0.033  -9.000  59.309  40.928 188.778
9014  38.092 -67.333 1  2  2 3899.2   2.173  34.887 264.800   1.846  34.886 265.000   0.606   0.298   0.028  -9.000  52.103  41.849 202.180
9014  38.092 -67.333 1  1  1 4182.2   2.167  34.882 262.400   1.808  34.883 262.200   0.641   0.311   0.036  -9.000  54.355  41.555 197.875
9015  37.859 -67.496 1 22 22    3.6  16.876  35.249 244.700  16.879  35.251 244.000   2.639   1.542   0.235  -9.000  -9.000  -9.000  -9.000
9015  37.859 -67.496 1 21 21  200.2  11.149  35.418 139.300  11.127  35.414 145.700   1.486   0.805   0.041  -9.000 224.118  29.980  64.964
9015  37.859 -67.496 1 20 20  402.1   6.541  35.080 192.000   6.505  35.080 191.500   1.377   0.707   0.063  -9.000 156.334  33.339  95.257
9015  37.859 -67.496 1 19 19  599.1   4.975  35.019 234.100   4.927  35.018 235.800   2.021   1.020   0.118  -9.000 207.782  30.758  71.071
9015  37.859 -67.496 1 18 18  799.9   4.359  34.986 249.800   4.298  34.986 253.900   2.213   1.116   0.126  -9.000 219.961  30.178  66.438
9015  37.859 -67.496 1 17 17 1000.4   4.115  34.975 258.600   4.038  34.976 259.000   2.083   1.036   0.117  -9.000 201.530  31.050  73.562
9015  37.859 -67.496 1 16 16 1151.0   3.903  34.959 263.300   3.815  34.959 263.900   2.041   1.017   0.116  -9.000 195.562  31.329  76.017
9015  37.859 -67.496 1 15 15 1299.5   3.728  34.950 266.300   3.629  34.950 267.300   1.931   0.939   0.106  -9.000 178.855  32.139  83.500
9015  37.859 -67.496 1 14 14 1498.6   3.603  34.946 268.200   3.489  34.946 269.400   1.744   0.853   0.088  -9.000 161.374  33.056  92.420
9015  37.859 -67.496 1 13 13 1701.0   3.439  34.940 269.600   3.308  34.940 270.300   1.635   0.798   0.070  -9.000 149.628  33.715  99.091
9015  37.859 -67.496 1 12 12 1900.7   3.319  34.943 268.800   3.171  34.943 269.400   1.348   0.650   0.058  -9.000 121.090  35.503 118.403
9015  37.859 -67.496 1 11 11 2049.6   3.239  34.950 267.500   3.079  34.948 267.100   0.988   0.473   0.046  -9.000  87.740  38.021 149.004
9015  37.859 -67.496 1 10 10 2298.9   3.094  34.954 262.800   2.913  34.953 263.400   0.477   0.233   0.023  -9.000  42.883  43.293 223.593
9015  37.859 -67.496 1  9  9 2600.9   2.785  34.935 265.300   2.580  34.954 263.700  -9.000  -9.000  -9.000  -9.000  -9.000  -9.000  -9.000
9015  37.859 -67.496 1  8  8 2900.1   2.531  34.919 269.600   2.301  34.919 269.100   0.627   0.304   0.032  -9.000  54.231  41.571 198.104
9015  37.859 -67.496 1  7  7 3150.6   2.378  34.909 268.800   2.126  34.910 269.600   0.629   0.313   0.033  -9.000  55.362  41.428 196.015
9015  37.859 -67.496 1  6  6 3399.9   2.287  34.902 268.200   2.011  34.902 268.700   0.624   0.298   0.034  -9.000  52.441  41.799 201.440
9015  37.859 -67.496 1  5  5 3599.5   2.243  34.897 268.500   1.947  34.897 267.600   0.569   0.274   0.030  -9.000  48.098  42.447 210.999
9015  37.859 -67.496 1  4  4 3751.3   2.214  34.894 267.000   1.902  34.892 266.300   0.513   0.253   0.027  -9.000  44.339  43.042 219.845
9015  37.859 -67.496 1  3  3 3899.1   2.196  34.890 266.100   1.868  34.890 265.300   0.512   0.252   0.025  -9.000  44.118  43.080 220.414
9015  37.859 -67.496 1  2  2 4099.7   2.185  34.886 265.100   1.834  34.885 262.900   0.489   0.238   0.024  -9.000  41.639  43.507 226.805
9015  37.859 -67.496 1  1  1 4417.3   2.127  34.874 258.800   1.742  34.875 257.800   0.271   0.142   0.020  -9.000  24.761  47.390 286.695
9016  37.622 -67.627 1 22 22    2.5  18.104  35.517 248.100  18.107  35.515 236.600   2.410   1.449   0.212  -9.000  -9.000  -9.000  -9.000
9016  37.622 -67.627 1 21 21  101.3  12.809  35.378 213.800  12.799  35.378 215.200   2.718   1.565   0.190  -9.000 470.589  16.505  12.819
9016  37.622 -67.627 1 20 20  299.9   8.915  35.182 147.800   8.884  35.185 141.200   0.940   0.499   0.024  -9.000 124.439  35.284 115.927
9016  37.622 -67.627 1 19 19  500.6   5.225  35.026 225.000   5.185  35.027 226.300   1.910   0.996   0.097  -9.000 205.593  30.860  71.936
9016  37.622 -67.627 1 18 18  750.8   4.469  34.995 249.600   4.411  34.995 250.400   2.153   1.103   0.128  -9.000 218.695  30.238  66.898
9016  37.622 -67.627 1 17 17  999.7   4.034  34.965 259.700   3.958  34.965 260.200   2.160   1.095   0.129  -9.000 212.059  30.554  69.394
9016  37.622 -67.627 1 16 16 1249.8   3.780  34.953 264.300   3.685  34.953 261.200   1.938   0.976   0.110  -9.000 186.429  31.756  79.901
9016  37.622 -67.627 1 15 15 1398.9   3.656  34.949 267.200   3.549  34.950 265.100   1.777   0.880   0.093  -9.000 166.965  32.746  89.363
9016  37.622 -67.627 1 14 14 1599.6   3.522  34.947 268.800   3.399  34.946 268.200   1.568   0.785   0.083  -9.000 147.863  33.817 100.136
9016  37.622 -67.627 1 13 13 1848.1   3.435  34.965 264.200   3.291  34.966 262.300   0.881   0.433   0.043  -9.000  81.192  38.611 156.715
9016  37.622 -67.627 1 12 12 2072.6   3.300  34.965 264.200   3.137  34.965 261.500   0.575   0.276   0.030  -9.000  51.375  41.958 203.777
9016  37.622 -67.627 1 11 11 2400.2   2.975  34.943 265.300   2.786  34.941 265.400   0.727   0.359   0.034  -9.000  65.638  40.202 178.429
9016  37.622 -67.627 1 10 10 2595.6   2.817  34.937 266.500   2.612  34.936 263.700   0.488   0.239   0.019  -9.000  43.318  43.218 222.472
9016  37.622 -67.627 1  9  9 2900.4   2.578  34.923 266.300   2.347  34.922 266.400   0.516   0.250   0.025  -9.000  44.716  42.977 218.875
9016  37.622 -67.627 1  8  8 3150.8   2.448  34.914 267.900   2.194  34.914 266.800   0.559   0.269   0.027  -9.000  47.767  42.496 211.732
9016  37.622 -67.627 1  7  7 3351.9   2.364  34.908 267.600   2.091  34.908 266.300   0.563   0.278   0.029  -9.000  49.133  42.292 208.712
9016  37.622 -67.627 1  6  6 3551.2   2.296  34.900 267.200   2.004  34.900 267.900   0.783   0.384   0.054  -9.000  67.606  39.980 175.329
9016  37.622 -67.627 1  5  5 3749.5   2.253  34.895 266.400   1.941  34.895 263.800   0.745   0.365   0.050  -9.000  64.105  40.374 180.859
9016  37.622 -67.627 1  4  4 3951.6   2.229  34.891 265.000   1.894  34.891 264.500   0.719   0.354   0.045  -9.000  62.089  40.600 184.079
9016  37.622 -67.627 1  3  3 4150.6   2.228  34.889 264.000   1.871  34.888 265.300  -9.000  -9.000  -9.000  -9.000  -9.000  -9.000  -9.000
9016  37.622 -67.627 1  2  2 4399.5   2.235  34.887 263.600   1.848  34.886 262.700   0.682   0.337   0.044  -9.000  59.124  40.952 189.115
9016  37.622 -67.627 1  1  1 4657.7   2.254  34.886 262.500   1.836  34.888 262.100   0.652   0.325   0.043  -9.000  57.079  41.210 192.857
9017  37.383 -67.797 1 22 22    2.7  15.436  35.276 253.800  15.440  35.275 262.000   2.848   1.662   0.244  -9.000  -9.000  -9.000  -9.000
9017  37.383 -67.797 1 21 21  200.4  11.002  35.402 135.800  10.980  35.400  -9.000   1.411   0.751   0.023  -9.000 207.602  30.766  71.142
9017  37.383 -67.797 1 20 20  402.6   6.485  35.079 194.100   6.450  35.079 192.900   1.331   0.687   0.055  -9.000 151.476  33.612  98.027
9017  37.383 -67.797 1 19 19  602.2   5.000  35.024 234.000   4.952  35.025 235.200   1.920   0.986   0.107  -9.000 201.130  31.069  73.724
9017  37.383 -67.797 1 18 18  850.0   4.297  34.979 254.400   4.232  34.978 256.300   2.295   1.160   0.141  -9.000 227.864  29.801  63.689
9017  37.383 -67.797 1 17 17 1101.4   3.981  34.968 262.800   3.897  34.967 261.300   2.017   1.015   0.111  -9.000 196.013  31.308  75.828
9017  37.383 -67.797 1 16 16 1301.8   3.762  34.952 266.500   3.663  34.950 266.300   1.944   0.963   0.109  -9.000 183.768  31.889  81.135
9017  37.383 -67.797 1 15 15 1452.1   3.628  34.948 268.100   3.517  34.947 268.300   1.758   0.863   0.095  -9.000 163.490  32.937  91.241
9017  37.383 -67.797 1 14 14 1650.9   3.478  34.939 269.900   3.351  34.939 270.500   1.711   0.846   0.096  -9.000 158.961  33.191  93.773
9017  37.383 -67.797 1 13 13 1901.4   3.372  34.946 268.900   3.224  34.945 269.200   1.310   0.645   0.065  -9.000 120.509  35.541 118.837
9017  37.383 -67.797 1 12 12 2102.4   3.358  34.965 263.000   3.191  34.964 262.500   0.656   0.318   0.030  -9.000  59.380  40.919 188.649
9017  37.383 -67.797 1 11 11 2350.3   3.097  34.947 266.800   2.911  34.945 266.200   0.803   0.394   0.040  -9.000  72.522  39.465 168.204
9017  37.383 -67.797 1 10 10 2650.2   2.895  34.941 266.100   2.683  34.940 265.400   0.492   0.236   0.029  -9.000  42.960  43.280 223.398
9017  37.383 -67.797 1  9  9 2950.9   2.610  34.922 269.300   2.374  34.921 269.100   0.656   0.324   0.040  -9.000  58.052  41.087 191.074
9017  37.383 -67.797 1  8  8 3200.1   2.409  34.910 269.600   2.151  34.910 269.100   0.796   0.395   0.039  -9.000  69.985  39.721 171.725
9017  37.383 -67.797 1  7  7 3398.7   2.310  34.902 269.000   2.033  34.902 269.100   0.749   0.371   0.048  -9.000  65.371  40.232 178.852
9017  37.383 -67.797 1  6  6 3597.6   2.256  34.897 267.900   1.960  34.896 268.100   0.757   0.376   0.037  -9.000  66.050  40.155 177.776
9017  37.383 -67.797 1  5  5 3798.4   2.230  34.893 266.900   1.913  34.893 267.000   0.719   0.351   0.044  -9.000  61.567  40.659 184.917
9017  37.383 -67.797 1  4  4 3998.7   2.231  34.891 266.100   1.891  34.890 266.400   0.697   0.346   0.042  -9.000  60.692  40.757 186.323
9017  37.383 -67.797 1  3  3 4247.6   2.242  34.889 265.600   1.872  34.889 265.800   0.689   0.343   0.040  -9.000  60.201  40.815 187.155
9017  37.383 -67.797 1  2  2 4497.8   2.255  34.888 265.000   1.856  34.887 265.300   0.657   0.327   0.035  -9.000  57.433  41.166 192.206
9017  37.383 -67.797 1  1  1 4817.7   2.283  34.886 264.100   1.844  34.887 264.300   0.648   0.323   0.027  -9.000  56.819  41.243 193.335
9018  37.138 -67.943 1 22 22    5.8  16.144  34.790 256.100  16.147  34.777 253.000   2.882   1.647   0.251  -9.000  -9.000  -9.000  -9.000
9018  37.138 -67.943 1 21 21  100.6  12.070  35.261 182.100  12.059  35.167 229.600   3.011   1.692   0.228  -9.000 491.104  15.258  10.067
9018  37.138 -67.943 1 20 20  301.4   9.263  35.215 141.200   9.232  35.220 142.200   0.955   0.500   0.019  -9.000 126.878  35.125 114.142
9018  37.138 -67.943 1 19 19  550.0   5.661  35.038 216.000   5.615  35.038 210.700   1.795   0.918   0.108  -9.000 193.883  31.408  76.720
9018  37.138 -67.943 1 18 18  800.3   4.675  35.009 243.400   4.612  35.008 245.000   2.069   1.035   0.123  -9.000 207.501  30.771  71.183
9018  37.138 -67.943 1 17 17 1052.3   4.169  34.971 257.800   4.088  34.971 256.500   2.296   1.136   0.138  -9.000 221.610  30.099  65.846
9018  37.138 -67.943 1 16 16 1276.4   3.974  34.964 261.000   3.875  34.964 261.500   2.046   1.018   0.126  -9.000 196.511  31.285  75.621
9018  37.138 -67.943 1 15 15 1450.3   3.766  34.951 264.700   3.654  34.950 264.500   1.977   0.978   0.122  -9.000 186.668  31.745  79.798
9018  37.138 -67.943 1 14 14 1600.2   3.717  34.953 265.500   3.592  34.954 265.300   1.799   0.882   0.105  -9.000 167.903  32.698  88.894
9018  37.138 -67.943 1 13 13 1849.8   3.573  34.948 266.500   3.427  34.947 267.100   1.636   0.791   0.082  -9.000 149.406  33.728  99.219
9018  37.138 -67.943 1 12 12 2048.4   3.452  34.947 267.600   3.289  34.946 267.200   1.446   0.693   0.070  -9.000 130.041  34.918 111.855
9018  37.138 -67.943 1 11 11 2249.3   3.336  34.946 266.800   3.156  34.944 263.600   1.253   0.612   0.051  -9.000 114.119  35.976 123.858
9018  37.138 -67.943 1 10 10 2549.6   3.190  34.952 263.800   2.982  34.949 264.100   0.784   0.386   0.025  -9.000  71.414  39.577 169.738
9018  37.138 -67.943 1  9  9 2852.0   2.955  34.942 263.100   2.721  34.940 261.800   0.583   0.284   0.022  -9.000  51.868  41.884 202.697
9018  37.138 -67.943 1  8  8 3100.1   2.707  34.924 266.000   2.453  34.924 264.600   0.937   0.454   0.044  -9.000  81.782  38.557 156.013
9018  37.138 -67.943 1  7  7 3351.7   2.517  34.914 267.300   2.241  34.913 266.100   0.898   0.439   0.045  -9.000  78.249  38.886 160.380
9018  37.138 -67.943 1  6  6 3604.2   2.403  34.907 267.000   2.102  34.908 265.700   0.684   0.334   0.036  -9.000  59.157  40.947 189.055
9018  37.138 -67.943 1  5  5 3800.4   2.328  34.901 267.500   2.007  34.900 264.100   0.793   0.387   0.050  -9.000  68.256  39.907 174.310
9018  37.138 -67.943 1  4  4 4051.0   2.284  34.896 265.700   1.936  34.896 263.800   0.684   0.336   0.040  -9.000  59.114  40.953 189.135
9018  37.138 -67.943 1  3  3 4348.8   2.252  34.890 264.100   1.871  34.890 264.700   0.849   0.419   0.057  -9.000  73.582  39.358 166.743
9018  37.138 -67.943 1  2  2 4649.4   2.240  34.885 262.000   1.823  34.884 258.700   0.712   0.359   0.043  -9.000  63.000  40.498 182.622
9018  37.138 -67.943 1  1  1 4984.8   2.205  34.875 255.300   1.748  34.875 258.100   0.291   0.160   0.017  -9.000  28.020  46.460 271.821
9019  36.895 -66.090 1 22 22    3.7  17.258  35.165 238.100  17.261  35.162 242.200   2.636   1.540   0.233  -9.000  -9.000  -9.000  -9.000
9019  36.895 -66.090 1 21 21  198.0  12.186  35.305 236.800  12.162  35.309 218.000   2.803   1.578   0.196  -9.000 460.694  17.010  14.125
9019  36.895 -66.090 1 20 20  398.0   9.845  35.272 138.000   9.801  35.275 137.200   1.138   0.672   0.033  -9.000 175.519  32.309  85.126
9019  36.895 -66.090 1 19 19  600.6   6.640  35.081 188.600   6.585  35.079 189.300   1.374   0.692   0.057  -9.000 153.798  33.481  96.699
9019  36.895 -66.090 1 18 18  850.1   4.892  35.022 235.600   4.823  35.024 239.200   1.967   0.984   0.108  -9.000 199.580  31.141  74.357
9019  36.895 -66.090 1 17 17 1101.6   4.309  34.985 251.700   4.223  34.985 254.600   2.154   1.076   0.129  -9.000 211.511  30.580  69.606
9019  36.895 -66.090 1 16 16 1300.8   4.055  34.965 258.100   3.953  34.965 259.100   2.203   1.089   0.133  -9.000 211.135  30.598  69.752
9019  36.895 -66.090 1 15 15 1501.3   3.863  34.955 263.400   3.745  34.954 261.500   2.072   1.012   0.117  -9.000 194.177  31.394  76.596
9019  36.895 -66.090 1 14 14 1652.3   3.784  34.954 264.300   3.653  34.954 266.800   1.893   0.918   0.116  -9.000 175.389  32.316  85.189
9019  36.895 -66.090 1 13 13 1900.3   3.599  34.943 267.100   3.447  34.943 267.100   1.851   0.894   0.102  -9.000 169.090  32.637  88.301
9019  36.895 -66.090 1 12 12 2099.5   3.503  34.942 267.600   3.335  34.941 266.400   1.634   0.794   0.082  -9.000 149.396  33.729  99.226
9019  36.895 -66.090 1 11 11 2352.3   3.358  34.951 266.000   3.166  34.948 265.400   1.156   0.567   0.056  -9.000 105.860  36.570 130.908
9019  36.895 -66.090 1 10 10 2651.9   3.186  34.947 264.400   2.968  34.946 262.600   0.930   0.473   0.048  -9.000  87.485  38.044 149.300
9019  36.895 -66.090 1  9  9 2949.0   2.929  34.936 267.800   2.686  34.935 266.200   0.861   0.421   0.043  -9.000  76.775  39.035 162.377
9019  36.895 -66.090 1  8  8 3099.7   2.773  34.926 266.800   2.518  34.925 267.400   1.059   0.511   0.049  -9.000  92.386  37.623 143.919
9019  36.895 -66.090 1  7  7 3350.3   2.593  34.917 268.900   2.315  34.917 267.300   0.996   0.491   0.053  -9.000  87.888  38.007 148.832
9019  36.895 -66.090 1  6  6 3547.8   2.452  34.909 268.000   2.156  34.909 266.400   0.967   0.469   0.054  -9.000  83.294  38.421 154.220
9019  36.895 -66.090 1  5  5 3747.7   2.358  34.903 267.900   2.043  34.904 270.200   0.907   0.437   0.051  -9.000  77.204  38.992 161.793
9019  36.895 -66.090 1  4  4 4000.3   2.288  34.896 267.000   1.946  34.896 265.200   0.816   0.397   0.048  -9.000  69.861  39.733 171.899
9019  36.895 -66.090 1  3  3 4300.2   2.260  34.891 265.200   1.884  34.891 263.900   0.794   0.386   0.048  -9.000  67.818  39.957 174.998
9019  36.895 -66.090 1  2  2 4599.8   2.253  34.887 263.100   1.842  34.891 262.600   0.678   0.330   0.044  -9.000  57.953  41.100 191.254
9019  36.895 -66.090 1  1  1 5019.6   2.264  34.882 259.100   1.801  34.883 259.900   0.525   0.259   0.025  -9.000  45.511  42.840 216.835
9020  36.621 -66.208 1 22 22    4.2  23.234  36.433 209.300  23.239  36.428 211.900   1.818   1.145   0.153  -9.000 539.904   7.995   3.424
9020  36.621 -66.208 1 21 21   98.9  21.454  36.711 207.200  21.440  36.665 209.000   1.998   1.231   0.143  -9.000 542.801   6.602   2.441
9020  36.621 -66.208 1 20 20  300.9  18.710  36.661 195.300  18.660  36.662 216.400   2.232   1.360   0.132  -9.000 536.092   9.198   3.917
9020  36.621 -66.208 1 19 19  548.2  15.221  36.048 171.300  15.139  36.051 174.900   2.110   1.200   0.030  -9.000 404.913  19.718  22.159
9020  36.621 -66.208 1 18 18  801.8   8.066  35.127 161.300   7.983  35.135 158.000   1.104   0.574   0.037  -9.000 137.172  34.473 107.028
9020  36.621 -66.208 1 17 17 1048.9   5.171  35.032 234.300   5.082  35.032 232.300   1.852   0.958   0.086  -9.000 197.201  31.253  75.335
9020  36.621 -66.208 1 16 16 1260.0   4.462  34.992 253.800   4.360  34.992 252.000   2.128   1.083   0.119  -9.000 214.646  30.431  68.405
9020  36.621 -66.208 1 15 15 1400.6   4.274  34.975 258.300   4.161  34.975 257.300   2.252   1.158   0.140  -9.000 227.183  29.834  63.918
9020  36.621 -66.208 1 14 14 1553.1   4.077  34.965 261.800   3.952  34.965 261.500   2.169   1.088   0.123  -9.000 211.190  30.595  69.730
9020  36.621 -66.208 1 13 13 1754.3   3.868  34.955 264.500   3.727  34.954 265.100   1.981   0.992   0.104  -9.000 190.389  31.571  78.199
9020  36.621 -66.208 1 12 12 2004.3   3.680  34.947 266.800   3.517  34.946 268.600   1.811   0.908   0.096  -9.000 172.495  32.464  86.613
9020  36.621 -66.208 1 11 11 2258.0   3.498  34.946 267.500   3.314  34.944 269.200   1.491   0.749   0.069  -9.000 140.898  34.244 104.597
9020  36.621 -66.208 1 10 10 2554.9   3.309  34.948 266.200   3.098  34.947 267.800   1.124   0.562   0.054  -9.000 104.645  36.657 131.961
9020  36.621 -66.208 1  9  9 2853.6   3.132  34.946 265.300   2.895  34.946 265.600   0.831   0.409   0.036  -9.000  75.425  39.171 164.216
9020  36.621 -66.208 1  8  8 3105.6   2.887  34.932 266.700   2.628  34.931 268.800   0.947   0.475   0.059  -9.000  86.421  38.140 150.542
9020  36.621 -66.208 1  7  7 3357.1   2.641  34.919 268.900   2.361  34.918 268.900   1.065   0.529   0.058  -9.000  94.943  37.419 141.339
9020  36.621 -66.208 1  6  6 3603.1   2.508  34.911 269.400   2.205  34.911 268.700   1.015   0.500   0.055  -9.000  89.075  37.900 147.456
9020  36.621 -66.208 1  5  5 3802.5   2.398  34.904 268.900   2.076  34.904 270.000   0.986   0.486   0.061  -9.000  86.052  38.173 150.974
9020  36.621 -66.208 1  4  4 4052.1   2.332  34.899 267.200   1.983  34.898 267.800   0.854   0.426   0.048  -9.000  75.150  39.199 164.593
9020  36.621 -66.208 1  3  3 4352.7   2.284  34.893 266.400   1.902  34.893 261.900   0.792   0.397   0.045  -9.000  69.844  39.735 171.923
9020  36.621 -66.208 1  2  2 4650.9   2.267  34.888 264.300   1.849  34.888 262.400   0.718   0.356   0.042  -9.000  62.569  40.546 183.311
9020  36.621 -66.208 1  1  1 5042.1   2.261  34.882 260.400   1.795  34.881 259.200   0.496   0.252   0.029  -9.000  44.272  43.053 220.017
9021  36.200 -66.543 1 22 22    3.6  20.440  36.572 215.400  20.444  36.567 222.700   2.133   1.289   0.185  -9.000 544.981   5.301   1.406
9021  36.200 -66.543 1 21 21  203.4  18.816  36.655 200.700  18.784  36.651 222.700   2.278   1.362   0.154  -9.000 539.211   8.235   3.534
9021  36.200 -66.543 1 20 20  404.8  18.292  36.603 220.100  18.225  36.602 209.100   2.311   1.358   0.112  -9.000 525.739  11.344   5.424
9021  36.200 -66.543 1 19 19  603.3  17.239  36.403 189.700  17.140  36.407 190.900   2.272   1.306   0.056  -9.000 482.654  15.842  11.261
9021  36.200 -66.543 1 18 18  851.3  11.773  35.507 140.500  11.662  35.511 141.700   1.352   0.729   0.032  -9.000 209.190  30.691  70.513
9021  36.200 -66.543 1 17 17 1102.5   6.082  35.052 205.100   5.980  35.051 203.600   1.640   0.837   0.088  -9.000 180.708  32.045  82.604
9021  36.200 -66.543 1 16 16 1299.7   4.866  35.008 241.500   4.756  35.008 240.200   2.104   1.068   0.122  -9.000 216.286  30.353  67.788
9021  36.200 -66.543 1 15 15 1503.0   4.376  34.987 254.500   4.252  34.988 253.500   2.071   1.065   0.124  -9.000 210.101  30.647  70.155
9021  36.200 -66.543 1 14 14 1650.3   4.132  34.971 260.000   3.997  34.969 258.700   2.146   1.078   0.119  -9.000 209.878  30.658  70.242
9021  36.200 -66.543 1 13 13 1851.2   3.908  34.959 261.900   3.757  34.957 263.200   1.932   0.959   0.100  -9.000 184.456  31.854  80.808
9021  36.200 -66.543 1 12 12 2049.0   3.743  34.955 264.100   3.576  34.955 266.200   1.694   0.834   0.080  -9.000 158.993  33.189  93.756
9021  36.200 -66.543 1 11 11 2298.2   3.638  34.964 265.200   3.447  34.986 261.700   1.223   0.609   0.054  -9.000 115.452  35.880 122.739
9021  36.200 -66.543 1 10 10 2596.6   3.424  34.964 264.100   3.208  34.965 260.700   0.788   0.385   0.036  -9.000  72.148  39.502 168.720
9021  36.200 -66.543 1  9  9 2895.8   3.225  34.958 264.000   2.981  34.955 257.200   0.530   0.255   0.016  -9.000  47.270  42.571 212.832
9021  36.200 -66.543 1  8  8 3189.6   2.895  34.933 269.100   2.627  34.932 268.800   0.885   0.430   0.047  -9.000  78.267  38.884 160.355
9021  36.200 -66.543 1  7  7 3443.1   2.635  34.919 271.100   2.345  34.918 272.300   0.949   0.459   0.059  -9.000  82.353  38.506 155.334
9021  36.200 -66.543 1  6  6 3646.2   2.495  34.911 272.000   2.188  34.912 271.600   0.914   0.453   0.063  -9.000  80.645  38.660 157.368
9021  36.200 -66.543 1  5  5 3843.1   2.386  34.904 269.900   2.059  34.903 271.000   0.913   0.444   0.057  -9.000  78.563  38.854 159.956
9021  36.200 -66.543 1  4  4 4095.3   2.308  34.897 269.800   1.954  34.896 269.500   0.851   0.414   0.054  -9.000  72.934  39.423 167.635
9021  36.200 -66.543 1  3  3 4398.8   2.277  34.892 268.500   1.889  34.891 267.500   0.703   0.345   0.040  -9.000  60.672  40.760 186.356
9021  36.200 -66.543 1  2  2 4702.7   2.274  34.888 267.600   1.850  34.887 265.400   0.704   0.343   0.038  -9.000  60.307  40.802 186.964
9021  36.200 -66.543 1  1  1 5081.9   2.262  34.881 264.400   1.791  34.880 260.900   0.486   0.244   0.023  -9.000  42.869  43.295 223.631
9022  35.698 -66.811 1 22 22    5.2  21.758  36.476 217.700  21.762  -9.000  -9.000  -9.000  -9.000  -9.000  -9.000  -9.000  -9.000  -9.000
9022  35.698 -66.811 1 21 21  100.0  19.655  36.716 208.900  19.641  36.714 206.000   2.169   1.306   0.129  -9.000 535.561   9.341   3.977
9022  35.698 -66.811 1 20 20  308.2  18.438  36.645 220.900  18.388  36.645 216.600   2.295   1.366   0.147  -9.000 532.295  10.111   4.388
9022  35.698 -66.811 1 19 19  547.9  17.845  36.534 212.600  17.754  36.533 203.600   2.313   1.344   0.068  -9.000 510.292  13.377   7.473
9022  35.698 -66.811 1 18 18  789.1  13.315  35.734 168.700  13.205  36.532 165.900   1.926   1.058   0.038  -9.000 326.743  24.565  36.536
9022  35.698 -66.811 1 17 17 1048.0   7.393  35.118 172.000   7.287  35.117 176.900   1.158   0.594   0.048  -9.000 137.221  34.470 106.995
9022  35.698 -66.811 1 16 16 1256.7   4.848  34.997 232.600   4.742  34.996 240.500   2.235   1.144   0.133  -9.000 231.435  29.622  62.457
9022  35.698 -66.811 1 15 15 1407.7   4.529  34.978 245.700   4.413  34.980 248.700   2.387   1.223   0.146  -9.000 243.218  29.030  58.659
9022  35.698 -66.811 1 14 14 1551.6   4.372  34.972 254.000   4.244  34.972 254.900   2.393   1.216   0.164  -9.000 239.806  29.202  59.719
9022  35.698 -66.811 1 13 13 1751.1   4.160  34.968 259.900   4.015  34.968 259.500   2.177   1.116   0.163  -9.000 217.598  30.290  67.301
9022  35.698 -66.811 1 12 12 2001.1   3.963  34.976 262.600   3.797  34.975 262.200   1.544   0.787   0.080  -9.000 151.848  33.591  97.814
9022  35.698 -66.811 1 11 11 2302.4   3.640  34.961 264.700   3.449  34.960 267.500   1.302   0.664   0.069  -9.000 125.890  35.189 114.862
9022  35.698 -66.811 1 10 10 2602.2   3.374  34.947 268.000   3.158  34.946 268.600   1.183   0.587   0.056  -9.000 109.685  36.295 127.616
9022  35.698 -66.811 1  9  9 2902.7   3.166  34.940 267.400   2.922  34.939 268.400   1.085   0.554   0.054  -9.000 102.348  36.826 134.012
9022  35.698 -66.811 1  8  8 3200.9   2.931  34.935 267.900   2.661  34.934 267.500   0.804   0.403   0.044  -9.000  73.499  39.366 166.857
9022  35.698 -66.811 1  7  7 3453.7   2.700  34.922 268.600   2.408  34.924 269.200   0.888   0.446   0.049  -9.000  80.308  38.690 157.771
9022  35.698 -66.811 1  6  6 3652.7   2.547  34.913 270.100   2.237  34.913 271.400   0.987   0.488   0.062  -9.000  87.127  38.076 149.718
9022  35.698 -66.811 1  5  5 3901.0   2.415  34.905 269.600   2.081  34.905 269.900   0.938   0.457   0.065  -9.000  80.993  38.629 156.952
9022  35.698 -66.811 1  4  4 4200.8   2.333  34.897 268.700   1.967  34.897 269.600   0.902   0.436   0.060  -9.000  76.917  39.021 162.184
9022  35.698 -66.811 1  3  3 4499.1   2.297  34.892 267.200   1.897  34.892 267.000   0.753   0.365   0.048  -9.000  64.260  40.356 180.613
9022  35.698 -66.811 1  2  2 4797.1   2.279  34.887 264.800   1.843  34.887 264.700   0.683   0.344   0.046  -9.000  60.499  40.779 186.634
9022  35.698 -66.811 1  1  1 5174.4   2.187  34.870 254.800   1.707  34.870 255.200  -9.000  -9.000  -9.000  -9.000  -9.000  -9.000  -9.000
