2012aug
      2012.62
STN   LAT    LON CAST SAMP BTL CTDPRS CTDTMP CTDSAL CTDOXY   THETA   SALNTY  OXYGEN  CFC-11  CFC-12  CFC113  SF6  pCFC-12 CFC12age Mean Age
9001  40.296 -69.790 1  3  3    2.3  25.808  33.642  -9.000  25.807  33.648 244.028   1.770   0.919   0.138   1.388 464.826  24.147  17.670
9001  40.296 -69.790 1  2  2   40.6  11.889  33.844 226.699  11.884  33.844 225.359   3.189   1.539   0.224   1.871 436.730  25.489  22.851
9001  40.296 -69.790 1  1  1   82.6  12.671  34.663 194.097  12.660  34.611 211.827  -9.000  -9.000  -9.000  -9.000  -9.000  -9.000  -9.000
9002  40.152 -69.879 1  3  3    2.6  24.581  33.545  -9.000  24.581  33.544 240.589   1.916   1.201   0.152   1.386  -9.000  -9.000  -9.000
9002  40.152 -69.879 1  2  2   50.2  11.463  33.931 214.239  11.457  34.011 220.670   3.159   1.819   0.223   1.905 506.412  21.080   9.752
9002  40.152 -69.879 1  1  1  111.4  13.863  35.675 166.541  13.847  35.678 177.706   2.188   1.232   0.091   1.356 389.827  27.887  32.522
9003  40.012 -68.007 1  4  4    2.3  24.864  33.470  -9.000  24.864  33.468 238.892   1.916   1.207   0.171   1.406  -9.000  -9.000  -9.000
9003  40.012 -68.007 1  3  3   50.0  14.158  34.932 200.394  14.151  34.935 217.678   2.785   1.675   0.219   1.759 533.151  17.270  -1.024
9003  40.012 -68.007 1  2  2  101.1  13.773  35.698 173.419  13.759  35.697 167.300   2.146   1.271   0.099   1.106 400.627  27.277  30.098
9003  40.012 -68.007 1  1  1  153.4  12.606  35.576 143.540  12.585  35.577 152.473   1.869   1.083   0.058   0.846 323.260  32.104  48.915
9004  39.906 -68.073 1  8  8   50.0  13.159  34.263 211.247  13.152  34.377 223.886   3.002   1.776   0.247   1.777 536.704  16.362  -5.178
9004  39.906 -68.073 1  7  7  101.0  14.278  35.619 188.782  14.263  35.620 197.982   2.414   1.441   0.147   1.410 464.290  24.172  17.761
9004  39.906 -68.073 1  6  6  202.2  11.207  35.422 138.449  11.182  35.415 135.725   1.519   0.840   0.029   0.642 234.515  36.798  79.730
9004  39.906 -68.073 1  5  5  303.0   9.074  35.202 144.121   9.041  35.211 143.674   1.361   0.741   0.038   0.568 186.278  39.093 103.175
9004  39.906 -68.073 1  4  4  399.9   7.487  35.096 169.221   7.447  35.094 173.463   1.682   0.906   0.065   0.612 210.246  37.970  90.678
9004  39.906 -68.073 1  3  3  505.2   6.312  35.038 197.446   6.266  35.038 203.342   2.111   1.138   0.110   0.721 248.588  36.089  74.133
9004  39.906 -68.073 1  2  2  606.1   5.720  35.014 217.990   5.668  35.013 220.893   2.423   1.304   0.129   0.896 276.191  34.583  63.502
9004  39.906 -68.073 1  1  1  691.3   5.293  34.999 230.361   5.235  34.998 235.363   2.623   1.410   0.157   0.941 292.010  33.760  58.108
9005  39.853 -68.105 1 11 11    2.5  24.561  33.410  -9.000  24.561  33.363 232.193   1.875   1.198   0.158   1.388  -9.000  -9.000  -9.000
9005  39.853 -68.105 1 10 10   76.3  13.808  35.238 194.856  13.797  35.223 203.208   2.652  -9.000   0.177   1.659  -9.000  -9.000  -9.000
9005  39.853 -68.105 1  9  9  158.2  13.246  35.665 156.403  13.224  35.666 152.651   1.959   1.141   0.042   0.887 351.029  30.286  41.609
9005  39.853 -68.105 1  8  8  252.2  10.073  35.293 137.958  10.043  35.296 142.781   1.390   0.772   0.025   0.585 203.914  38.269  93.851
9005  39.853 -68.105 1  7  7  353.1   8.334  35.145 152.964   8.297  35.145 151.803   1.441   0.792   0.041   0.575 191.843  38.833 100.157
9005  39.853 -68.105 1  6  6  476.5   6.482  35.058 194.320   6.438  35.060 207.986   1.941   1.045   0.087   0.670 230.325  37.008  81.518
9005  39.853 -68.105 1  5  5  606.0   5.600  35.018 223.618   5.548  35.017 225.315   2.392   1.284   0.121   0.814 270.271  34.925  65.836
9005  39.853 -68.105 1  4  4  733.0   5.089  34.999 241.169   5.028  34.997 240.098   2.665   1.415   0.152   0.911 289.921  33.856  58.718
9005  39.853 -68.105 1  3  3  858.6   4.920  34.996 247.869   4.849  34.996 242.420   2.705   1.445   0.146   0.876 293.441  33.694  57.693
9005  39.853 -68.105 1  2  2  957.0   4.644  34.983 255.104   4.566  34.981 256.176   2.837   1.515   0.171   0.930 303.150  33.247  54.963
9005  39.853 -68.105 1  1  1 1024.9   4.516  34.980 258.319   4.433  34.981 257.158   2.808   1.492   0.166   0.955 296.522  33.552  56.809
9006  39.789 -68.158 1 13 13    2.5  24.521  33.371  -9.000  24.520  33.375 228.932   1.910   1.215   0.177   1.386  -9.000  -9.000  -9.000
9006  39.789 -68.158 1 12 12   75.7  13.616  35.196 193.471  13.605  35.195 200.930   2.667   1.568   0.199   1.647 488.309  22.786  13.261
9006  39.789 -68.158 1 11 11  152.0  13.769  35.710 164.844  13.747  35.710 168.149   2.118   1.261   0.081   1.103 397.450  27.456  30.817
9006  39.789 -68.158 1 10 10  252.4  10.514  35.339 137.243  10.484  35.345 134.876   1.466   0.789   0.034   0.604 212.964  37.841  89.347
9006  39.789 -68.158 1  9  9  378.9   7.743  35.108 163.191   7.705  35.112 166.273   1.597   0.838   0.061   0.652 197.008  38.592  97.414
9006  39.789 -68.158 1  8  8  530.1   5.881  35.039 211.782   5.835  35.036 218.080   2.118   1.119   0.106   0.738 239.059  36.569  77.862
9006  39.789 -68.158 1  7  7  681.6   5.178  35.009 240.812   5.121  35.010 240.589   2.562   1.348   0.157   0.989 277.520  34.506  62.985
9006  39.789 -68.158 1  6  6  832.9   4.857  34.996 249.878   4.788  34.996 250.950   2.708   1.454   0.168   0.920 294.281  33.655  57.450
9006  39.789 -68.158 1  5  5  959.2   4.644  34.992 255.640   4.567  34.994 257.426   2.740   1.468   0.175   0.891 293.773  33.679  57.596
9006  39.789 -68.158 1  4  4 1086.7   4.429  34.981 261.669   4.341  34.981 247.288   2.724   1.437   0.169   0.858 284.271  34.117  60.401
9006  39.789 -68.158 1  3  3 1213.3   4.267  34.974 265.152   4.170  34.972 257.605   2.698   1.408   0.164   0.798 276.120  34.587  63.531
9006  39.789 -68.158 1  2  2 1337.4   4.150  34.970 267.430   4.043  34.968 266.448   2.620   1.371   0.165   0.753 267.179  35.104  67.068
9006  39.789 -68.158 1  1  1 1406.7   4.097  34.967 268.413   3.984  34.968 267.207   2.574   1.320   0.163   0.711 256.502  35.670  71.056
9007  39.706 -68.203 1 18 18    3.5  24.688  33.131  -9.000  24.687  33.128 226.074   1.835   1.174   0.163   1.343  -9.000  -9.000  -9.000
9007  39.706 -68.203 1 17 17  101.3  14.078  35.530 195.213  14.063  35.525 199.545   2.468   1.445   0.161   1.417 461.013  24.325  18.325
9007  39.706 -68.203 1 16 16  227.9  11.375  35.438 138.672  11.346  35.447 135.948   1.615   0.913   0.038   0.681 256.965  35.646  70.880
9007  39.706 -68.203 1 15 15  353.8   8.182  35.141 153.768   8.146  35.140 157.698   1.516   0.818   0.062   0.571 196.643  38.609  97.606
9007  39.706 -68.203 1 14 14  479.3   6.137  35.043 200.215   6.095  35.041 208.031   2.034   1.078   0.096   0.714 233.379  36.855  80.208
9007  39.706 -68.203 1 13 13  606.0   5.350  35.016 232.193   5.299  35.014 234.202   2.458   1.296   0.154   0.782 269.253  34.984  66.241
9007  39.706 -68.203 1 12 12  756.8   4.946  35.001 247.243   4.884  35.001 251.084   2.628   1.402   0.162   0.891 285.110  34.078  60.148
9007  39.706 -68.203 1 11 11  883.6   4.692  34.995 255.550   4.620  34.994 262.071   2.718   1.379   0.173   0.841 276.674  34.555  63.315
9007  39.706 -68.203 1 10 10 1010.8   4.411  34.979 261.981   4.330  34.976 264.482   2.859   1.523   0.193   0.931 300.991  33.346  55.556
9007  39.706 -68.203 1  9  9 1137.7   4.260  34.971 265.599   4.170  34.969 267.430   2.843   1.472   0.190   0.827 288.554  33.919  59.122
9007  39.706 -68.203 1  8  8 1263.3   4.150  34.972 267.430   4.049  34.974 267.162   2.575   1.345   0.171   0.688 262.117  35.373  68.945
9007  39.706 -68.203 1  7  7 1390.8   4.048  34.970 269.261   3.938  34.969 267.564   2.407   1.203   0.159   0.584 233.161  36.866  80.301
9007  39.706 -68.203 1  6  6 1517.7   3.854  34.957 271.673   3.734  34.959 272.343   2.371   1.212   0.147   0.557 232.442  36.902  80.607
9007  39.706 -68.203 1  5  5 1644.5   3.727  34.952 272.968   3.597  34.950 273.951   2.230   1.137   0.139   0.474 216.561  37.669  87.628
9007  39.706 -68.203 1  4  4 1771.7   3.570  34.947 274.219   3.430  34.944 275.335   2.036   1.010   0.113   0.424 190.737  38.885 100.752
9007  39.706 -68.203 1  3  3 1894.7   3.469  34.944 274.799   3.319  34.943 281.409   1.915   0.963   0.103   0.410 180.867  39.367 106.405
9007  39.706 -68.203 1  2  2 2000.1   3.315  34.940 275.469   3.158  34.941 270.110   1.754   0.877   0.087   0.366 163.336  40.275 117.401
9007  39.706 -68.203 1  1  1 2089.4   3.130  34.937 276.005   2.967  34.935 275.648  -9.000  -9.000  -9.000  -9.000  -9.000  -9.000  -9.000
9008  39.479 -68.367 1 21 21    4.0  25.432  33.684  -9.000  25.431  33.670 222.546   1.770   1.159   0.155   1.232  -9.000  -9.000  -9.000
9008  39.479 -68.367 1 20 20   76.2  14.358  35.460 194.633  14.346  35.459 202.761   2.562   1.571   0.155   1.503 507.197  21.005   9.624
9008  39.479 -68.367 1 19 19  151.8  12.884  35.590 159.529  12.863  35.614 155.420   2.036   1.206   0.074   0.987 364.660  29.396  38.307
9008  39.479 -68.367 1 18 18  252.5   9.816  35.260 137.243   9.786  35.262 136.886   1.382   0.780   0.034   0.502 203.419  38.292  94.101
9008  39.479 -68.367 1 17 17  378.6   7.179  35.086 177.483   7.143  35.086 179.895   1.604   0.880   0.064   0.547 201.036  38.403  95.320
9008  39.479 -68.367 1 16 16  529.7   5.608  35.028 222.546   5.563  35.026 224.823   2.247   1.230   0.118   0.782 259.037  35.536  70.097
9008  39.479 -68.367 1 15 15  682.0   4.848  34.986 247.467   4.793  34.982 252.737   2.932   1.597   0.171   1.061 323.042  32.117  48.975
9008  39.479 -68.367 1 14 14  833.3   4.556  34.980 257.739   4.490  34.980 259.704   2.892   1.564   0.187   0.907 311.491  32.793  52.383
9008  39.479 -68.367 1 13 13  960.3   4.424  34.980 263.009   4.348  34.978 262.383   2.866   1.531   0.182   0.923 302.786  33.264  55.063
9008  39.479 -68.367 1 12 12 1093.5   4.246  34.972 266.626   4.160  34.977 266.090   2.781   1.466   0.178   0.818 287.170  33.983  59.533
9008  39.479 -68.367 1 11 11 1212.6   4.093  34.966 268.859   3.998  34.966 267.877   2.660   1.397   0.169   0.710 271.403  34.860  65.387
9008  39.479 -68.367 1 10 10 1340.0   3.961  34.960 270.824   3.855  34.958 270.556   2.545   1.322   0.154   0.649 255.011  35.749  71.626
9008  39.479 -68.367 1  9  9 1466.5   3.828  34.956 272.343   3.713  34.954 271.316   2.364   1.225   0.139   0.583 234.604  36.793  79.693
9008  39.479 -68.367 1  8  8 1593.4   3.720  34.952 273.325   3.595  34.953 272.611   2.206   1.137   0.120   0.485 216.479  37.673  87.667
9008  39.479 -68.367 1  7  7 1720.8   3.600  34.948 274.085   3.464  34.946 274.978   2.047   1.044   0.112   0.427 197.481  38.569  97.166
9008  39.479 -68.367 1  6  6 1847.5   3.493  34.945 274.620   3.347  34.945 275.648   1.910   0.964   0.098   0.401 181.293  39.345 106.147
9008  39.479 -68.367 1  5  5 1974.8   3.382  34.942 274.978   3.226  34.940 275.960   1.807   0.913   0.092   0.377 170.664  39.887 112.668
9008  39.479 -68.367 1  4  4 2103.2   3.256  34.941 275.156   3.090  34.940 275.737   1.652   0.833   0.074   0.338 154.647  40.763 123.420
9008  39.479 -68.367 1  3  3 2229.6   3.122  34.937 275.290   2.946  34.935 276.764   1.605   0.819   0.077   0.338 150.937  40.972 126.021
9008  39.479 -68.367 1  2  2 2330.9   2.936  34.932 275.737   2.753  34.930 276.094   1.530   0.788   0.067   0.351 143.750  41.399 131.422
9008  39.479 -68.367 1  1  1 2424.6   2.863  34.929 276.184   2.673  34.928 276.943  -9.000  -9.000  -9.000  -9.000  -9.000  -9.000  -9.000
9009  39.344 -68.460 1 22 22    3.3  25.653  34.326  -9.000  25.652  34.338 222.546   1.714   1.128   0.153   1.214  -9.000  -9.000  -9.000
9009  39.344 -68.460 1 21 21  100.5  14.662  35.839 177.974  14.647  35.842 179.225   2.220   1.337   0.094   1.145 439.196  25.364  22.350
9009  39.344 -68.460 1 20 20  227.1  10.281  35.311 140.503  10.254  35.325 137.243   1.387   0.779   0.022   0.580 207.868  38.083  91.864
9009  39.344 -68.460 1 19 19  353.1   7.881  35.119 168.595   7.845  35.120 165.201   1.520   0.836   0.056   0.540 197.929  38.549  96.932
9009  39.344 -68.460 1 18 18  479.1   5.992  35.030 217.856   5.950  35.030 213.256   2.187   1.171   0.119   0.741 251.588  35.930  72.950
9009  39.344 -68.460 1 17 17  605.5   5.335  35.021 238.713   5.284  35.022 233.934   2.397   1.284   0.134   0.768 266.561  35.138  67.304
9009  39.344 -68.460 1 16 16  756.1   4.810  34.993 255.818   4.749  34.992 251.084   2.746   1.443   0.171   0.908 291.325  33.792  58.307
9009  39.344 -68.460 1 15 15  883.7   4.530  34.979 262.026   4.459  34.981 261.133   2.914   1.568   0.187   0.907 311.850  32.772  52.268
9009  39.344 -68.460 1 14 14 1009.6   4.353  34.972 265.733   4.273  34.972 265.018   2.909   1.556   0.190   0.917 306.541  33.083  54.005
9009  39.344 -68.460 1 13 13 1136.7   4.175  34.964 268.234   4.085  34.963 268.413   2.847   1.508   0.185   0.800 294.248  33.657  57.460
9009  39.344 -68.460 1 12 12 1263.7   4.054  34.962 269.663   3.954  34.959 269.127   2.712   1.438   0.162   0.810 278.778  34.433  62.498
9009  39.344 -68.460 1 11 11 1389.9   3.935  34.958 271.316   3.825  34.955 270.958   2.568   1.354   0.153   0.640 260.812  35.442  69.432
9009  39.344 -68.460 1 10 10 1516.4   3.836  34.956 272.521   3.716  34.956 271.405   2.384   1.241   0.136   0.544 237.774  36.634  78.383
9009  39.344 -68.460 1  9  9 1643.5   3.734  34.954 273.415   3.604  34.953 272.879   2.152   1.126   0.119   0.493 214.550  37.765  88.582
9009  39.344 -68.460 1  8  8 1771.1   3.590  34.948 274.308   3.450  34.955 274.308   2.047   1.052   0.115   0.437 198.888  38.504  96.432
9009  39.344 -68.460 1  7  7 1897.5   3.472  34.946 274.888   3.322  34.944 276.764   1.828   0.940   0.088   0.395 176.577  39.585 109.024
9009  39.344 -68.460 1  6  6 2024.8   3.402  34.947 275.022   3.241  34.953 275.112   1.642   0.834   0.072   0.303 156.075  40.683 122.425
9009  39.344 -68.460 1  5  5 2152.5   3.283  34.944 275.156   3.112  34.943 274.442   1.477   0.757   0.058   0.267 140.748  41.583 133.783
9009  39.344 -68.460 1  4  4 2279.3   3.170  34.942 275.201   2.989  34.940 274.219   1.417   0.724   0.061   0.320 133.785  42.010 139.358
9009  39.344 -68.460 1  3  3 2406.2   2.955  34.933 275.603   2.765  34.931 276.094   1.621   0.841   0.079   0.391 153.581  40.823 124.164
9009  39.344 -68.460 1  2  2 2533.8   2.837  34.928 276.318   2.637  34.926 277.300   1.531   0.793   0.069   0.357 143.873  41.392 131.325
9009  39.344 -68.460 1  1  1 2656.4   2.628  34.919 278.640   2.420  34.921 278.729   1.619   0.840   0.085   0.428 150.651  40.988 126.221
9010  39.092 -68.638 1 23 23    3.1  25.846  34.593  -9.000  25.845  34.598 217.633   1.693   1.101   0.144   1.235  -9.000  -9.000  -9.000
9010  39.092 -68.638 1 22 22  125.5  14.312  35.872 158.770  14.294  35.893 157.341   1.981   1.161   0.036   0.841 375.586  28.726  35.768
9010  39.092 -68.638 1 21 21  252.4  10.156  35.296 140.325  10.127  35.299 137.377   1.332   0.739   0.023   0.565 195.983  38.640  97.954
9010  39.092 -68.638 1 20 20  403.2   6.932  35.072 187.130   6.894  35.073 188.559   1.710   0.930   0.065   0.604 209.777  37.993  90.911
9010  39.092 -68.638 1 19 19  555.4   5.482  35.017 232.728   5.435  35.018 229.290   2.370   1.285   0.121   0.831 268.816  35.009  66.415
9010  39.092 -68.638 1 18 18  605.9   5.200  35.006 242.956   5.150  35.006 240.365   2.580   1.400   0.150   0.908 288.550  33.920  59.123
9010  39.092 -68.638 1 17 17  757.7   4.716  34.988 256.667   4.655  34.991 275.960   2.882   1.554   0.173   0.953 312.165  32.754  52.169
9010  39.092 -68.638 1 16 16  908.7   4.517  34.989 261.803   4.444  34.989 259.168   2.697   1.439   0.158   0.815 286.027  34.036  59.874
9010  39.092 -68.638 1 15 15 1060.8   4.296  34.979 265.778   4.212  34.979 263.589   2.625   1.389   0.155   0.707 272.829  34.777  64.822
9010  39.092 -68.638 1 14 14 1213.1   4.091  34.966 269.038   3.996  34.967 267.609   2.588   1.357   0.149   0.695 263.607  35.294  68.392
9010  39.092 -68.638 1 13 13 1364.4   3.945  34.960 271.182   3.838  34.959 270.601   2.458   1.272   0.141   0.653 245.149  36.263  75.458
9010  39.092 -68.638 1 12 12 1517.2   3.807  34.953 272.745   3.688  34.956 271.941   2.308   1.196   0.131   0.584 228.787  37.085  82.191
9010  39.092 -68.638 1 11 11 1669.7   3.667  34.948 273.817   3.535  34.947 281.722   2.150   0.065   0.107   0.487  12.340  59.376 452.481
9010  39.092 -68.638 1 10 10 1820.7   3.542  34.945 274.442   3.398  34.945 273.817   1.955   0.998   0.095   0.373 188.184  39.004 102.134
9010  39.092 -68.638 1  9  9 1972.6   3.400  34.942 274.754   3.244  34.941 277.389   1.788   0.906   0.084   0.368 169.523  39.945 113.376
9010  39.092 -68.638 1  8  8 2123.0   3.284  34.941 274.799   3.115  34.943 275.290   1.565   0.780   0.070   0.293 145.029  41.321 130.422
9010  39.092 -68.638 1  7  7 2260.4   3.172  34.938 274.844   2.992  34.939 274.888   1.523   0.778   0.064   0.323 143.775  41.398 131.401
9010  39.092 -68.638 1  6  6 2410.3   3.067  34.935 275.022   2.875  34.936 283.999   1.460   0.748   0.065   0.286 137.436  41.786 136.417
9010  39.092 -68.638 1  5  5 2583.8   2.906  34.929 275.826   2.699  34.929 276.228   1.464   0.741   0.053   0.368 134.952  41.939 138.413
9010  39.092 -68.638 1  4  4 2736.6   2.724  34.921 277.657   2.507  34.921 283.285   1.536   0.795   0.069   0.375 143.337  41.424 131.744
9010  39.092 -68.638 1  3  3 2885.6   2.468  34.909 281.007   2.241  34.911 283.374   1.778   0.913   0.091   0.521 162.292  40.334 118.120
9010  39.092 -68.638 1  2  2 2965.5   2.290  34.899 281.141   2.058  34.900 287.617   1.795   0.929   0.106   0.489 163.502  40.266 117.287
9010  39.092 -68.638 1  1  1 3100.9   2.149  34.884 276.273   1.907  34.893 276.586   1.472   0.765   0.095   0.411 133.570  42.024 139.532
9011  38.827 -68.814 1 23 23    2.7  26.347  34.706  -9.000  26.346  34.745 230.227   1.637  -9.000   0.135   1.252  -9.000  -9.000  -9.000
9011  38.827 -68.814 1 22 22  151.9  12.424  35.578 143.898  12.403  35.576 140.370   1.776   1.010   0.023   0.661 298.951  33.440  56.124
9011  38.827 -68.814 1 21 21  302.6   8.070  35.134 156.001   8.039  35.135 159.395   1.315   0.713   0.036   0.467 170.432  39.899 112.812
9011  38.827 -68.814 1 20 20  454.5   5.950  35.043 212.318   5.910  35.043 215.221   2.053   1.108   0.084   0.691 237.565  36.644  78.469
9011  38.827 -68.814 1 19 19  605.6   5.113  35.021 239.294   5.063  35.022 241.527   2.445   1.309   0.123   0.778 268.604  35.021  66.499
9011  38.827 -68.814 1 18 18  757.5   4.588  34.985 258.453   4.528  34.984 259.480   2.915   1.547   0.174   0.927 308.643  32.960  53.305
9011  38.827 -68.814 1 17 17  884.0   4.489  34.996 261.847   4.419  34.996 259.436   2.626   1.378   0.138   0.738 273.514  34.738  64.553
9011  38.827 -68.814 1 16 16 1010.6   4.225  34.976 266.582   4.146  34.976 265.644   2.691   1.411   0.144   0.755 276.093  34.589  63.541
9011  38.827 -68.814 1 15 15 1162.2   4.098  34.973 269.261   4.007  34.972 267.162   2.504   1.289   0.138   0.624 250.510  35.987  73.373
9011  38.827 -68.814 1 14 14 1314.5   3.928  34.964 271.271   3.825  34.964 270.378   2.357   1.209   0.132   0.506 232.806  36.884  80.451
9011  38.827 -68.814 1 13 13 1466.6   3.794  34.960 272.745   3.679  34.959 271.941   2.111   1.073   0.093   0.413 205.126  38.212  93.239
9011  38.827 -68.814 1 12 12 1618.7   3.662  34.955 273.638   3.535  34.954 273.057   1.972   0.991   0.093   0.383 188.098  39.008 102.181
9011  38.827 -68.814 1 11 11 1770.3   3.549  34.952 274.308   3.409  34.950 273.727   1.766   0.890   0.072   0.318 167.894  40.028 114.387
9011  38.827 -68.814 1 10 10 1897.7   3.438  34.947 274.665   3.288  34.946 274.085   1.680   0.849   0.066   0.316 159.191  40.508 120.262
9011  38.827 -68.814 1  9  9 2024.7   3.331  34.946 274.799   3.171  34.945 274.085   1.523   0.775   0.057   0.290 144.475  41.355 130.853
9011  38.827 -68.814 1  8  8 2178.3   3.218  34.944 274.933   3.045  34.946 273.638   1.366   0.687   0.049   0.256 127.283  42.428 144.962
9011  38.827 -68.814 1  7  7 2432.0   3.020  34.938 275.335   2.826  34.941 274.174   1.245   0.633   0.044   0.243 116.012  43.169 155.333
9011  38.827 -68.814 1  6  6 2637.0   2.813  34.927 276.630   2.603  34.926 278.149   1.490   0.763   0.070   0.340 138.249  41.737 135.767
9011  38.827 -68.814 1  5  5 2789.1   2.675  34.922 278.238   2.452  34.921 277.836   1.368   0.702   0.069   0.288 126.231  42.497 145.901
9011  38.827 -68.814 1  4  4 2942.8   2.522  34.913 280.292   2.288  34.912 280.605   1.657   0.852   0.090   0.431 151.907  40.917 125.338
9011  38.827 -68.814 1  3  3 3096.2   2.351  34.904 281.543   2.105  34.903 280.828   1.847   0.957   0.109   0.467 169.009  39.972 113.695
9011  38.827 -68.814 1  2  2 3198.3   2.217  34.897 279.265   1.964  34.898 278.997   1.608   0.834   0.098   0.414 146.189  41.250 129.518
9011  38.827 -68.814 1  1  1 3290.1   2.153  34.891 275.558   1.892  34.900 275.916   1.440   0.749   0.078   0.359 130.816  42.197 141.844
9012  38.561 -67.029 1 23 23    2.6  27.654  34.690  -9.000  27.654  34.699 222.992   1.544   1.019   0.126   1.134  -9.000  -9.000  -9.000
9012  38.561 -67.029 1 22 22  126.7  13.704  35.765 167.881  13.686  35.782 149.168   1.939   1.133   0.032   0.871 356.250  29.932  40.303
9012  38.561 -67.029 1 21 21  277.6   8.807  35.165 148.096   8.777  35.173 145.238   1.235   0.678   0.023   0.530 168.154  40.015 114.227
9012  38.561 -67.029 1 20 20  429.3   6.245  35.050 206.334   6.206  35.054 205.128   1.896   1.018   0.077   0.624 221.638  37.428  85.299
9012  38.561 -67.029 1 19 19  580.8   5.120  35.003 243.849   5.073  35.003 242.197   2.646   1.431   0.135   0.880 293.689  33.683  57.621
9012  38.561 -67.029 1 18 18  732.0   4.738  34.997 257.917   4.680  34.998 253.674   2.729   1.458   0.154   0.869 293.246  33.703  57.749
9012  38.561 -67.029 1 17 17  884.1   4.407  34.976 262.785   4.337  34.976 263.589   2.902   1.540   0.164   0.857 304.280  33.195  54.657
9012  38.561 -67.029 1 16 16 1036.1   4.273  34.979 265.599   4.192  34.978 264.170   2.641   1.392   0.146   0.743 273.084  34.763  64.723
9012  38.561 -67.029 1 15 15 1188.3   4.111  34.974 268.145   4.018  34.974 266.448   2.465   1.281   0.135   0.631 249.131  36.060  73.917
9012  38.561 -67.029 1 14 14 1340.3   3.949  34.969 270.780   3.844  34.968 268.547   2.230   1.142   0.118   0.481 220.167  37.498  85.962
9012  38.561 -67.029 1 13 13 1491.1   3.794  34.962 272.700   3.677  34.964 270.512   2.043   1.036   0.102   0.399 198.057  38.543  96.865
9012  38.561 -67.029 1 12 12 1643.7   3.653  34.955 273.951   3.524  34.954 272.164   1.897   0.960   0.091   0.401 182.125  39.302 105.642
9012  38.561 -67.029 1 11 11 1796.2   3.519  34.950 274.531   3.377  34.949 274.531   1.743   0.879   0.074   0.327 165.546  40.151 115.883
9012  38.561 -67.029 1 10 10 1973.7   3.390  34.948 274.665   3.234  34.948 273.817   1.535   0.772   0.061   0.244 144.380  41.360 130.928
9012  38.561 -67.029 1  9  9 2126.5   3.282  34.948 274.620   3.114  34.946 273.102   1.331   0.679   0.055   0.273 126.245  42.496 145.889
9012  38.561 -67.029 1  8  8 2279.9   3.151  34.943 274.665   2.970  34.942 274.129   1.276   0.642   0.045   0.239 118.512  43.002 152.938
9012  38.561 -67.029 1  7  7 2482.5   2.980  34.935 275.201   2.782  34.934 275.290   1.291   0.655   0.047   0.286 119.779  42.919 151.767
9012  38.561 -67.029 1  6  6 2687.6   2.787  34.928 276.764   2.573  34.927 275.960   1.236   0.629   0.053   0.259 113.808  43.328 157.617
9012  38.561 -67.029 1  5  5 2891.9   2.611  34.919 279.489   2.380  34.920 277.389   1.284   0.651   0.062   0.267 116.646  43.124 154.681
9012  38.561 -67.029 1  4  4 3044.9   2.472  34.910 281.186   2.228  34.910 280.605   1.710   0.878   0.099   0.417 156.104  40.682 122.404
9012  38.561 -67.029 1  3  3 3198.3   2.356  34.904 281.454   2.099  34.904 280.962   1.736   0.897   0.104   0.433 158.457  40.549 120.769
9012  38.561 -67.029 1  2  2 3351.5   2.215  34.895 278.193   1.946  34.895 279.623   1.625   0.845   0.101   0.454 148.096  41.133 128.040
9012  38.561 -67.029 1  1  1 3488.9   2.136  34.887 272.923   1.854  34.889 272.655   1.160   0.607   0.067   0.325 105.910  43.896 165.965
9013  38.317 -67.134 1 23 23    3.1  27.776  34.632  -9.000  27.776  34.622 213.971   1.518   1.000   0.132   1.180  -9.000  -9.000  -9.000
9013  38.317 -67.134 1 22 22  201.9  11.332  35.431 142.111  11.307  35.433 135.055   1.476   0.822   0.020   0.569 230.867  36.981  81.283
9013  38.317 -67.134 1 21 21  404.3   6.885  35.088 193.203   6.846  35.088 191.149   1.657   0.878   0.063   0.483 197.609  38.563  97.099
9013  38.317 -67.134 1 20 20  606.1   5.259  35.028 239.696   5.208  35.029 237.016   2.306   1.217   0.129   0.668 251.667  35.926  72.920
9013  38.317 -67.134 1 19 19  808.5   4.602  34.995 260.865   4.538  34.993 256.265   2.615   1.375   0.156   0.716 274.560  34.677  64.142
9013  38.317 -67.134 1 18 18  960.1   4.440  34.996 264.750   4.363  34.995 260.150   2.505   1.307   0.150   0.646 258.749  35.551  70.205
9013  38.317 -67.134 1 17 17 1112.2   4.179  34.978 267.787   4.091  34.978 265.331   2.442   1.254   0.150   0.620 244.778  36.282  75.601
9013  38.317 -67.134 1 16 16 1263.8   4.009  34.970 270.467   3.910  34.969 287.438   2.289  -9.000   0.144   0.562  -9.000  -9.000  -9.000
9013  38.317 -67.134 1 15 15 1416.9   3.895  34.970 271.986   3.783  34.969 269.083   2.058   1.054   0.115   0.465 202.614  38.330  94.511
9013  38.317 -67.134 1 14 14 1568.1   3.691  34.955 273.504   3.569  34.954 272.745   1.980   1.006   0.115   0.382 191.244  38.861 100.479
9013  38.317 -67.134 1 13 13 1771.2   3.519  34.950 274.531   3.380  34.949 273.415   1.720   0.871   0.083   0.333 164.039  40.236 116.917
9013  38.317 -67.134 1 12 12 1974.3   3.371  34.946 274.620   3.215  34.946 274.308   1.581   0.799   0.069   0.305 149.272  41.065 127.193
9013  38.317 -67.134 1 11 11 2178.5   3.197  34.943 274.576   3.025  34.942 273.951   1.350   0.688   0.059   0.271 127.323  42.426 144.926
9013  38.317 -67.134 1 10 10 2381.7   3.083  34.941 274.710   2.893  34.940 273.147   1.175   0.597   0.048   0.248 109.796  43.617 161.828
9013  38.317 -67.134 1  9  9 2585.4   2.946  34.935 275.424   2.739  34.936 274.263   1.179   0.602   0.048   0.233 109.883  43.610 161.736
9013  38.317 -67.134 1  8  8 2790.1   2.764  34.924 277.300   2.540  34.924 276.809   1.403   0.714   0.057   0.273 129.020  42.315 143.421
9013  38.317 -67.134 1  7  7 2943.1   2.625  34.917 279.265   2.388  34.917 279.667   1.612   0.830   0.089   0.426 148.830  41.090 127.506
9013  38.317 -67.134 1  6  6 3095.9   2.498  34.910 281.096   2.249  34.910 281.632   1.876   0.970   0.108   0.450 172.708  39.783 111.405
9013  38.317 -67.134 1  5  5 3248.9   2.405  34.906 281.543   2.142  34.905 282.213   1.923   0.985   0.119   0.489 174.476  39.693 110.315
9013  38.317 -67.134 1  4  4 3402.1   2.334  34.901 280.918   2.056  34.901 280.828   1.718   0.890   0.116   0.443 157.022  40.630 121.766
9013  38.317 -67.134 1  3  3 3555.4   2.269  34.897 279.131   1.977  34.897 281.230   1.820   0.945   0.120   0.476 166.122  40.119 115.489
9013  38.317 -67.134 1  2  2 3709.0   2.207  34.892 275.871   1.899  34.893 278.193   1.630   0.847   0.114   0.428 148.376  41.116 127.827
9013  38.317 -67.134 1  1  1 3844.7   2.153  34.885 271.271   1.832  34.885 271.360   1.129   0.582   0.076   0.282 101.642  44.213 170.711
9014  38.092 -67.333 1 23 23    3.4  27.726  34.966 173.285  27.725  34.975 215.087   1.533   1.007   0.130   1.170  -9.000  -9.000  -9.000
9014  38.092 -67.333 1 22 22  100.5  14.788  35.905 154.438  14.773  35.916 153.678   1.998   1.179   0.041   0.900 389.721  27.893  32.545
9014  38.092 -67.333 1 21 21  302.5   7.834  35.118 168.640   7.803  35.117 165.469   1.377   0.737   0.047   0.477 174.077  39.713 110.561
9014  38.092 -67.333 1 20 20  504.2   5.626  35.051 228.396   5.583  35.050 226.387   2.146   1.143   0.104   0.544 241.001  36.472  77.083
9014  38.092 -67.333 1 19 19  706.5   4.812  35.015 253.362   4.755  35.014 251.039   2.533   1.334   0.143   0.744 269.408  34.975  66.178
9014  38.092 -67.333 1 18 18  909.0   4.318  34.980 263.455   4.247  34.981 263.857   2.681   1.405   0.152   0.753 276.301  34.577  63.460
9014  38.092 -67.333 1 17 17 1111.9   4.077  34.973 268.323   3.990  34.972 278.908   2.396   1.234   0.130   0.568 239.550  36.545  77.664
9014  38.092 -67.333 1 16 16 1263.7   3.896  34.964 270.869   3.798  34.962 269.618   2.264   1.150   0.129   0.509 221.062  37.455  85.556
9014  38.092 -67.333 1 15 15 1415.8   3.728  34.956 272.745   3.618  34.955 272.030   2.083   1.051   0.106   0.420 200.201  38.442  95.751
9014  38.092 -67.333 1 14 14 1618.8   3.586  34.952 274.620   3.460  34.953 273.191   1.838   0.920   0.080   0.340 173.902  39.722 110.668
9014  38.092 -67.333 1 13 13 1821.9   3.384  34.948 275.156   3.242  34.947 273.638   1.530   0.763   0.066   0.293 142.651  41.467 132.283
9014  38.092 -67.333 1 12 12 2025.6   3.226  34.942 275.067   3.068  34.941 274.888   1.497   0.753   0.058   0.313 139.568  41.656 134.719
9014  38.092 -67.333 1 11 11 2280.0   3.017  34.938 274.620   2.838  34.936 274.129   1.251   0.627   0.048   0.284 114.896  43.250 156.487
9014  38.092 -67.333 1 10 10 2534.9   2.830  34.931 274.710   2.630  34.932 274.442   1.076   0.547   0.045   0.256  99.208  44.407 173.664
9014  38.092 -67.333 1  9  9 2738.0   2.610  34.920 276.541   2.395  34.922 276.273   1.123   0.562   0.053   0.257 100.693  44.289 171.860
9014  38.092 -67.333 1  8  8 2942.6   2.449  34.911 276.943   2.216  34.910 276.720   1.101   0.554   0.049   0.274  98.375  44.474 174.680
9014  38.092 -67.333 1  7  7 3147.3   2.329  34.903 278.059   2.078  34.901 277.523   1.261   0.640   0.070   0.298 112.887  43.394 158.578
9014  38.092 -67.333 1  6  6 3351.8   2.252  34.897 276.764   1.982  34.896 276.809   1.280   0.647   0.077   0.333 113.630  43.341 157.803
9014  38.092 -67.333 1  5  5 3506.2   2.211  34.893 276.541   1.925  34.892 275.916   1.237   0.628   0.073   0.295 110.038  43.599 161.573
9014  38.092 -67.333 1  4  4 3660.6   2.192  34.890 274.710   1.890  34.893 274.933   1.184   0.607   0.072   0.303 106.243  43.872 165.608
9014  38.092 -67.333 1  3  3 3813.4   2.177  34.887 272.432   1.859  34.889 273.013   0.957   0.483   0.056   0.265  84.468  45.645 192.944
9014  38.092 -67.333 1  2  2 3966.8   2.173  34.885 271.182   1.838  34.883 271.137   0.940   0.479   0.056   0.274  83.748  45.710 193.977
9014  38.092 -67.333 1  1  1 4140.9   2.166  34.882 268.636   1.811  34.880 268.457   0.822   0.424   0.055   0.266  74.099  46.635 208.961
9015  37.859 -67.496 1 23 23    2.2  27.436  34.854 212.676  27.435  34.856 227.548   1.562   1.034   0.141   1.120  -9.000  -9.000  -9.000
9015  37.859 -67.496 1 22 22  201.6  10.345  35.318 133.626  10.321  35.324 137.377   1.328   0.717   0.029   0.521 191.925  38.829 100.113
9015  37.859 -67.496 1 21 21  403.7   6.492  35.071 206.111   6.455  35.070 198.920   1.723   0.908   0.067   0.539 200.261  38.440  95.720
9015  37.859 -67.496 1 20 20  605.8   5.039  35.019 246.261   4.990  35.020 244.028   2.472   1.301   0.136   0.737 265.918  35.172  67.541
9015  37.859 -67.496 1 19 19  807.5   4.604  35.004 258.185   4.540  35.002 256.354   2.596   1.362   0.157   0.759 272.019  34.824  65.143
9015  37.859 -67.496 1 18 18 1010.3   4.275  34.989 264.438   4.196  34.987 262.428   2.430   1.259   0.137   0.633 247.045  36.168  74.730
9015  37.859 -67.496 1 17 17 1162.1   4.069  34.977 268.145   3.978  34.986 263.053   2.330   1.192   0.144   0.541 231.308  36.959  81.093
9015  37.859 -67.496 1 16 16 1314.1   3.906  34.969 270.020   3.804  34.969 269.708   2.142   1.087   0.120   0.451 209.078  38.026  91.258
9015  37.859 -67.496 1 15 15 1466.9   3.746  34.958 273.593   3.632  34.960 276.854   1.996   0.999   0.112   0.402 190.483  38.896 100.889
9015  37.859 -67.496 1 14 14 1618.8   3.602  34.952 273.683   3.476  34.952 277.166   1.843   0.919   0.088   0.346 173.862  39.724 110.693
9015  37.859 -67.496 1 13 13 1771.8   3.474  34.948 274.308   3.335  34.946 273.504   1.692   0.845   0.084   0.303 158.753  40.533 120.564
9015  37.859 -67.496 1 12 12 1924.8   3.363  34.947 274.129   3.212  34.944 274.219   1.533   0.753   0.071   0.254 140.617  41.591 133.887
9015  37.859 -67.496 1 11 11 2127.0   3.201  34.943 273.638   3.034  34.942 277.747   1.328   0.654   0.053   0.242 121.056  42.835 150.591
9015  37.859 -67.496 1 10 10 2382.3   3.025  34.940 273.683   2.836  34.939 271.316   1.108   0.544   0.042   0.193  99.732  44.365 173.027
9015  37.859 -67.496 1  9  9 2635.8   2.801  34.928 275.871   2.591  34.926 283.731   1.216   0.606   0.056   0.265 109.730  43.621 161.898
9015  37.859 -67.496 1  8  8 2891.3   2.596  34.917 277.657   2.365  34.920 278.461   1.344   0.670   0.068   0.293 119.949  42.908 151.610
9015  37.859 -67.496 1  7  7 3147.0   2.424  34.908 276.541   2.171  34.906 279.623   1.032   0.513   0.057   0.219  90.968  45.067 183.826
9015  37.859 -67.496 1  6  6 3402.5   2.300  34.899 277.121   2.023  34.897 276.318   1.213   0.607   0.068   0.279 106.891  43.826 164.915
9015  37.859 -67.496 1  5  5 3608.1   2.239  34.894 276.273   1.942  34.893 277.479   1.214   0.609   0.076   0.258 106.877  43.827 164.930
9015  37.859 -67.496 1  4  4 3812.3   2.207  34.889 274.219   1.888  34.889 276.943   1.073   0.543   0.065   0.236  95.119  44.734 178.677
9015  37.859 -67.496 1  3  3 4017.5   2.193  34.886 271.896   1.851  34.885 273.459   0.936   0.466   0.063   0.182  81.565  45.907 197.124
9015  37.859 -67.496 1  2  2 4223.0   2.194  34.883 270.556   1.829  34.882 271.048   0.845   0.425   0.058   0.197  74.391  46.606 208.477
9015  37.859 -67.496 1  1  1 4422.4   2.201  34.881 268.815   1.813  34.880 270.378   0.843   0.427   0.062   0.219  74.768  46.568 207.849
9016  37.622 -67.627 1 23 23    3.1  26.896  34.660 229.826  26.895  34.660 222.099   1.619   1.063   0.129   1.077  -9.000  -9.000  -9.000
9016  37.622 -67.627 1 22 22   99.7  14.721  35.781 174.089  14.706  35.773 189.407   2.326   1.414   0.103   1.248 465.436  24.118  17.565
9016  37.622 -67.627 1 21 21  302.2   8.428  35.147 149.838   8.396  35.146 152.517   1.200   0.651   0.026   0.468 158.431  40.551 120.788
9016  37.622 -67.627 1 20 20  505.0   5.556  35.041 225.404   5.514  35.046 226.029   2.017   1.087   0.088   0.581 228.334  37.108  82.392
9016  37.622 -67.627 1 19 19  757.3   4.670  35.004 255.282   4.610  35.003 254.300   2.493   1.325   0.133   0.671 265.555  35.191  67.674
9016  37.622 -67.627 1 18 18 1010.5   4.272  34.987 264.706   4.192  34.985 263.500   2.545   1.351   0.143   0.614 265.047  35.218  67.861
9016  37.622 -67.627 1 17 17 1213.3   3.983  34.968 268.457   3.889  34.968 268.636   2.319   1.197   0.124   0.553 231.188  36.965  81.144
9016  37.622 -67.627 1 16 16 1365.5   3.844  34.963 270.333   3.738  34.962 270.020   2.099   1.073   0.111   0.405 205.685  38.186  92.959
9016  37.622 -67.627 1 15 15 1517.8   3.716  34.959 271.896   3.597  34.957 271.584   1.904   0.969   0.094   0.327 184.467  39.183 104.230
9016  37.622 -67.627 1 14 14 1669.7   3.566  34.955 273.236   3.436  34.954 272.253   1.677   0.851   0.076   0.284 160.691  40.424 119.223
9016  37.622 -67.627 1 13 13 1872.9   3.405  34.952 274.397   3.259  34.947 272.655   1.418   0.711   0.057   0.209 133.086  42.053 139.925
9016  37.622 -67.627 1 12 12 2127.0   3.250  34.947 273.281   3.081  34.945 272.611   1.234   0.625   0.048   0.202 116.001  43.170 155.345
9016  37.622 -67.627 1 11 11 2431.6   3.102  34.949 272.387   2.907  34.947 269.842   0.833   0.421   0.030   0.139  77.514  46.290 203.316
9016  37.622 -67.627 1 10 10 2635.5   2.875  34.931 275.067   2.664  34.929 275.201   1.240   0.630   0.051   0.222 114.543  43.275 156.853
9016  37.622 -67.627 1  9  9 2941.6   2.630  34.919 277.300   2.393  34.918 276.273   1.133   0.578   0.050   0.231 103.674  44.057 168.370
9016  37.622 -67.627 1  8  8 3197.4   2.461  34.909 277.523   2.202  34.908 276.943   1.177   0.600   0.061   0.263 106.612  43.846 165.213
9016  37.622 -67.627 1  7  7 3403.4   2.356  34.902 277.434   2.078  34.903 277.032   1.186   0.609   0.063   0.251 107.579  43.776 164.180
9016  37.622 -67.627 1  6  6 3607.9   2.287  34.896 276.273   1.989  34.896 276.094   1.188   0.613   0.072   0.259 107.867  43.755 163.875
9016  37.622 -67.627 1  5  5 3813.1   2.248  34.892 275.514   1.928  34.891 274.620   1.049   0.537   0.061   0.210  94.286  44.801 179.705
9016  37.622 -67.627 1  4  4 4018.2   2.229  34.889 272.968   1.886  -9.000  -9.000  -9.000  -9.000  -9.000  -9.000  -9.000  -9.000  -9.000
9016  37.622 -67.627 1  3  3 4222.1   2.214  34.885 271.762   1.848  34.883 270.780   0.830   0.425   0.051   0.182  74.475  46.597 208.336
9016  37.622 -67.627 1  2  2 4478.9   2.218  34.882 269.663   1.822  34.881 269.395   0.762   0.390   0.048   0.159  68.355  47.226 218.800
9016  37.622 -67.627 1  1  1 4662.5   2.225  34.880 267.921   1.807  34.883 268.011   0.717   0.372   0.045   0.155  65.224  47.578 224.769
9017  37.383 -67.797 1 22 22    4.2  27.523  34.487 152.607  27.522  34.493 219.598   1.606   1.047   0.124   1.178  -9.000  -9.000  -9.000
9017  37.383 -67.797 1 21 21  202.3  10.940  35.383 132.465  10.915  35.395 133.804   1.463   0.856   0.019   0.520 235.889  36.729  79.158
9017  37.383 -67.797 1 20 20  404.2   6.364  35.062 204.726   6.327  35.063 201.466   1.790   0.955   0.067   0.578 209.227  38.019  91.184
9017  37.383 -67.797 1 19 19  605.7   4.966  35.015 245.100   4.917  35.014 245.055   2.459   1.310   0.124   0.790 266.721  35.129  67.245
9017  37.383 -67.797 1 18 18  858.1   4.369  34.983 260.776   4.302  34.982 262.517   2.671   1.403   0.145   0.827 276.666  34.556  63.318
9017  37.383 -67.797 1 17 17 1111.6   4.076  34.972 266.537   3.989  34.969 266.894   2.440   1.267   0.138   0.647 245.940  36.224  75.153
9017  37.383 -67.797 1 16 16 1314.1   3.906  34.969 269.083   3.803  34.970 269.038   2.138   1.091   0.107   0.493 209.848  37.989  90.875
9017  37.383 -67.797 1 15 15 1466.8   3.746  34.961 270.869   3.631  34.961 270.780   1.951   0.993   0.083   0.438 189.345  38.950 101.505
9017  37.383 -67.797 1 14 14 1619.6   3.617  34.955 272.521   3.490  34.956 272.343   1.801   0.911   0.076   0.370 172.494  39.794 111.538
9017  37.383 -67.797 1 13 13 1823.6   3.467  34.951 273.549   3.324  34.951 273.415   1.586   0.795   0.059   0.321 149.307  41.063 127.168
9017  37.383 -67.797 1 12 12 2025.9   3.299  34.947 273.415   3.139  34.947 273.147   1.374   0.694   0.053   0.270 129.150  42.306 143.308
9017  37.383 -67.797 1 11 11 2280.1   3.176  34.953 271.003   2.994  34.956 269.306   0.812   0.408   0.032   0.169  75.426  46.501 206.759
9017  37.383 -67.797 1 10 10 2534.6   2.950  34.936 272.611   2.747  34.938 273.370   1.044   0.523   0.049   0.212  95.486  44.705 178.223
9017  37.383 -67.797 1  9  9 2789.4   2.767  34.928 273.995   2.543  34.926 273.459   0.956   0.476   0.048   0.210  86.032  45.505 190.709
9017  37.383 -67.797 1  8  8 3044.4   2.577  34.917 275.112   2.331  34.917 275.246   0.962   0.482   0.052   0.214  86.201  45.489 190.467
9017  37.383 -67.797 1  7  7 3249.9   2.458  34.909 276.496   2.193  34.910 275.782   1.011   0.511   0.054   0.221  90.783  45.081 184.056
9017  37.383 -67.797 1  6  6 3453.9   2.362  34.902 275.514   2.079  34.904 275.156   0.968   0.482   0.053   0.211  85.174  45.582 191.934
9017  37.383 -67.797 1  5  5 3658.9   2.293  34.896 275.246   1.989  34.898 275.246   1.023   0.523   0.059   0.265  92.060  44.979 182.465
9017  37.383 -67.797 1  4  4 3863.0   2.260  34.893 273.817   1.934  34.895 274.308  -9.000  -9.000  -9.000   0.241  -9.000  -9.000  -9.000
9017  37.383 -67.797 1  3  3 4068.5   2.238  34.889 272.655   1.890  34.890 272.700   0.856   0.434   0.052   0.274  76.155  46.427 205.553
9017  37.383 -67.797 1  2  2 4580.6   2.220  34.881 268.681   1.812  34.882 268.234   0.673   0.343   0.042   0.145  60.123  48.155 234.741
9017  37.383 -67.797 1  1  1 4817.5   2.198  34.875 264.348   1.762  34.875 262.205   0.500   0.258   0.030   0.180  45.166  50.229 271.588
9018  37.138 -67.943 1 23 23    3.5  27.386  34.356 232.237  27.385  34.352 228.664   1.621   1.062   0.121   1.083  -9.000  -9.000  -9.000
9018  37.138 -67.943 1 22 22  101.1  14.786  35.907 146.265  14.771  35.910 153.723   1.998   1.176   0.035   0.840 388.702  27.950  32.771
9018  37.138 -67.943 1 21 21  303.0   7.296  35.094 180.654   7.266  35.095 177.706   1.518   0.814   0.050   0.499 187.079  39.056 102.736
9018  37.138 -67.943 1 20 20  555.5   5.005  35.012 243.983   4.960  35.012 244.564   2.522   1.352   0.123   0.699 275.827  34.604  63.645
9018  37.138 -67.943 1 19 19  808.0   4.480  34.991 259.480   4.417  34.989 258.364   2.606   1.389   0.137   0.718 275.555  34.620  63.751
9018  37.138 -67.943 1 18 18 1162.3   4.106  34.975 266.894   4.014  34.975 266.046   2.372   1.224   0.122   0.597 237.984  36.623  78.297
9018  37.138 -67.943 1 17 17 1314.2   3.947  34.966 269.038   3.844  34.965 268.502   1.961   0.992   0.094   0.386 191.219  38.862 100.492
9018  37.138 -67.943 1 16 16 1431.0   3.843  34.962 270.288   3.731  34.960 269.529   2.140   1.091   0.098   0.399 209.120  38.024  91.237
9018  37.138 -67.943 1 15 15 1618.4   3.693  34.955 272.030   3.566  34.956 271.852  -9.000  -9.000  -9.000  -9.000  -9.000  -9.000  -9.000
9018  37.138 -67.943 1 14 14 1872.6   3.460  34.946 274.174   3.312  34.945 273.817   1.708   0.860   0.071   0.300 161.445  40.381 118.703
9018  37.138 -67.943 1 13 13 2075.9   3.319  34.944 274.308   3.155  34.944 274.219   1.516   0.764   0.068   0.270 142.329  41.486 132.537
9018  37.138 -67.943 1 12 12 2279.7   3.186  34.944 273.504   3.004  34.943 273.861   1.273   0.644   0.051   0.255 119.109  42.963 152.384
9018  37.138 -67.943 1 11 11 2584.5   2.968  34.936 273.549   2.761  34.935 273.370   1.105   0.552   0.039   0.243 100.879  44.274 171.635
9018  37.138 -67.943 1 10 10 2891.4   2.738  34.923 276.675   2.504  34.924 276.452   1.262   0.645   0.050   0.288 116.384  43.143 154.950
9018  37.138 -67.943 1  9  9 3147.0   2.508  34.911 277.970   2.253  34.911 277.791   1.325   0.676   0.067   0.291 120.429  42.876 151.166
9018  37.138 -67.943 1  8  8 3351.3   2.424  34.906 276.184   2.150  34.905 277.836   1.032   0.524   0.047   0.228  92.916  44.911 181.401
9018  37.138 -67.943 1  7  7 3555.9   2.329  34.900 277.613   2.035  34.900 277.345   1.257   0.642   0.070   0.300 113.237  43.369 158.213
9018  37.138 -67.943 1  6  6 3761.3   2.294  34.896 275.290   1.978  34.895 274.665   0.927   0.463   0.048   0.192  81.502  45.913 197.214
9018  37.138 -67.943 1  5  5 3966.9   2.254  34.891 273.683   1.916  34.891 273.638   0.940   0.479   0.051   0.183  84.130  45.676 193.430
9018  37.138 -67.943 1  4  4 4223.6   2.238  34.887 271.852   1.871  34.886 271.048   0.840   0.431   0.050   0.199  75.627  46.481 206.425
9018  37.138 -67.943 1  3  3 4480.2   2.232  34.883 270.601   1.835  34.882 269.976   0.795   0.404   0.047   0.217  70.863  46.962 214.376
9018  37.138 -67.943 1  2  2 4737.3   2.234  34.880 268.368   1.807  34.880 268.279   0.704   0.361   0.040   0.184  63.326  47.791 228.431
9018  37.138 -67.943 1  1  1 4983.8   2.182  34.870 261.803   1.725  34.870 259.704   0.369   0.196   0.021   0.109  34.280  52.280 308.280
9019  36.895 -66.090 1 23 23    2.6  27.406  34.659 146.890  27.406  34.662 218.124   1.579   1.049   0.127   1.131  -9.000  -9.000  -9.000
9019  36.895 -66.090 1 22 22  202.2  11.213  35.421 133.268  11.188  35.424 136.127   1.540   0.868   0.027   0.590 242.397  36.402  76.532
9019  36.895 -66.090 1 21 21  404.5   6.545  35.070 198.697   6.508  35.071 197.268   1.707   0.908   0.065   0.436 200.801  38.414  95.441
9019  36.895 -66.090 1 20 20  606.0   5.191  35.019 238.534   5.141  35.019 238.534   2.425   1.291   0.124   0.660 265.993  35.168  67.513
9019  36.895 -66.090 1 19 19  859.2   4.549  34.994 257.739   4.481  34.993 257.962   2.663   1.403   0.137   0.687 279.359  34.400  62.272
9019  36.895 -66.090 1 18 18 1111.1   4.201  34.974 265.733   4.114  34.972 265.197   2.610   1.343   0.134   0.670 262.447  35.356  68.822
9019  36.895 -66.090 1 17 17 1263.5   4.032  34.968 267.877   3.933  34.966 276.139   2.418   1.243   0.115   0.548 240.702  36.487  77.202
9019  36.895 -66.090 1 16 16 1415.5   3.885  34.962 269.663   3.774  34.961 269.842   2.249   1.154   0.122   0.467 221.698  37.425  85.271
9019  36.895 -66.090 1 15 15 1567.3   3.740  34.956 271.137   3.616  34.955 271.316   2.052   1.034   0.104   0.457 197.089  38.588  97.371
9019  36.895 -66.090 1 14 14 1719.7   3.635  34.953 272.879   3.499  34.951 272.477   1.915   0.961   0.089   0.343 182.136  39.302 105.637
9019  36.895 -66.090 1 13 13 1923.3   3.509  34.951 273.281   3.356  34.950 273.191   1.655   0.831   0.071   0.260 156.425  40.664 122.181
9019  36.895 -66.090 1 12 12 2126.8   3.358  34.947 273.236   3.188  34.946 273.191   1.463   0.730   0.057   0.238 136.287  41.857 137.339
9019  36.895 -66.090 1 11 11 2381.5   3.185  34.943 272.789   2.993  34.941 273.593   1.295   0.654   0.050   0.275 120.951  42.842 150.687
9019  36.895 -66.090 1 10 10 2686.7   2.928  34.933 273.951   2.711  34.932 274.219   1.173   0.594   0.045   0.232 108.314  43.723 163.400
9019  36.895 -66.090 1  9  9 2993.0   2.674  34.920 276.630   2.431  34.918 276.586   1.244   0.637   0.053   0.256 114.533  43.276 156.864
9019  36.895 -66.090 1  8  8 3146.7   2.564  34.914 277.345   2.307  34.913 277.300   1.272   0.646   0.060   0.263 115.443  43.210 155.921
9019  36.895 -66.090 1  7  7 3351.4   2.454  34.909 276.273   2.179  34.908 275.826   0.959   0.490   0.040   0.237  87.033  45.414 189.283
9019  36.895 -66.090 1  6  6 3606.9   2.334  34.900 275.335   2.034  34.898 274.978   0.936   0.472   0.054   0.213  83.274  45.753 194.658
9019  36.895 -66.090 1  5  5 3812.8   2.302  34.896 274.978   1.980  34.894 275.067   1.005   0.505   0.057   0.231  88.935  45.243 186.585
9019  36.895 -66.090 1  4  4 4069.3   2.272  34.891 273.727   1.923  34.890 273.459   0.957   0.485   0.050   0.197  85.268  45.573 191.800
9019  36.895 -66.090 1  3  3 4377.0   2.255  34.887 272.119   1.870  34.885 272.119   0.909   0.461   0.054   0.205  80.968  45.961 197.987
9019  36.895 -66.090 1  2  2 4686.2   2.250  34.883 270.199   1.828  34.882 269.663   0.810   0.414   0.039   0.182  72.690  46.778 211.310
9019  36.895 -66.090 1  1  1 5016.9   2.261  34.879 266.849   1.798  34.878 265.197   0.682   0.358   0.040   0.184  62.893  47.840 229.269
9020  36.621 -66.208 1 23 23    3.0  27.370  34.573 170.382  27.369  34.576 213.078   1.609   1.043   0.131   1.198  -9.000  -9.000  -9.000
9020  36.621 -66.208 1 22 22  100.9  16.702  36.051 157.430  16.686  36.049 156.180   2.036   1.208   0.052   0.942 434.785  25.588  23.248
9020  36.621 -66.208 1 21 21  303.1   9.475  35.223 141.173   9.441  35.226 141.709   1.207   0.647   0.019   0.415 165.900  40.131 115.640
9020  36.621 -66.208 1 20 20  555.2   5.880  35.045 210.175   5.831  35.047 215.311   2.020   1.056   0.077   0.634 225.603  37.239  83.558
9020  36.621 -66.208 1 19 19  807.7   4.757  35.005 249.789   4.692  35.002 251.754   2.584   1.344   0.145   0.685 270.609  34.906  65.702
9020  36.621 -66.208 1 18 18 1061.0   4.329  34.984 261.222   4.245  34.983 261.758   2.571   1.330   0.142   0.641 261.715  35.394  69.094
9020  36.621 -66.208 1 17 17 1263.3   4.075  34.970 266.358   3.975  34.968 267.117   2.448   1.263   0.129   0.612 245.144  36.264  75.460
9020  36.621 -66.208 1 16 16 1415.4   3.929  34.964 268.904   3.817  34.963 268.993   2.298   1.166   0.121   0.493 224.538  37.290  84.020
9020  36.621 -66.208 1 15 15 1567.7   3.805  34.959 270.512   3.680  34.960 270.646   2.085   1.053   0.104   0.390 201.420  38.385  95.122
9020  36.621 -66.208 1 14 14 1771.1   3.653  34.954 272.521   3.512  34.952 272.879   1.860   0.936   0.093   0.347 177.570  39.535 108.415
9020  36.621 -66.208 1 13 13 2025.5   3.448  34.946 273.906   3.286  34.945 273.727   1.663   0.834   0.080   0.323 156.464  40.661 122.154
9020  36.621 -66.208 1 12 12 2280.2   3.245  34.942 274.174   3.062  34.941 274.040   1.430   0.722   0.064   0.220 133.962  42.000 139.214
9020  36.621 -66.208 1 11 11 2586.6   3.068  34.939 273.638   2.859  34.939 273.683   1.199   0.603   0.048   0.252 110.806  43.544 160.761
9020  36.621 -66.208 1 10 10 2891.0   2.856  34.932 273.191   2.620  34.929 273.370   0.994   0.489   0.039   0.172  88.816  45.254 186.754
9020  36.621 -66.208 1  9  9 3143.9   2.670  34.920 275.737   2.412  34.919 275.782   1.100   0.552   0.050   0.267  99.229  44.406 173.638
9020  36.621 -66.208 1  8  8 3351.0   2.519  34.912 275.916   2.243  34.909 276.050   1.055   0.531   0.053   0.227  94.656  44.771 179.247
9020  36.621 -66.208 1  7  7 3556.1   2.414  34.905 275.916   2.118  34.904 276.050   1.048   0.524   0.062   0.204  92.863  44.915 181.469
9020  36.621 -66.208 1  6  6 3761.3   2.351  34.900 275.871   2.034  34.898 276.228   1.111   0.563   0.064   0.245  99.424  44.390 173.402
9020  36.621 -66.208 1  5  5 4016.9   2.297  34.894 274.799   1.952  34.894 275.201   1.077   0.544   0.060   0.218  95.776  44.682 177.866
9020  36.621 -66.208 1  4  4 4272.9   2.269  34.890 273.995   1.896  34.888 273.951   1.067   0.535   0.056   0.255  94.041  44.821 180.007
9020  36.621 -66.208 1  3  3 4530.7   2.261  34.886 271.628   1.857  34.884 271.852   0.926   0.467   0.059   0.210  82.048  45.863 196.425
9020  36.621 -66.208 1  2  2 4787.4   2.257  34.882 269.440   1.822  34.881 269.484   0.794   0.403   0.045   0.186  70.786  46.970 214.506
9020  36.621 -66.208 1  1  1 5034.6   2.232  34.875 263.947   1.768  34.876 262.294   0.538   0.278   0.044   0.155  48.758  49.678 261.733
9021  36.200 -66.543 1 23 23    5.8  28.620  35.919 157.341  28.619  35.918 214.641   1.421   0.968   0.121   1.089  -9.000  -9.000  -9.000
9021  36.200 -66.543 1 22 22  204.7  19.556  36.662 149.480  19.519  36.670 155.867   2.049   1.275   0.019   1.053 520.462  19.523   6.674
9021  36.200 -66.543 1 21 21  402.1  14.732  35.938 141.977  14.671  35.937 152.428   2.030   1.172   0.015   0.818 386.569  28.071  33.242
9021  36.200 -66.543 1 20 20  608.2   8.915  35.143 134.876   8.847  35.150 139.521   1.036   0.563   0.018   0.443 140.343  41.608 134.104
9021  36.200 -66.543 1 19 19  858.1   5.589  35.028 218.348   5.514  35.028 227.235   2.217   1.190   0.094   0.664 250.367  35.995  73.429
9021  36.200 -66.543 1 18 18 1114.3   4.524  34.986 257.381   4.433  34.985 260.597   2.734   1.446   0.129   0.883 287.518  33.967  59.429
9021  36.200 -66.543 1 17 17 1265.4   4.419  34.986 262.696   4.316  34.986 260.999   2.630   1.381   0.141   0.791 273.064  34.764  64.730
9021  36.200 -66.543 1 16 16 1415.0   4.202  34.975 265.644   4.088  34.976 265.465   2.541   1.328   0.138   0.625 259.534  35.510  69.910
9021  36.200 -66.543 1 15 15 1566.4   4.040  34.970 268.457   3.914  34.970 267.341   2.522   1.340   0.134   0.577 259.603  35.506  69.884
9021  36.200 -66.543 1 14 14 1773.4   3.837  34.961 271.003   3.694  34.961 270.914   2.042   1.038   0.091  -9.000 198.897  38.503  96.427
9021  36.200 -66.543 1 13 13 2027.3   3.585  34.951 271.762   3.422  34.951 272.879   1.746   0.877   0.064   0.309 165.765  40.139 115.732
9021  36.200 -66.543 1 12 12 2279.3   3.424  34.960 269.931   3.238  34.960 271.941   1.119   0.561   0.043   0.207 105.126  43.953 166.806
9021  36.200 -66.543 1 11 11 2534.4   3.220  34.952 270.110   3.013  34.952 270.244   0.908   0.450   0.040   0.183  83.390  45.743 194.493
9021  36.200 -66.543 1 10 10 2789.4   3.020  34.942 271.539   2.791  34.941 271.182   0.888   0.438   0.037   0.196  80.277  46.023 198.989
9021  36.200 -66.543 1  9  9 3045.5   2.804  34.930 272.745   2.553  34.930 272.834   0.853   0.414   0.034   0.187  74.979  46.546 207.500
9021  36.200 -66.543 1  8  8 3299.3   2.646  34.920 274.487   2.371  34.920 274.308   0.850   0.417   0.038   0.146  74.862  46.558 207.692
9021  36.200 -66.543 1  7  7 3555.6   2.490  34.910 276.005   2.191  34.909 275.737   0.978   0.489   0.048   0.206  87.028  45.415 189.291
9021  36.200 -66.543 1  6  6 3811.9   2.369  34.901 276.050   2.046  34.901 276.005   1.151   0.574   0.061   0.274 101.467  44.227 170.924
9021  36.200 -66.543 1  5  5 4068.5   2.299  34.894 275.916   1.949  34.897 275.290   1.147   0.577   0.062   0.309 101.598  44.216 170.765
9021  36.200 -66.543 1  4  4 4324.7   2.270  34.889 273.861   1.891  34.890 273.013   1.015   0.518   0.054   0.212  91.057  45.059 183.715
9021  36.200 -66.543 1  3  3 4581.6   2.255  34.885 271.539   1.846  34.885 270.958   0.902   0.458   0.050   0.246  80.439  46.008 198.753
9021  36.200 -66.543 1  2  2 4839.0   2.247  34.881 268.234   1.806  34.881 267.519   0.788   0.407   0.049   0.246  71.448  46.903 213.390
9021  36.200 -66.543 1  1  1 5041.7   2.188  34.871 261.311   1.724  34.872 259.927   0.381   0.201   0.024   0.191  35.166  52.087 304.820
9022  35.698 -66.811 1 23 23    3.3  28.534  35.838 162.075  28.533  35.839 213.033   1.486   0.974   0.127   1.094  -9.000  -9.000  -9.000
9022  35.698 -66.811 1 22 22  101.1  22.792  36.578 222.099  22.772  36.593 224.913   1.920   1.217   0.143   1.290  -9.000  -9.000  -9.000
9022  35.698 -66.811 1 21 21  302.1  18.580  36.615 199.367  18.527  36.616 199.769   2.196   1.368   0.031   1.270 536.088  16.529  -4.423
9022  35.698 -66.811 1 20 20  555.0  16.420  36.255 185.924  16.329  36.279 189.318   2.303   1.371   0.032   1.140 488.462  22.775  13.231
9022  35.698 -66.811 1 19 19  807.1  10.041  35.278 139.432   9.944  35.282 138.002   1.276   0.696   0.023   0.485 183.529  39.231 104.794
9022  35.698 -66.811 1 18 18 1060.3   6.101  35.080 216.740   6.003  35.083 213.301   1.786   0.936   0.068   0.506 202.338  38.343  94.652
9022  35.698 -66.811 1 17 17 1263.3   5.030  35.039 245.412   4.921  35.040 245.457   2.235   1.179   0.118   0.607 240.919  36.476  77.116
9022  35.698 -66.811 1 16 16 1415.8   4.531  35.006 256.086   4.412  35.006 258.096   2.378   1.248   0.117   0.658 248.291  36.105  74.251
9022  35.698 -66.811 1 15 15 1568.5   4.251  34.988 262.115   4.121  34.990 263.723   2.300   1.182   0.127   0.480 231.639  36.942  80.950
9022  35.698 -66.811 1 14 14 1770.8   3.992  34.974 267.877   3.847  34.975 267.251   2.058   1.065   0.103   0.385 205.803  38.181  92.899
9022  35.698 -66.811 1 13 13 2025.0   3.793  34.979 266.671   3.626  34.979 267.698   1.485   0.745   0.059  -9.000 142.444  41.479 132.446
9022  35.698 -66.811 1 12 12 2331.5   3.513  34.970 268.413   3.321  34.969 268.681   1.064   0.529   0.040  -9.000  99.619  44.375 173.165
9022  35.698 -66.811 1 11 11 2635.7   3.209  34.953 269.440   2.991  34.952 269.752   0.836   0.426   0.028  -9.000  78.895  46.151 201.055
9022  35.698 -66.811 1 10 10 2943.1   2.941  34.938 270.735   2.698  34.937 271.628   0.815   0.404   0.023  -9.000  73.725  46.673 209.584
9022  35.698 -66.811 1  9  9 3248.2   2.711  34.925 273.325   2.441  34.924 273.549   0.754   0.371   0.032   0.214  66.846  47.396 221.666
9022  35.698 -66.811 1  8  8 3452.3   2.559  34.915 274.888   2.270  34.915 275.424   0.839   0.420   0.037   0.199  75.038  46.540 207.402
9022  35.698 -66.811 1  7  7 3657.0   2.455  34.908 275.290   2.147  34.907 275.290   0.865   0.426   0.042   0.216  75.668  46.477 206.357
9022  35.698 -66.811 1  6  6 3915.1   2.358  34.900 274.799   2.024  34.900 275.022   0.842   0.407   0.038   0.209  71.902  46.857 212.629
9022  35.698 -66.811 1  5  5 4171.4   2.313  34.895 273.727   1.950  34.895 273.504   0.843   0.426   0.044   0.143  75.068  46.537 207.352
9022  35.698 -66.811 1  4  4 4428.2   2.286  34.890 272.209   1.893  34.890 272.119   0.783   0.394   0.048   0.229  69.322  47.118 216.978
9022  35.698 -66.811 1  3  3 4685.6   2.266  34.885 270.333   1.844  34.885 270.020   0.738   0.376   0.039   0.205  66.078  47.482 223.130
9022  35.698 -66.811 1  2  2 4942.9   2.260  34.881 268.189   1.806  34.880 267.787   0.608   0.323   0.035   0.135  56.743  48.583 242.249
9022  35.698 -66.811 1  1  1 5184.9   2.192  34.869 260.910   1.710  34.870 256.086   0.322   0.183   0.020   0.105  32.024  52.781 317.257
9023  35.228 -65.128 1 23 23    3.0  28.239  36.327 160.422  28.238  36.326 211.023  -9.000  -9.000  -9.000   1.169  -9.000  -9.000  -9.000
9023  35.228 -65.128 1 22 22  199.9  19.233  36.548 217.142  19.197  36.548 217.812   2.118   1.327   0.159   1.485 533.941  17.109  -1.750
9023  35.228 -65.128 1 21 21  404.8  18.131  36.569 203.476  18.061  36.570 203.029   2.240   1.371   0.026   1.200 527.018  18.450   3.567
9023  35.228 -65.128 1 20 20  605.8  16.510  36.283 195.526  16.410  36.295 194.499   2.381   1.411   0.031  -9.000 504.813  21.263  10.064
9023  35.228 -65.128 1 19 19  858.3  11.380  35.448 145.148  11.269  35.454 146.443  -9.000  -9.000  -9.000   0.606  -9.000  -9.000  -9.000
9023  35.228 -65.128 1 18 18 1111.2   6.705  35.077 198.518   6.596  35.081 195.794   1.804   0.955   0.060   0.533 212.947  37.842  89.354
9023  35.228 -65.128 1 17 17 1314.2   5.340  35.053 237.730   5.223  35.054 237.909   2.278   1.202   0.116   0.628 249.686  36.031  73.697
9023  35.228 -65.128 1 16 16 1517.2   4.694  35.017 254.389   4.564  35.017 254.523   2.410   1.256   0.122   0.681 252.080  35.904  72.759
9023  35.228 -65.128 1 15 15 1668.6   4.370  34.998 261.401   4.230  34.997 261.356   2.344   1.205   0.124   0.549 237.672  36.639  78.425
9023  35.228 -65.128 1 14 14 1871.8   4.077  34.982 265.778   3.921  34.981 265.822  -9.000  -9.000  -9.000  -9.000  -9.000  -9.000  -9.000
9023  35.228 -65.128 1 13 13 2074.3   3.865  34.971 269.708   3.693  34.970 269.127   1.824   0.906   0.101   0.327 173.886  39.723 110.679
9023  35.228 -65.128 1 12 12 2330.8   3.611  34.962 271.405   3.417  34.961 271.182   1.488   0.737   0.075   0.236 139.513  41.659 134.762
9023  35.228 -65.128 1 11 11 2635.2   3.372  34.957 270.288   3.151  34.956 270.869   1.098   0.533   0.047   0.283  99.594  44.376 173.194
9023  35.228 -65.128 1 10 10 2941.1   3.147  34.949 269.842   2.899  34.948 269.842   0.860   0.414   0.034   0.191  76.412  46.402 205.130
9023  35.228 -65.128 1  9  9 3248.2   2.879  34.934 272.343   2.604  34.933 272.119   0.829   0.406   0.039   0.144  73.836  46.662 209.399
9023  35.228 -65.128 1  8  8 3452.6   2.686  34.920 275.424   2.394  34.918 275.871   1.164   0.576   0.055   0.245 103.635  44.060 168.412
9023  35.228 -65.128 1  7  7 3658.3   2.543  34.912 276.318   2.232  34.910 276.541  -9.000  -9.000  -9.000  -9.000  -9.000  -9.000  -9.000
9023  35.228 -65.128 1  6  6 3914.0   2.405  34.902 274.888   2.069  34.901 275.558   0.965   0.481   0.046   0.162  85.197  45.580 191.901
9023  35.228 -65.128 1  5  5 4170.8   2.329  34.895 274.487   1.966  34.894 274.665   1.011   0.511   0.053   0.244  90.126  45.136 184.905
9023  35.228 -65.128 1  4  4 4427.4   2.290  34.890 272.745   1.898  34.888 272.655   0.936   0.473   0.050   0.223  83.239  45.756 194.709
9023  35.228 -65.128 1  3  3 4684.2   2.276  34.886 271.137   1.854  34.883 271.405   0.863   0.447   0.054   0.179  78.600  46.181 201.537
9023  35.228 -65.128 1  2  2 4941.9   2.278  34.883 269.395   1.824  34.880 269.127   0.787   0.398   0.057   0.262  69.990  47.050 215.847
9023  35.228 -65.128 1  1  1 5127.4   2.287  34.881 267.653   1.809  34.880 268.145   0.530   0.000   0.046   0.215  -9.000  -9.000  -9.000
9024  34.740 -65.424 1 23 23    2.7  27.895  36.111 211.202  27.894  36.114 211.157   1.529   0.995   0.130   1.055  -9.000  -9.000  -9.000
9024  34.740 -65.424 1 22 22  102.5  20.753  36.502 213.658  20.733  36.495 228.039   2.032   1.256   0.155   1.340 537.408  16.172  -6.018
9024  34.740 -65.424 1 21 21  302.5  19.343  36.567 219.955  19.287  36.566 220.938   2.104   1.302   0.148   1.300 526.356  18.566   3.949
9024  34.740 -65.424 1 20 20  556.0  17.870  36.530 204.547  17.773  36.534 204.279   2.270   1.378   0.037   1.179 523.732  19.027   5.352
9024  34.740 -65.424 1 19 19  811.3  13.606  35.772 174.178  13.488  35.802 176.724   2.185   1.248   0.032   0.936 390.706  27.837  32.326
9024  34.740 -65.424 1 18 18 1062.1   8.165  35.054 137.690   8.050  35.051 138.583   0.815   0.431   0.014   0.350 103.431  44.075 168.632
9024  34.740 -65.424 1 17 17 1263.1   6.010  35.079 222.903   5.892  35.078 217.231   1.909   1.000   0.069   0.495 215.156  37.736  88.293
9024  34.740 -65.424 1 16 16 1414.6   5.222  35.052 242.509   5.096  35.053 241.169   2.194   1.142   0.103   0.603 235.759  36.735  79.211
9024  34.740 -65.424 1 15 15 1562.7   4.588  35.003 255.952   4.455  35.006 257.113   2.469   1.277   0.130   0.607 254.822  35.759  71.698
9024  34.740 -65.424 1 14 14 1769.9   4.240  34.988 263.768   4.091  34.988 263.857   2.301   1.160   0.126   0.512 227.193  37.163  82.879
9024  34.740 -65.424 1 13 13 2023.2   3.764  34.959 270.556   3.598  34.961 271.718   1.956   0.974   0.089   0.314 185.899  39.111 103.382
9024  34.740 -65.424 1 12 12 2326.7   3.627  34.953 272.923   3.434  34.955 272.432   1.760   0.866   0.079   0.298 164.061  40.234 116.902
9024  34.740 -65.424 1 11 11 2634.6   3.432  34.957 270.914   3.211  34.957 270.780   1.207   0.594   0.047   0.221 111.354  43.505 160.186
9024  34.740 -65.424 1 10 10 2941.5   3.200  34.954 268.725   2.951  34.953 268.725   0.767   0.371   0.029   0.187  68.677  47.190 218.189
9024  34.740 -65.424 1  9  9 3240.6   2.924  34.936 271.941   2.649  34.936 272.075   0.866   0.427   0.038   0.199  77.848  46.257 202.769
9024  34.740 -65.424 1  8  8 3504.3   2.699  34.922 273.995   2.401  34.923 274.174   0.855   0.422   0.040   0.188  75.981  46.445 205.840
9024  34.740 -65.424 1  7  7 3706.8   2.567  34.913 275.424   2.250  34.914 275.826   0.956   0.464   0.043   0.212  82.933  45.784 195.150
9024  34.740 -65.424 1  6  6 3964.5   2.421  34.903 275.960   2.079  34.904 275.603   1.073   0.528   0.060   0.271  93.605  44.856 180.548
9024  34.740 -65.424 1  5  5 4220.7   2.341  34.896 274.978   1.971  34.896 274.754   1.075   0.543   0.067   0.282  95.833  44.677 177.797
9024  34.740 -65.424 1  4  4 4478.9   2.305  34.891 273.370   1.906  34.891 272.923   1.004   0.506   0.063   0.262  89.122  45.226 186.323
9024  34.740 -65.424 1  3  3 4733.9   2.293  34.887 272.030   1.864  34.888 271.807   0.940   0.472   0.061   0.255  83.075  45.771 194.945
9024  34.740 -65.424 1  2  2 4992.8   2.293  34.884 270.690   1.831  34.885 270.333   0.906   0.456   0.058   0.230  80.257  46.025 199.019
9024  34.740 -65.424 1  1  1 5267.1   2.274  34.877 266.715   1.778  34.880 264.840   0.616   0.320   0.044   0.151  56.257  48.645 243.336
9025  34.259 -65.706 1 23 23    3.7  27.963  36.278 170.069  27.962  -9.000 220.223   1.537   1.010   0.128   1.129  -9.000  -9.000  -9.000
9025  34.259 -65.706 1 22 22  201.4  19.253  36.576 215.757  19.217  36.574 218.169   2.137   1.333   0.145   1.345 536.948  16.296  -5.472
9025  34.259 -65.706 1 21 21  403.2  18.103  36.570 204.994  18.032  36.569 207.272   2.253   1.384   0.031   1.186 531.401  17.620   0.482
9025  34.259 -65.706 1 20 20  606.0  16.528  36.278 190.434  16.428  36.285 188.961   2.284   1.367   0.029   1.039 489.425  22.707  13.048
9025  34.259 -65.706 1 19 19  858.4  11.381  35.446 148.275  11.269  35.468 147.873   1.848   0.894   0.022   0.570 251.710  35.924  72.903
9025  34.259 -65.706 1 18 18 1111.4   6.634  35.076 196.196   6.526  35.079 197.625   1.739   0.921   0.063   0.494 204.620  38.236  93.495
9025  34.259 -65.706 1 17 17 1314.4   5.326  35.054 238.802   5.209  35.056 238.088   2.220   1.169   0.095   0.595 242.654  36.389  76.430
9025  34.259 -65.706 1 16 16 1517.2   4.678  35.020 255.104   4.548  35.022 254.746   2.368   1.239   0.120   0.561 248.464  36.095  74.182
9025  34.259 -65.706 1 15 15 1664.6   4.380  35.004 261.222   4.240  35.010 262.071   2.282   1.167   0.123   0.480 230.312  37.009  81.523
9025  34.259 -65.706 1 14 14 1872.9   4.072  34.989 265.197   3.916  34.989 264.036   1.987   0.993   0.105   0.376 192.746  38.791  99.674
9025  34.259 -65.706 1 13 13 2075.6   3.818  34.973 269.038   3.645  34.971 268.636   1.749   0.877   0.084   0.288 167.896  40.028 114.386
9025  34.259 -65.706 1 12 12 2330.3   3.582  34.966 269.976   3.388  34.966 270.244   1.360   0.682   0.063   0.232 128.904  42.322 143.523
9025  34.259 -65.706 1 11 11 2637.2   3.337  34.962 267.966   3.117  34.965 267.653   0.898   0.440   0.035   0.113  82.065  45.862 196.402
9025  34.259 -65.706 1 10 10 2941.9   3.075  34.947 268.681   2.828  34.947 268.725   0.728   0.406   0.037   0.173  74.640  46.581 208.061
9025  34.259 -65.706 1  9  9 3249.2   2.795  34.930 271.450   2.522  34.928 271.852   0.738   0.361   0.036   0.108  65.348  47.564 224.532
9025  34.259 -65.706 1  8  8 3505.1   2.604  34.917 273.772   2.308  34.918 273.593   0.799   0.396   0.037   0.150  70.926  46.956 214.270
9025  34.259 -65.706 1  7  7 3708.5   2.462  34.908 274.353   2.148  34.910 274.531   0.865   0.434   0.056   0.178  77.119  46.330 203.966
9025  34.259 -65.706 1  6  6 3964.6   2.365  34.900 273.995   2.025  34.898 273.549   0.871   0.432   0.049   0.219  76.348  46.408 205.236
9025  34.259 -65.706 1  5  5 4221.8   2.296  34.892 272.521   1.928  34.892 272.343   0.847   0.418   0.048   0.172  73.586  46.687 209.814
9025  34.259 -65.706 1  4  4 4479.3   2.277  34.888 271.137   1.879  34.887 271.718   0.797   0.392   0.044   0.200  68.934  47.161 217.705
9025  34.259 -65.706 1  3  3 4736.4   2.272  34.885 269.842   1.843  34.884 266.849   0.730   0.368   0.041   0.166  64.694  47.638 225.789
9025  34.259 -65.706 1  2  2 4993.5   2.276  34.882 268.189   1.815  34.880 267.073   0.650   0.334   0.040   0.165  58.727  48.332 237.831
9025  34.259 -65.706 1  1  1 5301.9   2.229  34.871 261.535   1.731  34.877 260.910   0.398   0.203   0.024   0.129  35.597  52.000 303.275
9026  33.788 -66.000 1 23 23    3.3  28.097  36.165 145.907  28.096  36.164 216.561   1.507   0.999   0.129   1.107  -9.000  -9.000  -9.000
9026  33.788 -66.000 1 22 22  100.8  20.473  36.641 232.773  20.454  36.640 233.175   2.073   1.303   0.163   1.285  -9.000  -9.000  -9.000
9026  33.788 -66.000 1 21 21  302.8  18.500  36.602 200.171  18.446  36.600 202.091   2.189   1.357   0.037   1.196 529.933  17.913   1.648
9026  33.788 -66.000 1 20 20  555.7  16.820  36.336 194.007  16.728  36.342 193.829   2.303   1.380   0.030   1.077 500.613  21.769  10.966
9026  33.788 -66.000 1 19 19  807.8  11.841  35.513 148.364  11.733  35.521 149.480   1.704   0.946   0.026   0.635 272.344  34.805  65.014
9026  33.788 -66.000 1 18 18 1059.8   7.018  35.104 189.184   6.912  35.103 191.462   1.588   0.847   0.046   0.459 191.956  38.828 100.096
9026  33.788 -66.000 1 17 17 1263.6   5.303  35.051 237.954   5.192  35.051 251.843   2.345   1.240   0.107   0.669 257.074  35.640  70.839
9026  33.788 -66.000 1 16 16 1415.4   4.717  35.014 253.853   4.597  35.012 254.836   2.507   1.301   0.126   0.724 261.423  35.410  69.203
9026  33.788 -66.000 1 15 15 1566.7   4.434  35.001 258.766   4.302  34.999 260.910   2.431   1.267   0.121   0.567 250.760  35.974  73.275
9026  33.788 -66.000 1 14 14 1771.6   4.139  34.990 265.242   3.992  34.987 265.286   2.151   1.102   0.106   0.473 214.675  37.759  88.522
9026  33.788 -66.000 1 13 13 2024.4   3.819  34.972 269.083   3.652  34.970 269.216   1.802   0.903   0.088   0.317 172.880  39.774 111.298
9026  33.788 -66.000 1 12 12 2329.8   3.520  34.964 269.886   3.327  34.962 270.199   1.296   0.646   0.051   0.244 121.689  42.794 150.011
9026  33.788 -66.000 1 11 11 2634.5   3.293  34.959 267.832   3.074  34.958 268.189   0.862   0.430   0.037   0.182  80.006  46.047 199.383
9026  33.788 -66.000 1 10 10 2942.1   2.981  34.941 269.574   2.737  34.940 269.976  -9.000  -9.000  -9.000  -9.000  -9.000  -9.000  -9.000
9026  33.788 -66.000 1  9  9 3249.2   2.731  34.926 271.986   2.460  34.924 272.477  -9.000  -9.000  -9.000  -9.000  -9.000  -9.000  -9.000
9026  33.788 -66.000 1  8  8 3454.1   2.578  34.915 274.263   2.288  34.915 274.397   0.886   0.439   0.043   0.107  78.514  46.189 201.675
9026  33.788 -66.000 1  7  7 3657.5   2.433  34.906 274.263   2.125  34.905 275.112   0.856   0.429   0.046   0.116  76.108  46.432 205.631
9026  33.788 -66.000 1  6  6 3914.7   2.335  34.898 273.504   2.001  34.896 273.817   0.862   0.432   0.054   0.122  76.220  46.421 205.447
9026  33.788 -66.000 1  5  5 4170.2   2.270  34.890 271.852   1.909  34.890 272.253   0.829   0.412   0.048   0.161  72.425  46.804 211.753
9026  33.788 -66.000 1  4  4 4427.8   2.252  34.886 270.333   1.862  34.885 270.333   0.793   0.405   0.051   0.141  71.120  46.936 213.943
9026  33.788 -66.000 1  3  3 4684.7   2.254  34.883 268.949   1.832  34.882 269.350   0.739   0.384   0.045   0.141  67.438  47.329 220.537
9026  33.788 -66.000 1  2  2 4940.1   2.270  34.881 268.145   1.816  34.880 268.591   0.690   0.359   0.047   0.168  63.102  47.816 228.865
9026  33.788 -66.000 1  1  1 5197.5   2.214  34.871 261.535   1.729  34.870 262.160   0.392   0.210   0.027   0.114  36.794  51.761 298.994
9026  33.788 -66.000 1 23 23    2.8  28.273  36.102 142.915  28.272  36.103 215.757   1.508   0.984   0.119   1.176  -9.000  -9.000  -9.000
9026  33.788 -66.000 1 22 22  202.1  19.028  36.603 205.798  18.991  36.597 206.289   2.150   1.343   0.091   1.390 536.112  16.522  -4.452
9026  33.788 -66.000 1 21 21  402.5  17.743  36.518 206.334  17.674  36.519 207.316   2.281   1.401   0.029   1.217 529.558  17.988   1.932
9026  33.788 -66.000 1 20 20  605.2  15.286  36.058 187.889  15.192  36.061 185.656   2.306   1.354   0.034   1.062 458.233  24.455  18.812
9026  33.788 -66.000 1 19 19  807.5  10.904  35.395 150.954  10.802  35.405 149.972   1.604   0.885   0.027   0.627 243.492  36.347  76.102
9026  33.788 -66.000 1 18 18 1009.5   6.973  35.096 187.219   6.873  35.096 191.551   1.693   0.906   0.059   0.502 204.842  38.225  93.381
9026  33.788 -66.000 1 17 17 1160.7   5.532  35.048 228.039   5.429  35.047 232.639   2.267   1.198   0.112   0.665 251.355  35.943  73.042
9026  33.788 -66.000 1 16 16 1313.9   4.898  35.027 250.906   4.785  35.027 250.102   2.447   1.285   0.135   0.724 260.729  35.447  69.463
9026  33.788 -66.000 1 15 15 1464.8   4.566  35.007 260.195   4.443  35.008 258.453   2.526   1.309   0.138   0.683 260.916  35.437  69.393
9026  33.788 -66.000 1 14 14 1617.7   4.288  34.991 263.589   4.154  34.989 264.214   2.438   1.260   0.130   0.623 247.416  36.149  74.589
9026  33.788 -66.000 1 13 13 1769.9   4.074  34.979 266.269   3.928  34.978 266.760   2.197   1.116   0.107   0.534 216.622  37.667  87.599
9026  33.788 -66.000 1 12 12 1922.4   3.925  34.975 267.787   3.766  34.974 268.189   1.948   0.985   0.100   0.433 189.666  38.935 101.331
9026  33.788 -66.000 1 11 11 2125.4   3.726  34.971 269.038   3.550  34.969 268.859   1.556   0.784   0.068   0.386 149.348  41.061 127.141
9026  33.788 -66.000 1 10 10 2381.3   3.456  34.964 268.993   3.260  34.963 268.636   1.132   0.517   0.043   0.223  97.052  44.580 176.299
9026  33.788 -66.000 1  9  9 2635.1   3.200  34.952 268.502   2.983  34.951 269.038   0.870   0.431   0.034   0.211  79.782  46.068 199.707
9026  33.788 -66.000 1  8  8 2889.3   2.951  34.939 269.797   2.713  34.937 270.378   0.800   0.394   0.036   0.186  71.939  46.853 212.567
9026  33.788 -66.000 1  7  7 3146.8   2.721  34.924 272.745   2.461  34.923 277.255   0.876   0.436   0.040   0.223  78.600  46.181 201.537
9026  33.788 -66.000 1  6  6 3400.8   2.517  34.912 274.219   2.235  34.911 274.397  -9.000  -9.000  -9.000   0.238  -9.000  -9.000  -9.000
9026  33.788 -66.000 1  5  5 3605.0   2.390  34.903 274.397   2.089  34.901 274.888   0.927   0.459   0.049   0.232  81.235  45.937 197.600
9026  33.788 -66.000 1  4  4 3810.3   2.316  34.896 273.504   1.995  34.896 273.861   0.920   0.454   0.048   0.239  80.016  46.047 199.369
9026  33.788 -66.000 1  3  3 3965.0   2.267  34.892 272.343   1.930  34.889 273.281   0.882   0.446   0.055   0.245  78.390  46.202 201.879
9026  33.788 -66.000 1  2  2 4169.7   2.237  34.887 270.824   1.877  34.887 270.824   0.828   0.417   0.046   0.235  73.167  46.729 210.513
9026  33.788 -66.000 1  1  1 4263.6   2.224  34.885 269.083   1.853  34.886 269.886   0.793   0.401   0.043   0.188  70.308  47.018 215.311
9026  33.788 -66.000 1 23 23    3.4  28.658  36.393 142.692  28.657  36.392 222.322   1.510   0.995   0.119   1.051  -9.000  -9.000  -9.000
9026  33.788 -66.000 1 22 22  101.3  20.086  36.615 230.495  20.067  36.617 238.356   2.088   1.309   0.153   1.403 545.781  12.186  -9.862
9026  33.788 -66.000 1 21 21  302.7  18.269  36.579 202.359  18.216  36.578 205.932   2.233   1.378   0.025   1.199 532.846  17.331  -0.753
9026  33.788 -66.000 1 20 20  505.0  16.771  36.322 191.194  16.687  36.332 195.124   2.286   1.354   0.030   0.961 490.086  22.660  12.925
9026  33.788 -66.000 1 19 19  757.0  11.550  35.479 149.972  11.451  -9.000  -9.000  -9.000  -9.000  -9.000  -9.000  -9.000  -9.000  -9.000
9026  33.788 -66.000 1 18 18 1009.3   6.470  35.087 198.116   6.374  35.088 257.247   1.763   0.927   0.061   0.563 204.253  38.253  93.679
9026  33.788 -66.000 1 17 17 1211.9   5.127  35.041 239.964   5.022  35.042 201.778   2.526   1.332   0.136   0.769 273.580  34.734  64.527
9026  33.788 -66.000 1 16 16 1365.2   4.632  35.012 254.791   4.517  35.021 257.203   2.541   1.330   0.132   0.704 266.046  35.165  67.493
9026  33.788 -66.000 1 15 15 1516.9   4.314  34.994 262.205   4.188  35.000 258.766   2.353   1.210   0.113   0.603 237.938  36.626  78.316
9026  33.788 -66.000 1 14 14 1668.9   4.021  34.978 266.135   3.885  34.982 266.403   2.124   1.065   0.106   0.442 206.133  38.165  92.734
9026  33.788 -66.000 1 13 13 1861.9   3.778  34.966 269.038   3.627  34.967 272.298   1.824   0.915   0.084   0.302 174.783  39.677 110.126
9026  33.788 -66.000 1 12 12 2126.3   3.506  34.960 270.958   3.334  34.964 270.690   1.378   0.687   0.054   0.272 129.309  42.296 143.168
9026  33.788 -66.000 1 11 11 2431.7   3.232  34.951 265.510   3.035  34.950 272.745   1.012   0.501   0.033   0.236  92.900  44.912 181.422
9026  33.788 -66.000 1 10 10 2635.3   3.083  34.948 268.413   2.868  34.946 268.413   0.751   0.374   0.026   0.170  68.788  47.177 217.980
9026  33.788 -66.000 1  9  9 2941.3   2.804  34.931 270.154   2.564  34.931 272.164   0.695   0.345   0.025   0.126  62.483  47.886 230.067
9026  33.788 -66.000 1  8  8 3197.3   2.578  34.916 273.236   2.316  34.921 276.541   0.848   0.424   0.040   0.204  75.832  46.460 206.088
9026  33.788 -66.000 1  7  7 3402.0   2.401  34.904 273.995   2.122  34.909 274.442   0.875   0.438   0.046   0.199  77.565  46.285 203.233
9026  33.788 -66.000 1  6  6 3604.8   2.290  34.895 273.191   1.991  34.899 274.353   0.920   0.458   0.052   0.217  80.604  45.994 198.515
9026  33.788 -66.000 1  5  5 3810.9   2.220  34.888 271.003   1.901  34.888 270.780   0.821   0.413   0.048   0.208  72.399  46.807 211.797
9026  33.788 -66.000 1  4  4 4016.6   2.212  34.886 270.065   1.870  34.886 265.956   0.805   0.404   0.048   0.184  70.789  46.970 214.500
9026  33.788 -66.000 1  3  3 4220.6   2.214  34.883 269.484   1.849  34.882 263.009   0.793   0.398   0.048   0.192  69.742  47.075 216.266
9026  33.788 -66.000 1  2  2 4498.5   2.223  34.881 268.457   1.825  34.881 263.232   0.759   0.382   0.046   0.168  66.970  47.382 221.428
9026  33.788 -66.000 1  1  1 4792.7   2.244  34.879 267.207   1.810  34.884  -9.000   0.712   0.338   0.042   0.173  59.324  48.256 236.510
9026  33.788 -66.000 1 23 23    3.2  28.608  36.113 145.416  28.607  36.114 226.699   1.485   0.983   0.114   1.090  -9.000  -9.000  -9.000
9026  33.788 -66.000 1 22 22  101.2  20.379  36.653 228.396  20.360  36.654 233.354   2.059   1.300   0.141   1.317  -9.000  -9.000  -9.000
9026  33.788 -66.000 1 21 21  302.8  18.319  36.549 205.083  18.266  36.550 208.165   2.239   1.389   0.054   1.077 538.056  15.963  -6.899
9026  33.788 -66.000 1 20 20  504.8  16.371  36.248 186.906  16.288  36.257 187.308   2.291   1.355   0.021   0.960 481.710  23.224  14.539
9026  33.788 -66.000 1 19 19  706.2  12.373  35.594 158.636  12.277  35.600 158.457   1.886   1.041   0.021   0.755 307.449  33.029  53.701
9026  33.788 -66.000 1 18 18  909.0   8.063  35.150 169.087   7.966  35.153 169.622   1.419   0.756   0.034   0.468 180.680  39.376 106.519
9026  33.788 -66.000 1 17 17 1111.2   5.734  35.065 222.546   5.633  35.070 225.181   2.051   1.081   0.078   0.579 229.242  37.063  81.991
9026  33.788 -66.000 1 16 16 1262.9   5.030  35.036 245.591   4.921  35.036 246.841   2.390   1.260   0.118   0.615 257.463  35.619  70.691
9026  33.788 -66.000 1 15 15 1415.4   4.595  35.012 257.024   4.476  35.012 257.605   2.404   1.250   0.126   0.615 249.551  36.038  73.751
9026  33.788 -66.000 1 14 14 1617.8   4.167  34.986 264.616   4.034  34.986 264.974   2.253   1.152   0.116   0.489 224.744  37.280  83.929
9026  33.788 -66.000 1 13 13 1821.3   3.937  34.981 266.760   3.787  34.981 266.849   1.789   0.906   0.086   0.354 174.577  39.688 110.253
9026  33.788 -66.000 1 12 12 2024.2   3.704  34.972 268.100   3.538  34.971 268.502  -9.000  -9.000  -9.000   0.269  -9.000  -9.000  -9.000
9026  33.788 -66.000 1 11 11 2277.7   3.448  34.960 269.261   3.262  34.960 270.065   1.160   0.574   0.041   0.116 107.702  43.767 164.050
9026  33.788 -66.000 1 10 10 2532.5   3.229  34.952 268.055   3.022  34.952 268.904   0.881   0.436   0.036   0.108  80.835  45.973 198.179
9026  33.788 -66.000 1  9  9 2736.7   3.058  34.944 268.457   2.833  34.944 269.306   0.758   0.372   0.028   0.107  68.324  47.230 218.857
9026  33.788 -66.000 1  8  8 2941.2   2.846  34.931 270.556   2.605  34.932 271.405   0.763   0.382   0.030   0.090  69.343  47.116 216.941
9026  33.788 -66.000 1  7  7 3145.7   2.615  34.917 272.834   2.357  34.918 285.339   0.797   0.395   0.029   0.081  70.790  46.969 214.498
9026  33.788 -66.000 1  6  6 3348.7   2.454  34.906 273.951   2.179  34.907 274.844   0.865   0.427   0.040   0.153  75.840  46.459 206.074
9026  33.788 -66.000 1  5  5 3502.8   2.339  34.898 273.281   2.051  34.898 273.906   0.873   0.440   0.044   0.101  77.648  46.277 203.096
9026  33.788 -66.000 1  4  4 3657.0   2.272  34.892 272.432   1.968  34.895 273.147   0.856   0.433   0.044   0.128  76.126  46.430 205.601
9026  33.788 -66.000 1  3  3 3810.0   2.237  34.888 271.360   1.918  34.889 272.253   0.839   0.423   0.044   0.125  74.221  46.623 208.758
9026  33.788 -66.000 1  2  2 3963.6   2.206  34.884 269.797   1.870  34.884 270.422   0.797   0.407   0.043   0.104  71.288  46.919 213.660
9026  33.788 -66.000 1  1  1 4159.1   2.196  34.881 268.145   1.838  34.882 269.440   0.761   0.386   0.045   0.097  67.571  47.314 220.287
