2011jul
      2011.54
STN   LAT    LON CAST SAMP BTL CTDPRS CTDTMP CTDSAL CTDOXY   THETA   SALNTY  OXYGEN  CFC-11  CFC-12  CFC113  SF6  pCFC-12 CFC12age Mean Age
9001  40.296 -69.790 1  3  3    4.5  20.203  31.787 250.727  20.202  31.688  -9.000   2.923   1.715   0.251   1.688  -9.000  -9.000  -9.000
9001  40.296 -69.790 1  2  2   40.3   8.244  32.504 268.100   8.241  32.501  -9.000   4.604   2.718   0.367   2.361  -9.000  -9.000  -9.000
9001  40.296 -69.790 1  1  1   83.4  10.865  34.159 225.493  10.855  33.917  -9.000   3.656   2.068   0.261   1.956  -9.000  -9.000  -9.000
9002  40.152 -69.879 1  3  3    4.4  21.676  32.011 241.214  21.675  31.983  -9.000   2.676   1.600   0.227   1.599  -9.000  -9.000  -9.000
9002  40.152 -69.879 1  2  2   49.8   7.907  32.660 269.306   7.903  32.672  -9.000   4.481   2.506   0.350   2.222  -9.000  -9.000  -9.000
9002  40.152 -69.879 1  1  1  105.5  11.891  34.814 211.113  11.877  34.775  -9.000   3.097   1.778   0.197   1.567 509.505  19.703   9.623
9003  40.012 -68.007 1  4  4    4.3  19.802  32.133 268.413  19.802  32.062  -9.000   2.982   1.758   0.246   1.727  -9.000  -9.000  -9.000
9003  40.012 -68.007 1  3  3   50.6   8.196  33.056 266.760   8.191  33.036  -9.000   4.268   2.374   0.323   2.171  -9.000  -9.000  -9.000
9003  40.012 -68.007 1  2  2  100.7  13.147  35.490 186.147  13.133  35.453  -9.000   2.979   1.724   0.144   1.365 527.090  17.358   5.017
9003  40.012 -68.007 1  1  1  165.7  12.386  35.588 167.568  12.363  35.583  -9.000  -9.000  -9.000  -9.000   0.932  -9.000  -9.000  -9.000
9004  39.906 -68.073 1 10 10    2.9  22.608  33.220 246.886  22.607  -9.000  -9.000  -9.000  -9.000  -9.000  -9.000  -9.000  -9.000  -9.000
9004  39.906 -68.073 1  9  9    5.5  22.185  33.447 247.199  22.184  33.243  -9.000   2.442   1.484   0.199   1.475  -9.000  -9.000  -9.000
9004  39.906 -68.073 1  8  8   51.3  11.561  34.643 226.342  11.554  34.598  -9.000   3.244   1.856   0.211   1.616 522.801  18.099   7.858
9004  39.906 -68.073 1  7  7  101.4  13.321  35.612 189.452  13.307  35.574  -9.000   2.491   1.439   0.112   1.206 443.988  24.041  20.599
9004  39.906 -68.073 1  6  6  200.8  11.061  35.413 147.828  11.036  35.414  -9.000   1.636   0.916   0.037   0.733 253.951  34.725  69.250
9004  39.906 -68.073 1  5  5  300.4   9.094  35.207 149.480   9.061  35.208  -9.000   1.453   0.801   0.040   0.598 201.566  37.299  91.939
9004  39.906 -68.073 1  4  4  400.8   7.345  35.097 178.242   7.306  35.100  -9.000   1.716   0.920   0.061   0.656 211.971  36.808  86.999
9004  39.906 -68.073 1  3  3  500.3   6.209  35.041 203.654   6.164  35.039  -9.000   2.084   1.110   0.087   0.723 241.197  35.382  74.276
9004  39.906 -68.073 1  2  2  606.5   5.315  35.003 233.488   5.265  35.003  -9.000   2.567   1.358   0.128   0.864 281.577  33.192  59.261
9004  39.906 -68.073 1  1  1  714.7   4.900  34.985 248.762   4.842  34.987  -9.000   2.770   1.458   0.138   0.908 295.730  32.509  55.339
9005  39.853 -68.105 1 11 11    5.3  16.734  33.692 240.499  16.733  33.667 287.483  -9.000  -9.000  -9.000  -9.000  -9.000  -9.000  -9.000
9005  39.853 -68.105 1 10 10   75.4  13.405  35.472 197.044  13.394  35.404 190.122  -9.000  -9.000  -9.000  -9.000  -9.000  -9.000  -9.000
9005  39.853 -68.105 1  9  9  142.2  13.167  35.728 193.739  13.148  35.734 190.390  -9.000  -9.000  -9.000  -9.000  -9.000  -9.000  -9.000
9005  39.853 -68.105 1  8  8  253.5   9.446  35.213 141.173   9.417  35.223 139.655   1.228   0.682   0.022  -9.000 174.611  38.606 106.522
9005  39.853 -68.105 1  7  7  354.2   7.677  35.101 161.405   7.641  35.108 166.987   1.496   0.811   0.042  -9.000 190.017  37.838  97.730
9005  39.853 -68.105 1  6  6  478.6   6.248  35.043 205.619   6.205  35.044 204.905   1.954   1.048   0.080  -9.000 228.190  36.036  79.808
9005  39.853 -68.105 1  5  5  603.3   5.344  35.005 233.309   5.294  35.008 234.470   2.484   1.330   0.127  -9.000 276.199  33.503  61.135
9005  39.853 -68.105 1  4  4  725.8   4.969  34.987 246.931   4.909  34.986 247.243   2.777   1.468   0.147  -9.000 298.850  32.365  54.541
9005  39.853 -68.105 1  3  3  848.2   4.748  34.979 253.630   4.679  34.978 254.434   2.960   1.558   0.163  -9.000 313.465  31.598  50.446
9005  39.853 -68.105 1  2  2  951.9   4.558  34.972 259.838   4.481  34.972 259.480   2.945   1.552   0.164  -9.000 309.106  31.853  51.776
9005  39.853 -68.105 1  1  1 1104.3   4.327  34.964 265.242   4.239  34.963 265.644   2.904   1.522   0.155  -9.000 299.403  32.339  54.401
9006  39.789 -68.158 1 14 14    5.9  22.052  32.669 244.921  22.051  32.629 245.189   2.527   1.548  -9.000   1.524  -9.000  -9.000  -9.000
9006  39.789 -68.158 1 13 13   79.3  14.335  35.753 175.026  14.324  35.713 167.881   2.392   1.399   0.080   1.128 452.510  23.642  19.113
9006  39.789 -68.158 1 12 12  152.9  12.587  35.641 180.252  12.567  35.661 172.302   2.133  -9.000   0.077   1.027  -9.000  -9.000  -9.000
9006  39.789 -68.158 1 11 11  253.0   9.629  35.238 140.370   9.600  35.236 139.700   1.331  -9.000   0.027   0.623  -9.000  -9.000  -9.000
9006  39.789 -68.158 1 10 10  380.4   6.827  35.068 185.834   6.792  35.067 187.844   1.885   1.007   0.069   0.676 225.926  36.144  80.772
9006  39.789 -68.158 1  9  9  530.2   5.508  35.009 229.066   5.463  35.011 228.798   2.582   1.393   0.123   0.800 291.779  32.691  56.362
9006  39.789 -68.158 1  8  8  681.8   4.898  34.985 250.102   4.843  34.992 249.253   2.941   1.560   0.153   0.928 316.390  31.427  49.573
9006  39.789 -68.158 1  7  7  830.0   4.678  34.977 256.890   4.611  34.978 256.622   3.090   1.614   0.167   0.971 323.521  31.009  47.506
9006  39.789 -68.158 1  6  6  952.9   4.487  34.970 260.910   4.411  34.971 261.267   3.069   1.617   0.176   0.966 320.837  31.167  48.275
9006  39.789 -68.158 1  5  5 1075.2   4.306  34.964 266.001   4.221  34.963 266.626   3.050   1.593   0.172   0.941 313.017  31.624  50.581
9006  39.789 -68.158 1  4  4 1174.9   4.212  34.961 268.323   4.119  34.962 267.921   3.004   1.554   0.170   0.884 303.820  32.136  53.290
9006  39.789 -68.158 1  3  3 1324.7   4.093  34.957 270.244   3.987  34.965 270.467   2.851   1.470   0.162   0.809 285.558  32.977  58.004
9006  39.789 -68.158 1  2  2 1449.5   3.979  34.955 271.405   3.864  34.954 271.092   2.677   1.375   0.147   0.699 265.476  34.115  65.033
9006  39.789 -68.158 1  1  1 1573.8   3.872  34.953 272.343   3.746  34.951 270.780   2.447   1.245   0.123   0.616 238.992  35.493  75.177
9007  39.706 -68.203 1 18 18    5.2  23.377  32.950 235.765  23.376  32.937 235.631   2.262   1.403   0.185   1.404  -9.000  -9.000  -9.000
9007  39.706 -68.203 1 17 17  105.4  13.419  35.658 184.048  13.405  35.643 180.788   2.399   1.404   0.103   1.139 435.330  24.480  22.286
9007  39.706 -68.203 1 16 16  218.3  10.212  35.304 139.298  10.186  35.313 140.236   1.447   0.819   0.030   0.660 217.803  36.530  84.333
9007  39.706 -68.203 1 15 15  353.8   7.323  35.102 177.349   7.289  35.101 179.403   1.488   0.825   0.047   0.532 189.880  37.845  97.802
9007  39.706 -68.203 1 14 14  477.8   5.687  35.016 220.447   5.646  35.017 220.804   2.305   1.244   0.108   0.764 263.036  34.245  65.895
9007  39.706 -68.203 1 13 13  604.3   5.131  35.014 239.785   5.082  35.013 241.393   2.562   1.356   0.133   0.753 278.492  33.370  60.328
9007  39.706 -68.203 1 12 12  753.5   4.676  34.993 258.141   4.615  34.992 255.908  -9.000  -9.000  -9.000  -9.000  -9.000  -9.000  -9.000
9007  39.706 -68.203 1 11 11  876.6   4.477  34.987 260.508   4.407  34.986 260.686   2.779   1.455   0.154   0.789 288.585  32.838  57.200
9007  39.706 -68.203 1 10 10 1002.1   4.241  34.966 267.430   4.162  34.966 267.207   2.902   1.536   0.163   0.854 300.780  32.276  54.053
9007  39.706 -68.203 1  9  9 1126.1   4.165  34.964 268.993   4.076  34.964 268.725   2.828   1.460   0.160   0.809 284.731  33.016  58.226
9007  39.706 -68.203 1  8  8 1249.6   4.005  34.957 270.780   3.907  34.956 270.869   2.678   1.390   0.149   0.723 268.750  33.933  63.842
9007  39.706 -68.203 1  7  7 1376.0   3.893  34.954 271.807   3.785  -9.000  -9.000  -9.000  -9.000  -9.000  -9.000  -9.000  -9.000  -9.000
9007  39.706 -68.203 1  6  6 1500.8   3.787  34.951 272.655   3.669  -9.000  -9.000  -9.000  -9.000  -9.000  -9.000  -9.000  -9.000  -9.000
9007  39.706 -68.203 1  5  5 1624.8   3.714  34.949 273.593   3.586  34.949 273.549   2.245   1.125   0.112   0.520 214.119  36.706  86.007
9007  39.706 -68.203 1  4  4 1749.1   3.656  34.947 274.397   3.517  34.946 274.353   2.126   1.081   0.105   0.486 205.097  37.134  90.244
9007  39.706 -68.203 1  3  3 1873.6   3.600  34.944 275.112   3.451  34.944 275.067   2.046   1.040   0.104   0.447 196.717  37.525  94.326
9007  39.706 -68.203 1  2  2 1974.1   3.562  34.943 275.603   3.403  34.943 275.514   1.948   0.996   0.097   0.454 188.006  37.932  98.775
9007  39.706 -68.203 1  1  1 2092.6   3.474  34.940 275.469   3.306  34.937 275.916   1.855   0.941   0.087   0.499 176.774  38.495 105.226
9008  39.479 -68.367 1 21 21    4.7  21.617  32.055 252.603  21.616  32.053 251.441   2.597   1.586   0.209  -9.000  -9.000  -9.000  -9.000
9008  39.479 -68.367 1 20 20   75.9  12.179  34.634 236.748  12.170  34.619 224.823   3.114   1.808   0.172  -9.000 524.151  17.873   7.214
9008  39.479 -68.367 1 19 19  151.1  12.437  35.548 183.333  12.417  35.543 175.339   2.198   1.288   0.104  -9.000 381.357  27.300  33.266
9008  39.479 -68.367 1 18 18  252.7   9.336  35.216 147.739   9.307  35.218 141.665  -9.000  -9.000  -9.000  -9.000  -9.000  -9.000  -9.000
9008  39.479 -68.367 1 17 17  376.9   7.012  35.078 190.301   6.977  35.079 186.058   1.823   0.981   0.073  -9.000 222.198  36.321  82.384
9008  39.479 -68.367 1 16 16  528.9   5.604  35.032 222.635   5.559  35.031 225.851   2.309   1.219   0.108  -9.000 256.679  34.581  68.216
9008  39.479 -68.367 1 15 15  676.3   4.894  34.992 247.422   4.840  34.990 250.012   2.852   1.502   0.149  -9.000 304.578  32.101  53.101
9008  39.479 -68.367 1 14 14  817.3   4.552  34.985 260.284   4.488  34.984 259.838   2.872   1.491   0.154  -9.000 296.903  32.455  55.038
9008  39.479 -68.367 1 13 13  952.4   4.320  34.970 266.671   4.246  34.969 266.180   2.976   1.556   0.173  -9.000 305.999  32.034  52.743
9008  39.479 -68.367 1 12 12 1079.2   4.157  34.963 268.636   4.073  34.962 268.859  -9.000  -9.000  -9.000  -9.000  -9.000  -9.000  -9.000
9008  39.479 -68.367 1 11 11 1203.6   4.058  34.961 269.976   3.964  34.959 270.110   2.763   1.421   0.159  -9.000 275.539  33.541  61.369
9008  39.479 -68.367 1 10 10 1327.6   3.964  34.958 271.271   3.860  34.957 271.628   2.688   1.364   0.145  -9.000 263.146  34.239  65.855
9008  39.479 -68.367 1  9  9 1451.0   3.850  34.954 272.521   3.736  34.954 273.057   2.494   1.263   0.133  -9.000 242.161  35.333  73.887
9008  39.479 -68.367 1  8  8 1576.7   3.733  34.951 273.459   3.609  34.951 274.174   2.294   1.140   0.114  -9.000 217.200  36.559  84.604
9008  39.479 -68.367 1  7  7 1698.0   3.650  34.951 274.308   3.516  34.950 274.844   2.046   1.025   0.092  -9.000 194.418  37.633  95.480
9008  39.479 -68.367 1  6  6 1824.5   3.538  34.946 275.469   3.394  34.946 274.799  -9.000  -9.000  -9.000  -9.000  -9.000  -9.000  -9.000
9008  39.479 -68.367 1  5  5 1954.5   3.407  34.940 276.273   3.252  34.942 276.809   1.843   0.912   0.074  -9.000 170.706  38.805 108.886
9008  39.479 -68.367 1  4  4 2074.1   3.304  34.937 276.764   3.140  34.938 276.630   1.894   0.955   0.078  -9.000 177.752  38.446 104.642
9008  39.479 -68.367 1  3  3 2201.2   3.207  34.935 277.300   3.033  34.935 276.362   1.731   0.873   0.071  -9.000 161.635  39.291 114.756
9008  39.479 -68.367 1  2  2 2297.9   3.077  34.931 277.836   2.895  34.931 277.925   1.686   0.854   0.070  -9.000 156.992  39.552 117.959
9008  39.479 -68.367 1  1  1 2417.0   3.010  34.929 277.613   2.818  34.932 274.799   1.646   0.839   0.070  -9.000 153.669  39.738 120.266
9009  39.344 -68.460 1 23 23    5.5  26.165  35.270 210.398  26.164  -9.000  -9.000  -9.000  -9.000  -9.000  -9.000  -9.000  -9.000  -9.000
9009  39.344 -68.460 1 22 22    5.5  26.165  35.270 210.398  26.164  35.237 213.256   1.820   1.158   0.138   1.142  -9.000  -9.000  -9.000
9009  39.344 -68.460 1 21 21  103.1  16.807  36.141 169.712  16.790  36.103 157.921   2.254   1.329   0.055   1.004 480.920  22.187  14.266
9009  39.344 -68.460 1 20 20  227.4  12.477  35.629 163.281  12.446  35.642 168.283   2.064   1.183   0.069   0.959 351.197  29.193  39.895
9009  39.344 -68.460 1 19 19  352.8   8.790  35.153 144.836   8.752  35.161 144.434   1.174   0.642   0.025   0.497 159.073  39.435 116.519
9009  39.344 -68.460 1 18 18  476.5   6.688  35.055 195.303   6.643  35.226 220.849   1.861   1.168   0.138   1.185 260.159  34.397  66.931
9009  39.344 -68.460 1 17 17  601.9   5.576  35.027 229.111   5.524  35.026 226.074   2.436   1.319   0.106   0.685 277.319  33.438  60.740
9009  39.344 -68.460 1 16 16  752.2   4.862  34.998 253.049   4.801  34.998 249.923   2.834   1.494   0.147   0.844 302.465  32.198  53.629
9009  39.344 -68.460 1 15 15  876.4   4.602  34.987 256.533   4.531  34.989 257.873   2.984   1.556   0.150   0.808 310.677  31.761  51.293
9009  39.344 -68.460 1 14 14 1002.8   4.354  34.974 262.785   4.274  34.974 264.661   3.024   1.568   0.156   0.827 308.932  31.863  51.830
9009  39.344 -68.460 1 13 13 1112.1   4.222  34.970 266.582   4.134  34.967 266.715   2.941   1.499   0.154   0.788 293.250  32.623  55.979
9009  39.344 -68.460 1 12 12 1246.8   4.054  34.963 269.261   3.955  34.963 268.815   2.746   1.392   0.133   0.647 269.863  33.869  63.428
9009  39.344 -68.460 1 11 11 1378.1   3.935  34.962 270.288   3.826  34.961 269.395   2.497   1.219   0.124   0.522 234.818  35.702  76.925
9009  39.344 -68.460 1 10 10 1504.0   3.811  34.958 271.807   3.693  34.955 272.253   2.292   1.140   0.108   0.465 218.131  36.515  84.186
9009  39.344 -68.460 1  9  9 1628.7   3.700  34.951 273.504   3.572  34.950 273.325   2.173   1.087   0.097   0.416 206.732  37.057  89.471
9009  39.344 -68.460 1  8  8 1753.6   3.606  34.946 274.665   3.468  34.947 274.263   2.106   1.037   0.092   0.393 196.219  37.548  94.574
9009  39.344 -68.460 1  7  7 1888.1   3.481  34.941 275.960   3.332  34.941 276.362   1.988   1.001   0.081   0.362 188.120  37.927  98.717
9009  39.344 -68.460 1  6  6 2000.8   3.405  34.941 276.139   3.247  34.941 276.273   1.850   0.913   0.069   0.333 170.877  38.796 108.781
9009  39.344 -68.460 1  5  5 2122.4   3.327  34.940 276.050   3.158  34.941 276.184   1.742   0.858   0.062   0.310 159.903  39.388 115.947
9009  39.344 -68.460 1  4  4 2247.2   3.227  34.938 275.916   3.048  34.937 276.318   1.607   0.789   0.054   0.294 146.244  40.166 125.594
9009  39.344 -68.460 1  3  3 2371.7   3.129  34.935 276.764   2.940  34.933 278.238   1.622   0.809   0.058   0.328 149.147  39.992 123.425
9009  39.344 -68.460 1  2  2 2495.3   3.004  34.929 278.059   2.805  34.928 278.283   1.694   0.844   0.064   0.358 154.536  39.690 119.663
9009  39.344 -68.460 1  1  1 2664.9   2.849  34.923 278.953   2.636  34.923 279.310   1.741  -9.000   0.072   0.391  -9.000  -9.000  -9.000
9010  39.092 -68.638 1 23 23    4.9  26.313  35.435 214.641  26.312  35.440 220.491   1.805  -9.000   0.135   1.141  -9.000  -9.000  -9.000
9010  39.092 -68.638 1 22 22  128.2  16.893  36.227 164.665  16.872  36.279 155.867   2.263   1.331   0.036   0.962 483.838  22.023  13.799
9010  39.092 -68.638 1 21 21  253.7  13.536  35.760 166.809  13.500  35.773 164.442   2.180   1.233   0.038   0.845 384.736  27.098  32.518
9010  39.092 -68.638 1 20 20  403.5   9.273  35.201 137.601   9.228  35.205 140.682   1.280   0.700   0.027   0.503 177.692  38.449 104.678
9010  39.092 -68.638 1 19 19  551.7   6.747  35.080 199.590   6.695  35.080 193.070   1.803   0.953   0.060   0.561 212.966  36.761  86.538
9010  39.092 -68.638 1 18 18  601.4   5.984  35.049 213.480   5.931  35.049 213.435   2.067   1.070   0.081   0.600 229.840  35.953  79.079
9010  39.092 -68.638 1 17 17  751.6   5.002  35.012 241.795   4.940  35.010 244.296   2.613   1.376   0.131   0.773 280.682  33.243  59.569
9010  39.092 -68.638 1 16 16  903.0   4.588  34.992 255.461   4.516  34.992 257.471   2.725   1.416   0.142   0.727 282.528  33.137  58.936
9010  39.092 -68.638 1 15 15 1053.0   4.374  34.987 261.758   4.290  34.988 261.669   2.685   1.384   0.131   0.705 273.004  33.687  62.279
9010  39.092 -68.638 1 14 14 1203.2   4.168  34.972 266.715   4.073  34.973 265.510   2.598   1.353   0.130   0.650 263.931  34.197  65.577
9010  39.092 -68.638 1 13 13 1352.0   4.081  34.973 268.457   3.973  34.975 266.715   2.419   1.243   0.120   0.562 241.351  35.374  74.214
9010  39.092 -68.638 1 12 12 1495.8   3.879  34.958 272.298   3.761  34.957 270.958   2.390   1.232   0.121   0.544 236.597  35.613  76.174
9010  39.092 -68.638 1 11 11 1652.0   3.707  34.949 274.397   3.577  34.950 270.288   2.291   1.161   0.104   0.431 220.887  36.384  82.961
9010  39.092 -68.638 1 10 10 1801.2   3.565  34.944 275.648   3.423  34.944 271.986   2.040   1.044   0.091   0.406 197.101  37.507  94.134
9010  39.092 -68.638 1  9  9 1952.1   3.436  34.941 276.407   3.282  34.940 276.318   1.950   0.997   0.081   0.383 186.913  37.983  99.348
9010  39.092 -68.638 1  8  8 2100.8   3.349  34.941 276.273   3.182  34.940 273.236   1.681   0.860   0.066   0.334 160.471  39.356 115.557
9010  39.092 -68.638 1  7  7 2252.4   3.246  34.941 275.514   3.066  34.943 276.050   1.492   0.770   0.052   0.292 142.875  40.373 128.187
9010  39.092 -68.638 1  6  6 2400.4   3.144  34.938 275.737   2.951  34.938 275.112   1.497   0.772   0.057   0.263 142.449  40.399 128.515
9010  39.092 -68.638 1  5  5 2550.5   3.014  34.932 276.630   2.809  34.932 276.586   1.500   0.779   0.061   0.306 142.714  40.383 128.311
9010  39.092 -68.638 1  4  4 2700.2   2.878  34.926 278.059   2.661  34.928 276.452   1.461   0.767   0.060   0.348 139.468  40.582 130.824
9010  39.092 -68.638 1  3  3 2850.9   2.713  34.918 280.158   2.484  34.920 279.623   1.670   0.864   0.073   0.424 155.679  39.625 118.869
9010  39.092 -68.638 1  2  2 2950.9   2.616  34.913 281.052   2.379  34.914 278.997   1.842   0.966   0.086   0.451 173.124  38.682 107.418
9010  39.092 -68.638 1  1  1 3086.6   2.477  34.906 281.632   2.229  34.905 284.535   2.016   1.064   0.102   0.550 189.219  37.876  98.144
9011  38.827 -68.814 1 23 23    5.5  26.057  35.450 215.936  26.056  35.451 215.981   1.762   1.157   0.127   1.175  -9.000  -9.000  -9.000
9011  38.827 -68.814 1 22 22  151.9  16.813  36.272 179.314  16.788  36.306 172.347   2.237   1.365   0.036   1.049 494.715  21.252  11.865
9011  38.827 -68.814 1 21 21  300.9  12.514  35.613 158.547  12.473  35.618 155.688   1.856   1.117   0.034   0.759 332.122  30.490  45.092
9011  38.827 -68.814 1 20 20  451.1   8.474  35.143 147.694   8.426  35.141 151.981   1.223   0.670   0.025   0.474 163.421  39.191 113.533
9011  38.827 -68.814 1 19 19  590.1   6.334  35.066 208.344   6.280  35.066 203.922   1.779   0.973   0.060   0.548 212.850  36.766  86.592
9011  38.827 -68.814 1 18 18  750.7   5.131  35.011 243.134   5.068  35.011 241.035   2.618   1.394   0.125   0.808 286.288  32.944  57.810
9011  38.827 -68.814 1 17 17  874.9   4.696  34.994 255.952   4.625  34.994 254.389   2.712   1.461   0.137   0.834 293.189  32.626  55.994
9011  38.827 -68.814 1 16 16  999.3   4.442  34.981 262.964   4.362  34.982 261.981   2.749   1.476   0.137   0.801 292.193  32.672  56.253
9011  38.827 -68.814 1 15 15 1149.5   4.229  34.973 266.715   4.138  34.974 265.331   2.705   1.426   0.133   0.718 279.083  33.336  60.122
9011  38.827 -68.814 1 14 14 1301.3   4.037  34.962 270.824   3.934  34.962 269.886   2.644   1.377   0.130   0.671 266.707  34.050  64.604
9011  38.827 -68.814 1 13 13 1449.4   3.892  34.957 272.387   3.777  34.957 271.226   2.460   1.263   0.121   0.551 242.717  35.306  73.664
9011  38.827 -68.814 1 12 12 1600.6   3.778  34.956 273.549   3.651  34.956 272.745   2.222   1.125   0.108   0.483 214.875  36.670  85.660
9011  38.827 -68.814 1 11 11 1750.9   3.635  34.949 275.112   3.496  34.949 273.951   2.005   1.028   0.093   0.402 194.826  37.614  95.275
9011  38.827 -68.814 1 10 10 1874.7   3.532  34.946 275.692   3.383  34.949 275.424   1.889   0.958   0.079   0.354 180.547  38.303 102.988
9011  38.827 -68.814 1  9  9 2000.4   3.412  34.942 276.184   3.253  -9.000 276.139   1.796   0.906   0.066   0.352 169.632  38.860 109.541
9011  38.827 -68.814 1  8  8 2150.6   3.306  34.942 276.139   3.134  34.942 274.933   1.589   0.807   0.063   0.312 150.229  39.932 122.667
9011  38.827 -68.814 1  7  7 2400.4   3.097  34.935 276.273   2.905  34.935 276.452   1.521   0.775   0.052   0.310 142.633  40.388 128.374
9011  38.827 -68.814 1  6  6 2599.9   2.931  34.929 277.434   2.723  34.938 276.228   1.649   0.829   0.066   0.343 151.183  39.878 122.000
9011  38.827 -68.814 1  5  5 2745.1   2.803  34.923 278.327   2.582  34.926 278.149   1.548   0.786   0.065   0.384 142.333  40.406 128.606
9011  38.827 -68.814 1  4  4 2899.8   2.655  34.916 279.757   2.422  34.918 279.935   1.666   0.845   0.074   0.395 151.768  39.845 121.592
9011  38.827 -68.814 1  3  3 3040.5   2.540  34.910 281.141   2.296  34.913 281.811   1.788   0.909   0.089   0.454 162.224  39.258 114.353
9011  38.827 -68.814 1  2  2 3150.1   2.450  34.905 282.883   2.196  34.907 283.195   2.080   1.046   0.108   0.588 185.741  38.038  99.964
9011  38.827 -68.814 1  1  1 3288.8   2.311  34.898 280.962   2.046  34.897 280.069   1.988   1.010   0.107   0.615 177.964  38.435 104.515
9012  38.561 -67.029 1 23 23    1.8  26.879  35.686 214.373  26.879  35.683 213.078   1.756   1.137   0.137  -9.000  -9.000  -9.000  -9.000
9012  38.561 -67.029 1 22 22  127.4  15.325  36.001 166.586  15.305  36.025 151.713   2.162   1.251   0.027  -9.000 423.860  25.061  24.566
9012  38.561 -67.029 1 21 21  263.3  11.808  35.517 150.552  11.774  35.522 151.713   1.826   1.018   0.028  -9.000 292.633  32.651  56.139
9012  38.561 -67.029 1 20 20  377.6   8.784  35.140 138.181   8.743  35.148 140.816   1.114   0.615   0.021  -9.000 152.318  39.814 121.208
9012  38.561 -67.029 1 19 19  580.0   5.797  35.039 221.876   5.746  35.041 218.884   2.139   1.053   0.077  -9.000 223.979  36.236  81.610
9012  38.561 -67.029 1 18 18  730.5   5.007  35.011 245.769   4.947  35.009 245.278   2.625   1.407   0.126  -9.000 287.077  32.907  57.600
9012  38.561 -67.029 1 17 17  883.2   4.562  34.988 258.096   4.491  34.988 256.935   2.771  -9.000   0.133  -9.000  -9.000  -9.000  -9.000
9012  38.561 -67.029 1 16 16 1035.4   4.369  34.983 264.393   4.286  34.978 263.098   2.829   1.514   0.150  -9.000 298.555  32.379  54.617
9012  38.561 -67.029 1 15 15 1182.0   4.174  34.975 268.234   4.081  34.974 266.269   2.605   1.390   0.142  -9.000 271.244  33.789  62.919
9012  38.561 -67.029 1 14 14 1331.2   3.995  34.967 270.065   3.890  34.966 269.261   2.329   1.248   0.123  -9.000 241.192  35.382  74.278
9012  38.561 -67.029 1 13 13 1483.3   3.838  34.962 271.852   3.721  34.960 271.405   2.113   1.129   0.109  -9.000 216.348  36.600  84.989
9012  38.561 -67.029 1 12 12 1628.4   3.688  34.956 273.013   3.560  34.954 273.013   1.921   1.017   0.087  -9.000 193.307  37.685  96.043
9012  38.561 -67.029 1 11 11 1773.7   3.560  34.952 273.906   3.421  34.950 274.085   1.704   0.907   0.072  -9.000 171.204  38.780 108.583
9012  38.561 -67.029 1 10 10 1947.6   3.412  34.946 274.129   3.258  34.945 274.888   1.549   0.840   0.060  -9.000 157.281  39.536 117.758
9012  38.561 -67.029 1  9  9 2097.0   3.326  34.948 272.745   3.159  34.946 273.772   1.329   0.724   0.052  -9.000 134.934  40.860 134.358
9012  38.561 -67.029 1  8  8 2249.4   3.185  34.940 274.129   3.007  34.939 275.067   1.401   0.754   0.052  -9.000 139.441  40.584 130.846
9012  38.561 -67.029 1  7  7 2452.4   2.984  34.933 275.692   2.789  34.932 274.710   1.339   0.732   0.045  -9.000 133.887  40.924 135.180
9012  38.561 -67.029 1  6  6 2654.9   2.784  34.924 277.479   2.573  34.961 271.494   2.112   1.160   0.097  -9.000 209.842  36.909  87.995
9012  38.561 -67.029 1  5  5 2853.3   2.588  34.914 280.471   2.362  34.912 281.275   1.687   0.955   0.086  -9.000 170.890  38.796 108.774
9012  38.561 -67.029 1  4  4 3002.1   2.455  34.907 281.543   2.216  34.905 281.856   1.721   0.985   0.088  -9.000 174.959  38.588 106.312
9012  38.561 -67.029 1  3  3 3148.8   2.335  34.901 283.463   2.084  34.900 284.491   2.026   1.173   0.120  -9.000 206.964  37.046  89.362
9012  38.561 -67.029 1  2  2 3303.0   2.233  34.895 282.481   1.968  34.894 283.642   1.995   1.169   0.119  -9.000 205.088  37.134  90.248
9012  38.561 -67.029 1  1  1 3496.3   2.151  34.886 274.933   1.867  34.888 275.022   1.443  -9.000   0.086  -9.000  -9.000  -9.000  -9.000
9013  38.317 -67.134 1 23 23    4.8  26.060  34.943 214.551  26.059  34.921 221.072   1.821   1.139   0.146   1.413  -9.000  -9.000  -9.000
9013  38.317 -67.134 1 22 22  199.2  11.408  35.440 138.226  11.382  35.419 140.816   1.524   0.852   0.025   0.723 240.176  35.433  74.692
9013  38.317 -67.134 1 21 21  399.7   7.175  35.095 180.341   7.136  35.094 182.619   1.529   0.812   0.050   0.622 185.481  38.051 100.113
9013  38.317 -67.134 1 20 20  599.9   5.260  35.027 241.214   5.209  35.021 235.810   2.359   1.238   0.112   0.865 256.022  34.616  68.463
9013  38.317 -67.134 1 19 19  801.7   4.558  34.995 257.560   4.495  34.999 255.774   2.560   1.331   0.131   0.876 265.153  34.132  65.146
9013  38.317 -67.134 1 18 18  950.6   4.346  34.983 264.393   4.272  34.982 263.321   2.604   1.340   0.133   0.837 263.921  34.198  65.580
9013  38.317 -67.134 1 17 17 1100.8   4.168  34.977 267.653   4.082  34.977 266.403   2.519   1.282   0.133   0.789 250.094  34.929  70.753
9013  38.317 -67.134 1 16 16 1251.7   3.963  34.966 270.333   3.865  34.963 272.030   2.116   1.058   0.101   0.548 204.115  37.180  90.712
9013  38.317 -67.134 1 15 15 1400.5   3.818  34.962 272.343   3.708  34.960 272.030   2.040   1.030   0.098   0.502 197.165  37.504  94.102
9013  38.317 -67.134 1 14 14 1548.4   3.670  34.954 273.504   3.549  34.954 273.817   1.977   0.986   0.085   0.481 187.229  37.969  99.183
9013  38.317 -67.134 1 13 13 1749.6   3.509  34.949 275.022   3.372  34.948 275.112   1.809   0.889   0.073   0.476 167.339  38.977 110.945
9013  38.317 -67.134 1 12 12 1950.4   3.353  34.946 274.620   3.200  34.947 274.308  -9.000  -9.000  -9.000   0.417  -9.000  -9.000  -9.000
9013  38.317 -67.134 1 11 11 2149.3   3.218  34.944 274.397   3.048  34.945 274.620   1.332   0.658   0.050   0.337 121.910  41.700 145.274
9013  38.317 -67.134 1 10 10 2350.7   2.997  34.933 275.424   2.811  34.932 277.121   1.476   0.731   0.057   0.397 133.798  40.930 135.249
9013  38.317 -67.134 1  9  9 2529.8   2.834  34.926 277.613   2.635  34.926 277.032   1.479   0.743   0.058   0.413 134.781  40.869 134.478
9013  38.317 -67.134 1  8  8 2720.0   2.652  34.918 279.221   2.437  34.917 279.667   1.556   0.782   0.069   0.481 140.434  40.523 130.074
9013  38.317 -67.134 1  7  7 2792.1   2.592  34.915 278.863   2.371  34.916 281.141   1.536   0.769   0.068   0.471 137.639  40.694 132.246
9013  38.317 -67.134 1  6  6 2900.2   2.516  34.912 279.712   2.286  34.912 279.399   1.519   0.764   0.066   0.477 136.168  40.784 133.393
9013  38.317 -67.134 1  5  5 3051.3   2.411  34.905 280.114   2.168  34.906 281.141   1.574   0.808   0.084   0.512 143.169  40.355 127.961
9013  38.317 -67.134 1  4  4 3349.9   2.262  34.896 278.774   1.992  34.896 280.694   1.489   0.747   0.077   0.479 131.263  41.088 137.285
9013  38.317 -67.134 1  3  3 3499.4   2.220  34.892 279.087   1.934  34.894 279.265   1.555   0.782   0.089   0.496 137.090  40.728 132.674
9013  38.317 -67.134 1  2  2 3649.9   2.189  34.889 277.434   1.888  34.888 278.015   1.477   0.754   0.086   0.509 131.950  41.043 136.707
9013  38.317 -67.134 1  1  1 3846.5   2.144  34.881 270.914   1.823  34.880 275.201   1.041   0.530   0.059   0.388  92.512  43.863 176.126
9014  38.092 -67.333 1 23 23    9.9  26.677  35.153 212.810  26.674  35.191 214.194   1.795   1.134   0.137   1.385  -9.000  -9.000  -9.000
9014  38.092 -67.333 1 22 22  100.4  13.787  35.715 168.372  13.773  35.714 177.304   2.333   1.360   0.092   1.319 429.018  24.801  23.539
9014  38.092 -67.333 1 21 21  300.7   8.471  35.142 150.418   8.439  35.139 150.686   1.193   0.639   0.026   0.650 155.836  39.617 118.760
9014  38.092 -67.333 1 20 20  500.1   5.727  35.048 230.183   5.684  35.046 224.913   2.190   1.156   0.095   0.808 245.021  35.190  72.749
9014  38.092 -67.333 1 19 19  700.2   4.779  35.005 252.379   4.723  35.003 251.888   2.590   1.342   0.126   0.879 270.522  33.831  63.185
9014  38.092 -67.333 1 18 18  900.4   4.404  34.994 263.143   4.333  34.994 262.339   2.454   1.274   0.126   0.792 251.724  34.843  70.112
9014  38.092 -67.333 1 17 17 1100.9   4.089  34.971 268.413   4.004  34.970 268.502   2.469   1.253   0.127   0.726 243.389  35.272  73.395
9014  38.092 -67.333 1 16 16 1250.6   3.938  34.966 270.914   3.840  34.966 270.735   2.213   1.119   0.106   0.651 215.596  36.635  85.331
9014  38.092 -67.333 1 15 15 1400.4   3.808  34.962 272.209   3.699  34.961 272.030   2.054   1.038   0.094   0.551 198.590  37.438  93.396
9014  38.092 -67.333 1 14 14 1600.2   3.622  34.953 273.861   3.497  34.952 275.335   1.805   0.917   0.067   0.449 173.671  38.654 107.089
9014  38.092 -67.333 1 13 13 1799.8   3.465  34.949 274.754   3.324  34.951 275.112   1.829   0.937   0.068   0.425 175.955  38.537 105.715
9014  38.092 -67.333 1 12 12 2000.3   3.328  34.947 274.040   3.170  34.945 275.916   1.420   0.716   0.044   0.374 133.455  40.951 135.519
9014  38.092 -67.333 1 11 11 2249.8   3.166  34.944 273.951   2.987  34.944 274.576   1.163   0.596   0.034   0.279 110.112  42.514 156.367
9014  38.092 -67.333 1 10 10 2500.3   2.920  34.931 274.978   2.721  34.930 276.005   1.285   0.653   0.046   0.354 119.018  41.889 147.795
9014  38.092 -67.333 1  9  9 2699.8   2.752  34.923 277.925   2.537  34.922 279.042   1.397   0.720   0.059   0.421 130.017  41.170 138.336
9014  38.092 -67.333 1  8  8 2900.4   2.566  34.914 279.399   2.335  34.913 280.560   1.379   0.707   0.057   0.388 126.359  41.409 141.443
9014  38.092 -67.333 1  7  7 3100.4   2.432  34.907 279.623   2.183  34.906 279.176  -9.000  -9.000   0.073   0.441  -9.000  -9.000  -9.000
9014  38.092 -67.333 1  6  6 3299.9   2.328  34.900 279.757   2.061  34.901 281.096   1.475  -9.000   0.076   0.463  -9.000  -9.000  -9.000
9014  38.092 -67.333 1  5  5 3450.2   2.277  34.896 279.712   1.996  34.896 280.918  -9.000  -9.000  -9.000   0.480  -9.000  -9.000  -9.000
9014  38.092 -67.333 1  4  4 3599.8   2.241  34.893 279.355   1.945  34.893 280.337   1.525   0.796   0.077   0.502 139.707  40.567 130.639
9014  38.092 -67.333 1  3  3 3749.5   2.217  34.890 278.685   1.904  34.890 279.399   1.466   0.753   0.076   0.494 131.981  41.041 136.680
9014  38.092 -67.333 1  2  2 3900.2   2.194  34.887 276.362   1.866  34.885 277.166   1.277   0.678   0.066   0.418 118.680  41.911 148.092
9014  38.092 -67.333 1  1  1 4129.6   2.170  34.881 270.601   1.816  34.880 272.298   0.973   0.520   0.052   0.377  90.897  43.992 178.093
9015  37.859 -67.496 1 23 23   11.4  26.730  35.146 213.748  26.728  35.149 217.052   1.679   1.028   0.122   1.222 545.895  11.043  -9.673
9015  37.859 -67.496 1 22 22  201.8  10.145  35.294 140.057  10.122  35.298 137.422   1.310   0.746   0.019   0.626 197.733  37.478  93.820
9015  37.859 -67.496 1 21 21  400.4   6.246  35.064 195.526   6.210  35.062 206.914   1.781   0.962   0.066   0.676 209.487  36.926  88.163
9015  37.859 -67.496 1 20 20  599.8   4.934  35.006 243.402   4.885  35.003 247.467   2.582   1.382   0.122   0.915 280.878  33.232  59.501
9015  37.859 -67.496 1 19 19  800.6   4.560  34.999 259.034   4.496  34.998 258.766   2.586   1.367   0.139   0.848 272.364  33.724  62.511
9015  37.859 -67.496 1 18 18 1001.0   4.214  34.978 265.956   4.136  34.975 266.135   2.565   1.363   0.136   0.765 266.552  34.058  64.658
9015  37.859 -67.496 1 17 17 1150.6   4.021  34.971 269.216   3.932  34.970 269.395   2.360   1.228   0.121   0.640 237.664  35.559  75.728
9015  37.859 -67.496 1 16 16 1301.1   3.889  34.966 271.450   3.788  34.965 271.271   2.208   1.132   0.112   0.543 217.529  36.543  84.457
9015  37.859 -67.496 1 15 15 1448.9   3.693  34.954 273.549   3.581  34.953 274.219   1.996   1.020   0.087   0.514 193.923  37.656  95.730
9015  37.859 -67.496 1 14 14 1600.2   3.566  34.951 274.799   3.442  34.949 274.844   1.793   0.920   0.074   0.431 173.713  38.652 107.063
9015  37.859 -67.496 1 13 13 1749.6   3.466  34.951 274.620   3.329  34.950 274.888   1.586   0.811   0.060   0.370 152.304  39.815 121.218
9015  37.859 -67.496 1 12 12 1901.2   3.363  34.950 274.442   3.214  34.947 275.469   1.376   0.712   0.058   0.337 132.965  40.981 135.904
9015  37.859 -67.496 1 11 11 2100.3   3.228  34.949 273.281   3.063  34.946 273.281   1.115   0.573   0.040   0.264 106.225  42.794 160.326
9015  37.859 -67.496 1 10 10 2350.1   3.020  34.940 272.611   2.835  34.938 274.129   1.049   0.544   0.043   0.299  99.703  43.288 167.511
9015  37.859 -67.496 1  9  9 2600.8   2.836  34.931 274.263   2.629  34.929 274.442   1.016   0.526   0.039   0.320  95.432  43.630 172.597
9015  37.859 -67.496 1  8  8 2851.6   2.589  34.917 276.139   2.363  34.915 277.523   1.078   0.562   0.040   0.319 100.575  43.218 166.483
9015  37.859 -67.496 1  7  7 3100.0   2.428  34.908 276.854   2.179  34.906 278.015   1.095   0.562   0.052   0.307  99.678  43.290 167.539
9015  37.859 -67.496 1  6  6 3349.6   2.309  34.899 277.166   2.038  34.948 273.638   1.184   0.608   0.041   0.314 107.120  42.729 159.408
9015  37.859 -67.496 1  5  5 3549.6   2.260  34.895 280.114   1.968  34.891 278.506   1.265   0.648   0.069   0.422 113.854  42.245 152.631
9015  37.859 -67.496 1  4  4 3749.6   2.219  34.890 274.754   1.907  34.887 275.826   1.047   0.545   0.061   0.352  95.534  43.621 172.475
9015  37.859 -67.496 1  3  3 3949.9   2.199  34.886 273.772   1.865  34.883 273.995   0.955   0.504   0.054   0.326  88.246  44.225 181.666
9015  37.859 -67.496 1  2  2 4148.6   2.197  34.884 273.236   1.840  34.882 273.593   0.983   0.517   0.053   0.361  90.510  44.023 178.565
9015  37.859 -67.496 1  1  1 4422.3   2.194  34.879 269.484   1.805  34.878 269.261  -9.000  -9.000  -9.000  -9.000  -9.000  -9.000  -9.000
9016  37.622 -67.627 1 23 23    4.2  26.339  35.008 214.417  26.338  35.006 213.792   1.781   1.164   0.141   1.407  -9.000  -9.000  -9.000
9016  37.622 -67.627 1 22 22  104.8  14.236  35.766 166.318  14.220  35.759 169.667   2.299   1.334   0.074   1.305 429.634  24.769  23.416
9016  37.622 -67.627 1 21 21  244.1  10.339  35.309 134.787  10.309  35.324 136.841   1.352   0.765   0.021   0.726 204.696  37.152  90.434
9016  37.622 -67.627 1 20 20  512.6   5.738  35.046 222.412   5.694  35.047 220.536   2.107   1.125   0.082   0.765 238.582  35.513  75.347
9016  37.622 -67.627 1 19 19  759.2   4.716  35.004 254.523   4.655  35.004 253.853   2.620   1.376   0.121   0.895 276.454  33.488  61.044
9016  37.622 -67.627 1 18 18 1012.7   4.207  34.978 265.644   4.128  34.978 265.956   2.543   1.323   0.124   0.795 258.635  34.477  67.490
9016  37.622 -67.627 1 17 17 1208.8   4.005  34.973 268.815   3.911  34.972 269.618   2.395   1.219   0.118   0.617 235.727  35.657  76.540
9016  37.622 -67.627 1 16 16 1359.2   3.789  34.961 271.896   3.684  34.965 272.030   2.112   1.069   0.102   0.554 204.310  37.170  90.619
9016  37.622 -67.627 1 15 15 1509.3   3.645  34.954 273.593   3.528  34.953 274.040   1.970   0.994   0.087   0.472 188.493  37.910  98.522
9016  37.622 -67.627 1 14 14 1656.4   3.549  34.954 274.040   3.420  34.953 274.487   1.696   0.855   0.076   0.413 161.295  39.310 114.989
9016  37.622 -67.627 1 13 13 1857.0   3.424  34.957 274.576   3.278  34.952 273.906   1.379   0.700   0.053   0.354 131.169  41.094 137.364
9016  37.622 -67.627 1 12 12 2105.1   3.228  34.950 273.057   3.062  34.952 273.549   1.148   0.585   0.046  -9.000 108.451  42.634 158.050
9016  37.622 -67.627 1 11 11 2405.3   2.967  34.939 272.789   2.777  34.937 275.692   1.026   0.519   0.037  -9.000  94.847  43.676 173.300
9016  37.622 -67.627 1 10 10 2603.9   2.795  34.929 273.906   2.589  34.927 276.139   1.066   0.545   0.046   0.334  98.654  43.372 168.751
9016  37.622 -67.627 1  9  9 2901.9   2.530  34.915 276.943   2.300  34.921 277.747   1.009   0.523   0.049   0.310  93.290  43.801 175.182
9016  37.622 -67.627 1  8  8 3151.5   2.382  34.905 276.764   2.129  34.908 278.595   1.132   0.580   0.059   0.349 102.606  43.056 164.107
9016  37.622 -67.627 1  7  7 3349.4   2.299  34.899 277.613   2.027  34.900 277.747   1.065   0.557   0.062   0.338  98.082  43.417 169.430
9016  37.622 -67.627 1  6  6 3549.7   2.250  34.894 275.871   1.959  34.892 277.166   1.053   0.548   0.063   0.354  96.229  43.566 171.642
9016  37.622 -67.627 1  5  5 3749.7   2.221  34.890 274.933   1.908  34.894 277.077   1.043   0.543   0.063   0.346  95.194  43.649 172.884
9016  37.622 -67.627 1  4  4 3948.1   2.212  34.887 273.549   1.877  34.887 274.487   0.914   0.500   0.055   0.336  87.610  44.282 182.550
9016  37.622 -67.627 1  3  3 4147.6   2.203  34.884 272.477   1.846  34.884 272.789   0.862   0.458   0.053   0.291  80.208  44.949 192.988
9016  37.622 -67.627 1  2  2 4398.7   2.205  34.881 271.182   1.819  34.880 270.824   0.766   0.415   0.050   0.282  72.683  45.698 204.993
9016  37.622 -67.627 1  1  1 4670.3   2.210  34.877 268.770   1.792  34.874 267.251   0.666   0.360   0.041   0.252  63.066  46.740 222.136
9017  37.383 -67.797 1 23 23    6.1  26.868  35.198 212.006  26.867  35.289 132.197   1.264   0.704   0.019   0.670 375.926  27.625  34.438
9017  37.383 -67.797 1 22 22  280.3  10.327  35.286 135.100  10.293  35.125 161.717   1.308   0.684   0.033   0.538 182.877  38.184 101.622
9017  37.383 -67.797 1 21 21  401.9   7.948  35.121 169.265   7.907  35.036 231.880   2.228  -9.000   0.080   0.752  -9.000  -9.000  -9.000
9017  37.383 -67.797 1 20 20  603.0   5.436  35.036 236.033   5.385  35.000 256.309   2.648  -9.000   0.124   0.864  -9.000  -9.000  -9.000
9017  37.383 -67.797 1 19 19  852.9   4.635  35.001 256.667   4.567  34.981 265.956   2.521  -9.000   0.117   0.723  -9.000  -9.000  -9.000
9017  37.383 -67.797 1 18 18 1102.5   4.219  34.981 265.465   4.132  34.973 268.636   2.337   1.137   0.095   0.646 222.421  36.310  82.286
9017  37.383 -67.797 1 17 17 1301.9   4.014  34.973 269.931   3.911  34.966 271.271   2.185   1.064   0.065   0.535 205.854  37.098  89.885
9017  37.383 -67.797 1 16 16 1451.9   3.864  34.966 271.494   3.750  34.953 273.459   2.003   0.984   0.091   0.518 188.834  37.894  98.344
9017  37.383 -67.797 1 15 15 1602.4   3.700  34.955 273.593   3.574  34.951 274.799   1.756   0.865   0.068   0.437 164.518  39.129 112.784
9017  37.383 -67.797 1 14 14 1801.2   3.555  34.950 274.888   3.412  34.950 275.022   1.581   0.792   0.056   0.395 149.453  39.975 123.212
9017  37.383 -67.797 1 13 13 2001.6   3.420  34.949 274.308   3.261  34.948 273.638   1.219   0.622   0.045   0.346 116.517  42.053 150.017
9017  37.383 -67.797 1 12 12 2228.8   3.262  34.949 273.236   3.084  34.939 275.112   1.062   0.564   0.039   0.310 104.751  42.900 161.850
9017  37.383 -67.797 1 11 11 2501.1   3.044  34.939 275.335   2.843  34.926 277.166   1.165   0.608   0.051   0.382 111.578  42.409 154.895
9017  37.383 -67.797 1 10 10 2751.1   2.822  34.927 276.675   2.601  34.927 277.479   1.211   0.631   0.025   0.263 114.389  42.206 152.103
9017  37.383 -67.797 1  9  9 3004.0   2.619  34.919 276.050   2.377  34.918 276.854   0.947   0.484   0.038   0.295  86.761  44.359 183.735
9017  37.383 -67.797 1  8  8 3201.0   2.478  34.910 276.586   2.218  34.909 277.970   0.984   0.514   0.049   0.344  91.417  43.951 177.458
9017  37.383 -67.797 1  7  7 3403.6   2.368  34.902 278.193   2.089  34.901 278.908   1.224   0.635   0.060   0.359 112.245  42.361 154.229
9017  37.383 -67.797 1  6  6 3603.1   2.306  34.897 277.255   2.008  34.897 277.925   1.165   0.566   0.057   0.293  99.701  43.288 167.512
9017  37.383 -67.797 1  5  5 3804.1   2.266  34.893 276.050   1.947  34.892 277.434   1.134  -9.000   0.054   0.343  -9.000  -9.000  -9.000
9017  37.383 -67.797 1  4  4 4005.3   2.240  34.889 274.799   1.898  34.888 275.871   1.118   0.560   0.058   0.321  98.277  43.402 169.198
9017  37.383 -67.797 1  3  3 4253.5   2.227  34.885 273.281   1.858  34.885 273.951   1.035   0.498   0.052   0.312  87.330  44.308 182.941
9017  37.383 -67.797 1  2  2 4503.1   2.229  34.882 272.343   1.830  34.880 272.209   0.915   0.448   0.042   0.249  78.569  45.104 195.443
9017  37.383 -67.797 1  1  1 4834.2   2.238  34.878 269.529   1.798  34.879 267.877   0.756   0.387   0.039   0.221  67.900  46.197 213.137
9018  37.138 -67.943 1 23 23    3.5  26.400  34.927 213.390  26.399  34.926 214.641   1.860   1.124   0.134   1.321  -9.000  -9.000  -9.000
9018  37.138 -67.943 1 22 22  107.8  15.340  35.980 158.815  15.323  36.034 160.154   1.496   0.772   0.024   0.636 261.686  34.316  66.378
9018  37.138 -67.943 1 21 21  308.1  10.221  35.292 132.911  10.184  35.316 141.039   2.025   1.013   0.074   0.686 269.480  33.891  63.570
9018  37.138 -67.943 1 20 20  555.1   6.095  35.056 215.087   6.046  35.058 210.621   2.645   1.302   0.111   0.779 281.297  33.208  59.357
9018  37.138 -67.943 1 19 19  803.4   4.905  35.026 249.342   4.839  35.025 250.146   2.739   1.346   0.131   0.755 273.199  33.676  62.208
9018  37.138 -67.943 1 18 18 1049.4   4.384  34.993 263.098   4.301  34.997 263.053   2.801   1.372   0.138   0.781 270.799  33.815  63.083
9018  37.138 -67.943 1 17 17 1307.4   4.046  34.976 269.038   3.943  34.977 268.636   2.442   1.184   0.118   0.638 229.468  35.971  79.242
9018  37.138 -67.943 1 16 16 1652.3   3.722  34.960 273.147   3.592  34.960 272.923   2.093   0.997   0.087   0.450 189.862  37.846  97.811
9018  37.138 -67.943 1 15 15 1855.8   3.539  34.951 274.665   3.391  34.951 274.353   1.837   0.877   0.065   0.363 165.351  39.082 112.218
9018  37.138 -67.943 1 14 14 2049.3   3.436  34.952 274.710   3.272  34.951 275.067   1.561   0.758   0.059   0.300 142.123  40.419 128.767
9018  37.138 -67.943 1 13 13 2252.6   3.306  34.953 272.521   3.125  34.952 273.370   1.232   0.603   0.045   0.246 112.265  42.359 154.209
9018  37.138 -67.943 1 12 12 2552.5   3.105  34.945 272.387   2.898  34.943 273.727   1.017   0.502   0.035   0.197  92.438  43.869 176.215
9018  37.138 -67.943 1 11 11 2849.5   2.862  34.931 275.201   2.630  34.931 279.533   1.120   0.551   0.048   0.267 100.108  43.255 167.032
9018  37.138 -67.943 1 10 10 3099.8   2.661  34.920 277.032   2.407  34.920 277.523   1.120   0.551   0.048   0.275  98.999  43.344 168.342
9018  37.138 -67.943 1  9  9 3300.5   2.530  34.913 276.764   2.258  34.912 276.720   0.959   0.474   0.043   0.248  84.548  44.558 186.838
9018  37.138 -67.943 1  8  8 3499.3   2.428  34.906 276.943   2.137  34.906 278.015   1.008   0.496   0.044   0.262  87.970  44.250 182.049
9018  37.138 -67.943 1  7  7 3692.1   2.349  34.900 277.077   2.040  34.900 277.791   1.035   0.514   0.045   0.265  90.760  44.003 178.261
9018  37.138 -67.943 1  6  6 3900.4   2.300  34.895 276.943   1.969  34.915 276.943   0.937   0.470   0.039   0.246  82.762  44.719 189.358
9018  37.138 -67.943 1  5  5 4151.1   2.257  34.889 275.871   1.898  34.888 276.496   1.189   0.593   0.054   0.285 104.166  42.942 162.457
9018  37.138 -67.943 1  4  4 4400.7   2.245  34.885 273.817   1.858  34.886 273.013   0.872   0.439   0.049   0.235  77.060  45.256 197.874
9018  37.138 -67.943 1  3  3 4653.4   2.243  34.882 272.521   1.826  34.882 271.226   0.826   0.424   0.044   0.214  74.417  45.523 202.161
9018  37.138 -67.943 1  2  2 4988.7   2.242  34.877 268.993   1.783  34.878 267.430   0.660   0.344   0.035   0.171  60.369  47.044 227.224
9018  37.138 -67.943 1  1  1 4987.0   2.242  34.876 269.127   1.783  34.881 267.653   0.655   0.342   0.035   0.151  60.018  47.088 227.972
9019  36.895 -66.090 1 23 23    5.3  26.705  33.342 212.944  26.703  33.184 220.849   1.810   1.141   0.146   1.339  -9.000  -9.000  -9.000
9019  36.895 -66.090 1 22 22  359.6   9.599  35.232 134.832   9.558  35.234 137.199   1.206   0.668   0.023   0.620 172.336  38.722 107.896
9019  36.895 -66.090 1 21 21  601.3   6.128  35.058 215.847   6.074  35.058 209.907   1.915   0.997   0.072   0.656 215.775  36.627  85.250
9019  36.895 -66.090 1 20 20  853.0   4.846  35.009 252.513   4.776  35.007 250.191   2.498   1.298   0.125   0.834 262.594  34.268  66.053
9019  36.895 -66.090 1 19 19  853.0   4.846  35.009 252.513   4.776  35.008 250.102   2.494   1.313   0.126   0.855 265.628  34.107  64.979
9019  36.895 -66.090 1 18 18 1103.0   4.352  34.983 264.259   4.264  34.982 266.805   2.592   1.333   0.121   0.807 262.622  34.266  66.042
9019  36.895 -66.090 1 17 17 1252.5   4.171  34.977 267.385   4.071  34.979 266.492   2.458   1.257   0.120   0.753 245.253  35.178  72.657
9019  36.895 -66.090 1 16 16 1403.1   4.047  34.976 269.663   3.935  34.975 268.904   2.260   1.120   0.100   0.596 217.078  36.565  84.660
9019  36.895 -66.090 1 15 15 1553.7   3.908  34.968 271.584   3.783  34.967 272.075   2.193   1.099   0.100   0.556 211.404  36.835  87.263
9019  36.895 -66.090 1 14 14 1703.7   3.755  34.962 272.923   3.619  34.961 272.521   1.961   0.984   0.089   0.463 187.724  37.945  98.923
9019  36.895 -66.090 1 13 13 1905.8   3.560  34.953 274.531   3.408  34.954 274.754   1.769   0.886   0.084   0.397 167.242  38.982 111.006
9019  36.895 -66.090 1 12 12 2104.3   3.412  34.950 274.665   3.243  34.951 274.888   1.477   0.746   0.062   0.368 139.686  40.568 130.654
9019  36.895 -66.090 1 11 11 2355.6   3.232  34.946 273.638   3.042  34.946 274.308   1.248   0.624   0.049   0.332 115.702  42.112 150.813
9019  36.895 -66.090 1 10 10 2653.6   2.991  34.938 272.879   2.776  34.936 274.710   1.051   0.541   0.034   0.300  98.995  43.344 168.346
9019  36.895 -66.090 1  9  9 2951.9   2.776  34.927 275.558   2.536  34.927 276.943   0.986   0.508   0.044   0.282  91.859  43.915 176.919
9019  36.895 -66.090 1  8  8 3102.7   2.662  34.921 276.586   2.408  34.921 276.452   1.027   0.529   0.041   0.305  95.054  43.660 173.052
9019  36.895 -66.090 1  7  7 3351.3   2.504  34.911 277.077   2.228  34.908 277.836   1.048   0.539   0.048   0.335  96.003  43.584 171.913
9019  36.895 -66.090 1  6  6 3549.1   2.407  34.905 276.988   2.111  35.020 246.261  -9.000  -9.000  -9.000  -9.000  -9.000  -9.000  -9.000
9019  36.895 -66.090 1  5  5 3750.4   2.327  34.898 276.586   2.011  34.897 277.255   1.050   0.550   0.058   0.348  96.996  43.504 170.724
9019  36.895 -66.090 1  4  4 4000.2   2.276  34.892 274.978   1.934  34.890 276.675   1.129   0.587   0.065   0.354 103.223  43.010 163.440
9019  36.895 -66.090 1  3  3 4298.3   2.250  34.887 274.040   1.874  34.886 274.933   1.047   0.545   0.059   0.335  95.695  43.608 172.280
9019  36.895 -66.090 1  2  2 4645.3   2.248  34.882 272.477   1.831  34.882 272.209   0.846   0.448   0.048   0.292  78.651  45.095 195.309
9019  36.895 -66.090 1  1  1 5015.1   2.257  34.878 269.529   1.794  34.876 268.859   0.678   0.348   0.034   0.234  61.122  46.959 225.793
9020  36.621 -66.208 1 23 23    4.9  28.993  36.081 194.677  28.991  36.083 213.971   1.501   1.019   0.118   1.267  -9.000  -9.000  -9.000
9020  36.621 -66.208 1 22 22  104.9  25.035  36.654 187.219  25.012  36.599 187.308   1.798   1.172   0.091   1.319  -9.000  -9.000  -9.000
9020  36.621 -66.208 1 21 21  298.3  18.154  36.482 143.630  18.102  36.487 163.325   2.233   1.349   0.009   1.194 518.627  18.713   8.923
9020  36.621 -66.208 1 20 20  550.1  11.421  35.470 135.367  11.350  35.471 151.981   1.661   0.934   0.023   0.824 263.526  34.219  65.720
9020  36.621 -66.208 1 19 19  804.1   6.054  35.052 219.375   5.981  35.053 212.676   1.985   1.078   0.078   0.769 232.399  35.824  77.962
9020  36.621 -66.208 1 18 18 1057.0   4.847  35.019 256.220   4.759  35.033 250.102   2.390   1.265   0.117   0.794 255.956  34.619  68.488
9020  36.621 -66.208 1 17 17 1255.2   4.361  34.984 263.589   4.260  34.986 263.232   2.623   1.373   0.137   0.888 270.639  33.824  63.141
9020  36.621 -66.208 1 16 16 1405.5   4.180  34.977 267.251   4.067  34.976 266.626  -9.000   1.115   0.122   0.708 217.655  36.537  84.399
9020  36.621 -66.208 1 15 15 1557.7   3.978  34.966 269.886   3.853  34.969 269.931  -9.000   1.094   0.120   0.641 211.234  36.843  87.344
9020  36.621 -66.208 1 14 14 1719.9   3.836  34.960 271.807   3.698  34.961 271.986  -9.000   0.989   0.104   0.523 189.499  37.863  97.999
9020  36.621 -66.208 1 13 13 2009.9   3.618  34.952 274.576   3.456  34.952 275.112   1.935   0.983   0.091   0.459 186.132  38.020  99.759
9020  36.621 -66.208 1 12 12 2258.1   3.437  34.950 274.576   3.253  34.953 274.710   1.553   0.793   0.062   0.391 148.689  40.018 123.746
9020  36.621 -66.208 1 11 11 2560.5   3.200  34.942 274.040   2.991  34.942 275.112   1.302   0.661   0.049   0.334 122.345  41.671 144.896
9020  36.621 -66.208 1 10 10 2862.1   2.961  34.933 274.487   2.725  34.932 275.916   1.214   0.626   0.045   0.332 114.355  42.209 152.137
9020  36.621 -66.208 1  9  9 3117.9   2.727  34.922 274.844   2.470  34.923 277.970   1.284   0.666   0.053   0.356 120.098  41.818 146.849
9020  36.621 -66.208 1  8  8 3317.1   2.517  34.911 276.764   2.244  34.912 278.372   1.276   0.659   0.053   0.374 117.460  41.990 149.166
9020  36.621 -66.208 1  7  7 3519.1   2.410  34.904 277.523   2.118  34.906 278.863   1.104   0.565   0.047   0.355 100.106  43.255 167.034
9020  36.621 -66.208 1  6  6 3714.0   2.347  34.900 277.211   2.035  34.944 274.754  -9.000  -9.000  -9.000  -9.000  -9.000  -9.000  -9.000
9020  36.621 -66.208 1  5  5 3960.2   2.265  34.892 276.273   1.928  34.900 277.077   1.048   0.538   0.056   0.309  94.549  43.700 173.659
9020  36.621 -66.208 1  4  4 4202.4   2.240  34.887 274.308   1.876  34.888 274.085   0.944   0.493   0.056   0.295  86.517  44.381 184.076
9020  36.621 -66.208 1  3  3 4450.3   2.237  34.884 272.789   1.844  34.886 272.209   0.824   0.437   0.053   0.349  76.674  45.295 198.497
9020  36.621 -66.208 1  2  2 4595.6   2.241  34.883 272.432   1.831  34.884 271.941   0.835   0.427   0.060   0.357  74.935  45.471 201.318
9020  36.621 -66.208 1  1  1 4772.7   2.253  34.881 271.896   1.820  34.888 261.222   0.767   0.394   0.052   0.387  69.189  46.053 210.764
9021  36.200 -66.543 1 23 23    3.0  28.619  36.032 193.203  28.618  36.736 212.497   2.237   1.392   0.125   1.217  -9.000  -9.000  -9.000
9021  36.200 -66.543 1 22 22  201.8  19.892  36.721 199.903  19.855  36.583 211.202   2.415   1.477   0.078   1.368  -9.000  -9.000  -9.000
9021  36.200 -66.543 1 21 21  402.4  18.193  36.586 212.899  18.123  36.583 212.006   2.383   1.457   0.074   1.388  -9.000  -9.000  -9.000
9021  36.200 -66.543 1 20 20  602.3  17.186  36.405 193.963  17.084  36.408 200.707   2.439   1.457   0.047   1.152 537.253  15.134  -9.443
9021  36.200 -66.543 1 19 19  930.3   9.814  35.260 131.929   9.703  35.266 145.907   1.349   0.737   0.026   0.731 192.185  37.737  96.615
9021  36.200 -66.543 1 18 18 1100.9   6.591  35.062 203.252   6.484  35.060 198.429   1.846   0.989   0.069   0.697 219.213  36.463  83.703
9021  36.200 -66.543 1 17 17 1251.0   5.118  35.026 243.134   5.010  35.030 241.750   2.336   1.233   0.111   0.742 253.089  34.771  69.581
9021  36.200 -66.543 1 16 16 1400.3   4.643  34.997 256.890   4.525  34.997 256.265   2.716   1.427   0.140   0.887 285.570  32.977  58.002
9021  36.200 -66.543 1 15 15 1550.9   4.399  34.987 262.785   4.269  34.987 262.562   2.688   1.377   0.136   0.825 271.987  33.746  62.648
9021  36.200 -66.543 1 14 14 1749.9   4.108  34.970 269.484   3.964  34.970 268.145   2.530   1.282   0.127   0.680 249.273  34.973  71.079
9021  36.200 -66.543 1 13 13 2000.9   3.844  34.959 271.405   3.678  34.960 272.164   2.221   1.111   0.107   0.562 212.960  36.761  86.541
9021  36.200 -66.543 1 12 12 2250.1   3.589  34.949 274.888   3.404  34.948 274.620   1.871   0.935   0.084   0.394 176.760  38.496 105.234
9021  36.200 -66.543 1 11 11 2501.0   3.403  34.949 274.442   3.196  34.948 285.786   1.493   0.746   0.062   0.362 139.618  40.573 130.708
9021  36.200 -66.543 1 10 10 2749.8   3.180  34.941 274.263   2.951  34.940 274.665   1.318   0.663   0.044   0.306 122.578  41.656 144.694
9021  36.200 -66.543 1  9  9 3000.3   2.967  34.937 273.951   2.717  34.936 273.683   0.985   0.491   0.036   0.233  89.728  44.092 179.612
9021  36.200 -66.543 1  8  8 3252.0   2.758  34.925 274.888   2.486  34.926 275.246   0.947   0.475   0.046   0.221  85.804  44.445 185.074
9021  36.200 -66.543 1  7  7 3499.7   2.574  34.914 276.452   2.280  34.914 276.854   0.982   0.499   0.045   0.222  89.224  44.137 180.309
9021  36.200 -66.543 1  6  6 3750.0   2.409  34.902 278.640   2.092  34.903 279.355   1.400   0.710   0.068   0.363 125.786  41.446 141.933
9021  36.200 -66.543 1  5  5 3998.8   2.330  34.896 276.050   1.987  34.897 275.960   1.021   0.513   0.059   0.230  90.484  44.025 178.597
9021  36.200 -66.543 1  4  4 4249.3   2.289  34.891 274.487   1.918  34.894 274.174   0.894   0.456   0.047   0.218  80.244  44.946 192.936
9021  36.200 -66.543 1  3  3 4494.3   2.266  34.886 272.968   1.867  34.885 272.968   0.864   0.443   0.046   0.174  77.854  45.176 196.593
9021  36.200 -66.543 1  2  2 4749.6   2.259  34.882 271.718   1.829  34.882 270.914   0.802   0.418   0.043   0.150  73.429  45.623 203.772
9021  36.200 -66.543 1  1  1 5071.9   2.251  34.876 267.787   1.781  34.876 268.055   0.587   0.312   0.034   0.116  54.780  47.751 239.261
9022  35.698 -66.811 1 23 23    5.5  27.104  36.111 198.429  27.103  36.634 199.545   1.926   1.202   0.100   1.205  -9.000  -9.000  -9.000
9022  35.698 -66.811 1 22 22  101.2  24.032  36.712 183.423  24.011  36.657 213.435   2.302   1.405   0.108   1.358  -9.000  -9.000  -9.000
9022  35.698 -66.811 1 21 21  305.1  18.760  36.653 209.147  18.706  36.629 216.204   2.323   1.421   0.097   1.343  -9.000  -9.000  -9.000
9022  35.698 -66.811 1 20 20  546.9  17.701  36.511 211.514  17.606  36.510 209.951   2.396   1.440   0.063   1.216 543.305  12.537 -10.026
9022  35.698 -66.811 1 19 19  920.7  10.152  35.279 137.958  10.040  35.278 139.253   1.305   0.718   0.017   0.551 190.347  37.823  97.560
9022  35.698 -66.811 1 18 18 1050.7   7.694  35.114 164.933   7.584  35.115 172.213   1.467   0.792   0.039   0.542 185.751  38.038  99.960
9022  35.698 -66.811 1 17 17 1249.3   5.520  35.044 231.076   5.407  35.044 232.550   2.291   1.207   0.100   0.689 253.070  34.772  69.589
9022  35.698 -66.811 1 16 16 1400.0   4.820  35.007 251.799   4.700  35.005 253.406   2.674   1.395   0.145   0.842 281.825  33.177  59.176
9022  35.698 -66.811 1 15 15 1551.0   4.446  34.989 262.294   4.316  34.991 262.517   2.663   1.374   0.143   0.733 272.081  33.741  62.614
9022  35.698 -66.811 1 14 14 1749.4   4.117  34.971 267.609   3.972  34.973 267.832   2.468   1.257   0.130   0.608 244.529  35.214  72.943
9022  35.698 -66.811 1 13 13 2000.0   3.861  34.964 272.075   3.696  34.964 271.762   2.048   1.038   0.097   0.464 199.160  37.411  93.115
9022  35.698 -66.811 1 12 12 2301.5   3.551  34.950 275.022   3.361  34.950 274.576   1.707   0.863   0.069   0.350 162.815  39.225 113.948
9022  35.698 -66.811 1 11 11 2599.6   3.331  34.953 272.611   3.115  34.953 271.986   1.128   0.582   0.045   0.260 108.504  42.630 157.995
9022  35.698 -66.811 1 10 10 2899.5   3.073  34.943 271.494   2.831  34.943 271.986   0.858   0.443   0.033   0.225  81.430  44.839 191.248
9022  35.698 -66.811 1  9  9 3248.2   2.754  34.926 274.353   2.483  34.925 274.978   0.822   0.426   0.034   0.173  76.938  45.269 198.071
9022  35.698 -66.811 1  8  8 3453.8   2.586  34.916 275.648   2.296  34.916 276.005   0.822   0.426   0.034   0.190  76.223  45.341 199.229
9022  35.698 -66.811 1  7  7 3658.0   2.479  34.908 276.184   2.170  34.910 276.675   0.884   0.460   0.044   0.221  81.817  44.804 190.699
9022  35.698 -66.811 1  6  6 3914.6   2.360  34.899 275.871   2.026  34.899 276.228   0.856   0.445   0.043   0.211  78.623  45.098 195.354
9022  35.698 -66.811 1  5  5 4172.0   2.309  34.893 274.844   1.947  34.899 277.345   0.870   0.450   0.045   0.216  79.278  45.033 194.316
9022  35.698 -66.811 1  4  4 4428.1   2.273  34.888 273.013   1.882  34.889 273.727   0.806   0.417   0.043   0.223  73.314  45.635 203.959
9022  35.698 -66.811 1  3  3 4677.5   2.261  34.883 271.852   1.840  34.883 271.896   0.718   0.379   0.042   0.214  66.585  46.345 215.573
9022  35.698 -66.811 1  2  2 4941.8   2.254  34.879 269.216   1.800  34.880 268.055   0.615   0.344   0.038   0.165  60.411  47.039 227.137
9022  35.698 -66.811 1  1  1 5191.3   2.233  34.872 265.554   1.749  36.101 214.462  -9.000  -9.000  -9.000  -9.000  -9.000  -9.000  -9.000
9023  35.228 -65.128 1 23 23    4.1  27.072  36.130 198.206  27.071  -9.000  -9.000  -9.000  -9.000  -9.000  -9.000  -9.000  -9.000  -9.000
9023  35.228 -65.128 1 22 22  205.2  19.001  36.661 206.557  18.964  36.659 206.602   2.163   1.347   0.075   1.272 537.412  15.091  -9.629
9023  35.228 -65.128 1 21 21  410.7  18.033  36.584 212.631  17.961  36.741 219.598   2.259   1.175   0.109   1.386 449.893  23.765  19.564
9023  35.228 -65.128 1 20 20  616.6  16.128  36.209 185.611  16.027  36.214 194.409   2.330   1.227   0.033   1.188 431.469  24.676  23.051
9023  35.228 -65.128 1 19 19  886.6  10.090  35.305 149.078   9.983  35.319 149.123   1.413   0.803   0.023   0.700 212.300  36.792  86.846
9023  35.228 -65.128 1 18 18 1119.0   6.145  35.067 212.765   6.040  35.068 212.676   1.906   1.046   0.075   0.700 226.602  36.111  80.483
9023  35.228 -65.128 1 17 17 1317.2   5.062  35.027 250.102   4.948  35.027 245.903   2.427   1.297   0.121   0.766 265.444  34.117  65.044
9023  35.228 -65.128 1 16 16 1520.0   4.499  34.998 262.428   4.371  35.000 260.954   2.463   1.315   0.138   0.768 261.155  34.344  66.569
9023  35.228 -65.128 1 15 15 1672.1   4.231  34.984 266.983   4.091  34.983 266.180   2.349   1.246   0.129   0.649 243.908  35.246  73.188
9023  35.228 -65.128 1 14 14 1876.1   3.968  34.971 269.663   3.813  34.972 269.618   2.062   1.060   0.102   0.500 204.568  37.158  90.495
9023  35.228 -65.128 1 13 13 2081.4   3.744  34.964 272.700   3.573  34.964 271.450   1.702   0.882   0.084   0.396 168.167  38.935 110.437
9023  35.228 -65.128 1 12 12 2335.1   3.494  34.954 273.861   3.302  34.953 273.549   1.439   0.742   0.063   0.309 139.563  40.576 130.750
9023  35.228 -65.128 1 11 11 2642.3   3.227  34.949 272.700   3.008  34.949 272.655   1.013   0.532   0.038   0.290  98.619  43.375 168.792
9023  35.228 -65.128 1 10 10 2946.8   2.959  34.937 273.459   2.715  34.935 273.057   0.936   0.485   0.036   0.228  88.592  44.194 181.186
9023  35.228 -65.128 1  9  9 3253.3   2.719  34.924 275.246   2.448  34.927 274.754   0.781   0.399   0.028   0.210  71.921  45.775 206.241
9023  35.228 -65.128 1  8  8 3460.4   2.559  34.914 276.452   2.270  34.913 275.469   0.812   0.421   0.032   0.186  75.216  45.443 200.862
9023  35.228 -65.128 1  7  7 3663.2   2.436  34.906 276.630   2.127  34.905 276.541   0.810   0.422   0.041   0.207  74.879  45.476 201.408
9023  35.228 -65.128 1  6  6 3918.5   2.340  34.898 276.318   2.006  34.898 275.603   0.791   0.413   0.041   0.252  72.888  45.678 204.657
9023  35.228 -65.128 1  5  5 4109.7   2.307  34.894 275.335   1.952  34.893 274.978   0.793   0.417   0.039   0.210  73.457  45.620 203.726
9023  35.228 -65.128 1  4  4 4359.2   2.275  34.889 274.308   1.892  34.889 274.174   0.751   0.397   0.047   0.227  69.807  45.989 209.722
9023  35.228 -65.128 1  3  3 4659.1   2.261  34.883 272.343   1.842  34.881 271.360   0.675   0.362   0.040   0.212  63.598  46.681 221.139
9023  35.228 -65.128 1  2  2 4957.7   2.243  34.877 269.976   1.787  34.877 268.145   0.530   0.288   0.033   0.169  50.545  48.332 249.301
9023  35.228 -65.128 1  1  1 5207.4   2.244  34.873 268.011   1.757  34.875 262.607   0.462   0.267   0.034   0.255  46.860  48.882 258.907
9024  34.740 -65.424 1 22 23  551.5  14.827  35.972 180.252  14.743  35.973 179.627   2.435   1.390   0.042   0.921 460.572  23.266  17.757
9024  34.740 -65.424 1 21 22  553.8  14.815  35.970 179.984  14.730  35.974 179.805   2.357   1.355   0.035   0.924 448.724  23.819  19.767
9024  34.740 -65.424 1 20 21  809.0   9.367  35.249 142.692   9.273  35.249 157.028  -9.000  -9.000  -9.000  -9.000  -9.000  -9.000  -9.000
9024  34.740 -65.424 1 19 20 1056.2   5.942  35.062 215.891   5.845  35.063 219.464   2.652   1.333   0.128   0.718 285.745  32.969  57.955
9024  34.740 -65.424 1 18 19 1261.6   4.922  35.019 251.039   4.814  35.020 249.834   2.652   1.329   0.138   0.710 269.974  33.862  63.387
9024  34.740 -65.424 1 17 18 1356.8   4.577  34.998 260.106   4.464  34.999 258.944   2.695   1.367   0.145   0.759 272.610  33.710  62.421
9024  34.740 -65.424 1 16 17 1420.0   4.468  34.993 263.098   4.350  34.993 261.222   2.686   1.361   0.131   0.677 269.830  33.871  63.441
9024  34.740 -65.424 1 15 16 1566.9   4.257  34.984 267.698   4.127  34.985 266.046   2.575   1.286   0.127   0.566 252.089  34.824  69.969
9024  34.740 -65.424 1 14 14 1753.0   4.003  34.967 271.494   3.859  34.962 272.655   1.918   0.715   0.081   0.378 138.240  40.657 131.778
9024  34.740 -65.424 1 13 13 2006.9   3.737  34.960 274.442   3.572  34.956 274.665   1.576   0.790   0.071   0.321 150.562  39.913 122.435
9024  34.740 -65.424 1 12 12 2288.1   3.532  34.955 275.246   3.344  34.950 273.325  -9.000  -9.000  -9.000  -9.000  -9.000  -9.000  -9.000
9024  34.740 -65.424 1 11 11 2602.0   3.276  34.948 273.325   3.061  34.944 272.521   0.952   0.476   0.037   0.205  88.473  44.205 181.350
9024  34.740 -65.424 1 10 10 2901.0   3.063  34.942 272.387   2.821  34.926 275.692   0.977   0.487   0.037   0.236  89.469  44.115 179.972
9024  34.740 -65.424 1  9  9 3213.0   2.741  34.924 275.246   2.473  34.915 277.032   1.031   0.512   0.043   0.241  92.402  43.872 176.260
9024  34.740 -65.424 1  8  8 3436.5   2.554  34.913 276.050   2.267  34.908 276.630   0.916   0.447   0.050   0.192  79.837  44.983 193.518
9024  34.740 -65.424 1  7  7 3650.4   2.453  34.907 275.826   2.145  34.902 276.005   0.862   0.440   0.048   0.285  78.146  45.146 196.122
9024  34.740 -65.424 1  6  6 3896.9   2.370  34.900 274.888   2.037  34.897 274.576   0.782   0.392   0.045   0.232  69.298  46.040 210.562
9024  34.740 -65.424 1  5  5 4140.6   2.311  34.894 273.549   1.952  34.890 273.593   0.780   0.389   0.043   0.256  68.540  46.125 211.959
9024  34.740 -65.424 1  4  4 4399.8   2.283  34.889 272.432   1.894  34.891 273.549   0.768   0.388   0.036   0.204  68.255  46.157 212.484
9024  34.740 -65.424 1  3  3 4647.0   2.270  34.885 271.182   1.852  34.886 271.226   0.742   0.381   0.044   0.181  66.972  46.302 214.856
9024  34.740 -65.424 1  2  2 4887.6   2.265  34.881 270.422   1.817  34.881 269.484   0.657   0.341   0.041   0.205  59.921  47.101 228.180
9024  34.740 -65.424 1  1  1 5248.0   2.228  34.871 267.117   1.736  34.870 265.286   0.389   0.210   0.028   0.183  36.822  50.676 290.344
9025  34.259 -65.706 1 24 24    4.0  26.722  36.634 202.672  26.721  -9.000  -9.000  -9.000  -9.000  -9.000  -9.000  -9.000  -9.000  -9.000
9025  34.259 -65.706 1 23 23    4.4  26.722  36.634 202.627  26.721  -9.000  -9.000  -9.000  -9.000  -9.000  -9.000  -9.000  -9.000  -9.000
9025  34.259 -65.706 1 22 22    5.0  26.721  36.634 202.582  26.720  -9.000  -9.000  -9.000  -9.000  -9.000  -9.000  -9.000  -9.000  -9.000
9025  34.259 -65.706 1 21 21    4.8  26.721  36.634 202.582  26.720  -9.000  -9.000  -9.000  -9.000  -9.000  -9.000  -9.000  -9.000  -9.000
9025  34.259 -65.706 1 20 20    4.7  26.722  36.634 202.627  26.720  -9.000  -9.000  -9.000  -9.000  -9.000  -9.000  -9.000  -9.000  -9.000
9025  34.259 -65.706 1 19 19    4.6  26.722  36.634 202.627  26.721  -9.000  -9.000  -9.000  -9.000  -9.000  -9.000  -9.000  -9.000  -9.000
9025  34.259 -65.706 1 18 18    4.4  26.722  36.634 202.627  26.721  -9.000  -9.000  -9.000  -9.000  -9.000  -9.000  -9.000  -9.000  -9.000
9025  34.259 -65.706 1 17 17    4.5  26.722  36.634 202.627  26.721  -9.000  -9.000  -9.000  -9.000  -9.000  -9.000  -9.000  -9.000  -9.000
9025  34.259 -65.706 1 16 16    4.6  26.722  36.634 202.627  26.721  -9.000  -9.000  -9.000  -9.000  -9.000  -9.000  -9.000  -9.000  -9.000
9025  34.259 -65.706 1 15 15    4.7  26.722  36.634 202.627  26.720  -9.000  -9.000  -9.000  -9.000  -9.000  -9.000  -9.000  -9.000  -9.000
9025  34.259 -65.706 1 14 14    4.9  26.721  36.634 202.582  26.720  -9.000  -9.000  -9.000  -9.000  -9.000  -9.000  -9.000  -9.000  -9.000
9025  34.259 -65.706 1 13 13    4.8  26.721  36.634 202.582  26.720  36.632 212.944  -9.000  -9.000  -9.000  -9.000  -9.000  -9.000  -9.000
9025  34.259 -65.706 1 12 12   74.7  19.358  36.658 222.367  19.344  36.646 221.251   2.217   1.359   0.108  -9.000  -9.000  -9.000  -9.000
9025  34.259 -65.706 1 11 11  150.4  18.403  36.617 213.033  18.376  36.615 214.998   2.271   1.392   0.093   1.162 541.480  13.550 -11.252
9025  34.259 -65.706 1 10 10  249.3  18.065  36.584 215.579  18.021  36.583 215.623   2.325   1.445   0.053  -9.000  -9.000  -9.000  -9.000
9025  34.259 -65.706 1  9  9  349.0  17.540  36.473 199.054  17.480  36.473 202.538   2.287   1.390   0.041   1.024 520.677  18.411   8.506
9025  34.259 -65.706 1  8  8  473.9  16.518  36.286 195.124  16.440  36.286 195.526   2.340   1.400   0.043  -9.000 501.063  20.635  10.675
9025  34.259 -65.706 1  7  7  597.8  14.251  35.883 177.438  14.162  35.888 178.510   2.231   1.293   0.024   0.860 417.194  25.380  25.830
9025  34.259 -65.706 1  6  6  723.6  11.404  35.460 151.356  11.310  35.466 151.044   1.685   0.960   0.027   0.644 270.624  33.825  63.147
9025  34.259 -65.706 1  5  5  849.4   8.732  35.196 160.422   8.637  35.193 160.735   1.281   0.697   0.025   0.404 172.281  38.725 107.929
9025  34.259 -65.706 1  4  4  949.8   6.887  35.091 192.534   6.794  35.094 192.534   1.593   0.862   0.051   0.495 194.033  37.651  95.675
9025  34.259 -65.706 1  3  3 1049.6   5.874  35.059 223.752   5.779  35.060 221.653   2.062   1.087   0.096   0.631 232.184  35.835  78.056
9025  34.259 -65.706 1  2  2 1151.3   5.277  35.042 240.499   5.176  35.043 240.232   2.319   1.232   0.103   0.664 255.043  34.667  68.833
9025  34.259 -65.706 1  1  1 1300.8   4.780  35.018 255.729   4.670  35.019 255.193   2.576   1.364   0.146   0.699 275.007  33.571  61.558
