1995jun
      1995.46
STN   LAT    LON CAST SAMP BTL CTDPRS CTDTMP CTDSAL CTDOXY   THETA   SALNTY  OXYGEN  CFC-11  CFC-12  CFC113  SF6  pCFC-12 CFC12age Mean Age
9005  39.853 -68.105 1 -9 12    5.0  15.808  34.304  -9.000  -9.000  34.299  -9.000   3.128   1.675   0.247  -9.000  -9.000  -9.000  -9.000
9005  39.853 -68.105 1 -9 11  101.0  13.823  35.698  -9.000  -9.000  35.697  -9.000   2.702   1.532   0.189  -9.000 483.985   5.933   4.675
9005  39.853 -68.105 1 -9 10  201.0  12.275  35.576  -9.000  -9.000  35.569  -9.000   1.318   0.951   0.000  -9.000 279.545  17.229  27.537
9005  39.853 -68.105 1 -9  9  301.0   9.216  35.230  -9.000  -9.000  35.225  -9.000   0.670   0.364   0.013  -9.000  92.168  27.811  94.283
9005  39.853 -68.105 1 -9  8  400.0   6.658  35.085  -9.000  -9.000  35.084  -9.000   0.832   0.443   0.030  -9.000  98.553  27.300  89.570
9005  39.853 -68.105 1 -9  7  501.0   5.417  35.038  -9.000  -9.000  35.036  -9.000   1.133   0.587   0.045  -9.000 122.408  25.587  74.858
9005  39.853 -68.105 1 -9  5  701.0   4.550  34.996  -9.000  -9.000  34.993  -9.000   1.325   0.721   0.058  -9.000 143.575  24.250  64.625
9005  39.853 -68.105 1 -9  4  801.0   4.429  34.990  -9.000  -9.000  34.987  -9.000   1.339   0.713   0.056  -9.000 141.060  24.404  65.748
9005  39.853 -68.105 1 -9  3  902.0   4.235  34.977  -9.000  -9.000  34.980  -9.000   1.352   0.696   0.057  -9.000 136.262  24.698  67.931
9005  39.853 -68.105 1 -9  2  999.0   4.125  34.971  -9.000  -9.000  34.976  -9.000   1.364   0.722   0.053  -9.000 140.516  24.438  65.993
9005  39.853 -68.105 1 -9  1 1098.0   4.055  34.967  -9.000  -9.000  34.966  -9.000   1.352   0.720   0.057  -9.000 139.596  24.494  66.409
9007  39.706 -68.203 1 -9 24    5.0  14.935  33.747  -9.000  -9.000  33.749  -9.000   3.433   1.822   0.272  -9.000  -9.000  -9.000  -9.000
9007  39.706 -68.203 1 -9 23  100.0  14.264  35.783  -9.000  -9.000  35.780  -9.000   2.226   1.199   0.123  -9.000 386.701  10.903  13.237
9007  39.706 -68.203 1 -9 22  200.0  12.504  35.594  -9.000  -9.000  35.585  -9.000   1.574   0.862   0.077  -9.000 256.132  18.530  31.975
9007  39.706 -68.203 1 -9 21  300.0   9.206  35.211  -9.000  -9.000  35.206  -9.000   0.622   0.327   0.024  -9.000  82.744  28.641 102.236
9007  39.706 -68.203 1 -9 19  496.0   5.971  35.057  -9.000  -9.000  35.056  -9.000   1.036   0.541   0.036  -9.000 116.139  26.000  78.255
9007  39.706 -68.203 1 -9 18  599.0   5.383  35.035  -9.000  -9.000  35.036  -9.000   1.171   0.589   0.041  -9.000 122.603  25.574  74.755
9007  39.706 -68.203 1 -9 17  699.0   4.929  35.016  -9.000  -9.000  35.015  -9.000   1.308   0.663   0.054  -9.000 134.727  24.793  68.640
9007  39.706 -68.203 1 -9 16  800.0   4.639  35.003  -9.000  -9.000  35.003  -9.000   1.351   0.664   0.054  -9.000 132.859  24.907  69.511
9007  39.706 -68.203 1 -9 15  900.0   4.366  34.985  -9.000  -9.000  34.986  -9.000   1.378   0.697   0.041  -9.000 137.428  24.627  67.396
9007  39.706 -68.203 1 -9 14  998.0   4.180  34.974  -9.000  -9.000  34.973  -9.000   1.413   0.708   0.062  -9.000 138.202  24.579  67.042
9007  39.706 -68.203 1 -9 13 1099.0   4.053  34.965  -9.000  -9.000  34.968  -9.000   1.424   0.714   0.054  -9.000 138.417  24.566  66.944
9007  39.706 -68.203 1 -9 12 1200.0   3.937  34.957  -9.000  -9.000  34.956  -9.000   1.410   0.689   0.057  -9.000 132.730  24.915  69.571
9007  39.706 -68.203 1 -9 11 1299.0   3.820  34.949  -9.000  -9.000  34.947  -9.000   1.439   0.705   0.054  -9.000 134.948  24.779  68.537
9007  39.706 -68.203 1 -9 10 1400.0   3.739  34.944  -9.000  -9.000  34.943  -9.000   1.454   0.701   0.068  -9.000 133.593  24.862  69.167
9007  39.706 -68.203 1 -9  9 1500.0   3.677  34.942  -9.000  -9.000  34.941  -9.000   1.379   0.691   0.057  -9.000 131.244  25.009  70.295
9007  39.706 -68.203 1 -9  8 1599.0   3.609  34.941  -9.000  -9.000  34.939  -9.000   1.319   0.659   0.050  -9.000 124.707  25.437  73.650
9007  39.706 -68.203 1 -9  7 1697.0   3.545  34.938  -9.000  -9.000  34.939  -9.000   1.248   0.611   0.064  -9.000 115.221  26.066  78.806
9007  39.706 -68.203 1 -9  6 1799.0   3.510  34.944  -9.000  -9.000  34.942  -9.000   1.128   0.558   0.050  -9.000 105.035  26.799  85.098
9007  39.706 -68.203 1 -9  5 1900.0   3.487  34.944  -9.000  -9.000  34.942  -9.000   1.055   0.516   0.045  -9.000  97.007  27.423  90.697
9007  39.706 -68.203 1 -9  4 2000.0   3.450  34.948  -9.000  -9.000  34.945  -9.000   0.881   0.445   0.043  -9.000  83.496  28.573 101.576
9007  39.706 -68.203 1 -9  2 2099.0   3.376  34.950  -9.000  -9.000  34.948  -9.000   0.763   0.376   0.033  -9.000  70.268  29.862 114.500
9007  39.706 -68.203 1 -9  1 2200.0   3.117  34.946  -9.000  -9.000  34.944  -9.000   0.646   0.322   0.022  -9.000  59.332  31.095 127.463
9009  39.344 -68.460 1 -9 23  101.0  14.549  35.824  -9.000  -9.000  35.827  -9.000   2.234   1.211   0.110  -9.000 395.744  10.393  12.293
9009  39.344 -68.460 1 -9 22  191.0  12.177  35.544  -9.000  -9.000  35.553  -9.000   1.412   0.746   0.059  -9.000 218.223  20.430  40.182
9009  39.344 -68.460 1 -9 21  303.0   8.949  35.177  -9.000  -9.000  35.177  -9.000   0.610   0.322   0.019  -9.000  80.431  28.849 104.285
9009  39.344 -68.460 1 -9 20  402.0   7.062  35.097  -9.000  -9.000  35.096  -9.000   0.722   0.354   0.020  -9.000  80.402  28.852 104.310
9009  39.344 -68.460 1 -9 19  507.0   5.557  35.042  -9.000  -9.000  35.042  -9.000   1.180   0.577   0.050  -9.000 121.211  25.665  75.493
9009  39.344 -68.460 1 -9 18  603.0   4.946  35.011  -9.000  -9.000  35.009  -9.000   1.515   0.732   0.070  -9.000 148.875  23.928  62.319
9009  39.344 -68.460 1 -9 17  701.0   4.733  35.015  -9.000  -9.000  35.015  -9.000   1.284   0.636   0.052  -9.000 127.907  25.227  71.992
9009  39.344 -68.460 1 -9 16  803.0   4.494  35.000  -9.000  -9.000  35.001  -9.000   1.326   0.639   0.054  -9.000 126.873  25.295  72.524
9009  39.344 -68.460 1 -9 15  900.0   4.298  34.985  -9.000  -9.000  34.985  -9.000   1.377   0.692   0.054  -9.000 135.949  24.718  68.075
9009  39.344 -68.460 1 -9 14  996.0   4.126  34.969  -9.000  -9.000  34.971  -9.000   1.433   0.707   0.059  -9.000 137.600  24.616  67.316
9009  39.344 -68.460 1 -9  8 1600.0   3.591  34.940  -9.000  -9.000  34.939  -9.000   1.340   0.662   0.062  -9.000 125.151  25.408  73.418
9009  39.344 -68.460 1 -9  7 1697.0   3.539  34.939  -9.000  -9.000  34.939  -9.000   1.252   0.632   0.059  -9.000 119.144  25.800  76.598
9009  39.344 -68.460 1 -9  6 1800.0   3.470  34.939  -9.000  -9.000  34.938  -9.000   1.185   0.584   0.056  -9.000 109.686  26.465  82.187
9009  39.344 -68.460 1 -9  5 1951.0   3.430  34.947  -9.000  -9.000  34.946  -9.000   0.903   0.450   0.039  -9.000  84.341  28.497 100.834
9009  39.344 -68.460 1 -9  3 2251.0   3.280  34.951  -9.000  -9.000  34.949  -9.000   0.603   0.307   0.012  -9.000  57.075  31.381 130.531
9009  39.344 -68.460 1 -9  1 2514.0   2.875  34.934  -9.000  -9.000  34.935  -9.000   0.643   0.323   0.019  -9.000  58.728  31.172 128.283
9010  39.092 -68.638 1 -9 24   10.0  17.806  35.616  -9.000  -9.000  35.614  -9.000   2.609   1.441   0.206  -9.000  -9.000  -9.000  -9.000
9010  39.092 -68.638 1 -9 22  201.0  10.776  35.378  -9.000  -9.000  35.380  -9.000   0.800   0.427   0.017  -9.000 116.749  25.957  77.892
9010  39.092 -68.638 1 -9 21  301.0   8.503  35.147  -9.000  -9.000  35.144  -9.000   0.597   0.307   0.019  -9.000  74.993  29.385 109.634
9010  39.092 -68.638 1 -9 20  401.0   6.887  35.090  -9.000  -9.000  35.092  -9.000   0.756   0.382   0.022  -9.000  85.986  28.349  99.400
9010  39.092 -68.638 1 -9 19  501.0   5.732  35.060  -9.000  -9.000  35.059  -9.000   0.985   0.484   0.029  -9.000 102.624  26.974  86.644
9010  39.092 -68.638 1 -9 18  600.0   5.023  35.029  -9.000  -9.000  35.029  -9.000   1.216   0.600   0.034  -9.000 122.548  25.578  74.784
9010  39.092 -68.638 1 -9 17  701.0   4.606  35.006  -9.000  -9.000  35.005  -9.000   1.336   0.664   0.042  -9.000 132.631  24.921  69.618
9010  39.092 -68.638 1 -9 16  801.0   4.365  34.989  -9.000  -9.000  34.991  -9.000   1.385   0.684   0.048  -9.000 134.862  24.784  68.578
9010  39.092 -68.638 1 -9 15  901.0   4.175  34.975  -9.000  -9.000  34.979  -9.000   1.334   0.660   0.054  -9.000 128.797  25.169  71.536
9010  39.092 -68.638 1 -9 14 1001.0   4.021  34.964  -9.000  -9.000  34.966  -9.000   1.398   0.701   0.052  -9.000 135.660  24.735  68.208
9010  39.092 -68.638 1 -9 13 1101.0   3.957  34.963  -9.000  -9.000  34.964  -9.000   1.234   0.602   0.047  -9.000 116.100  26.003  78.277
9010  39.092 -68.638 1 -9 12 1201.0   3.802  34.950  -9.000  -9.000  34.952  -9.000   1.290   0.632   0.049  -9.000 120.860  25.688  75.679
9010  39.092 -68.638 1 -9 11 1301.0   3.693  34.944  -9.000  -9.000  34.944  -9.000   1.287   0.642   0.061  -9.000 122.045  25.611  75.050
9010  39.092 -68.638 1 -9 10 1383.0   3.665  34.942  -9.000  -9.000  34.945  -9.000   1.357   0.677   0.059  -9.000 128.502  25.189  71.687
9010  39.092 -68.638 1 -9  9 1501.0   3.594  34.943  -9.000  -9.000  34.945  -9.000   1.282   0.628   0.045  -9.000 118.745  25.826  76.812
9010  39.092 -68.638 1 -9  8 1601.0   3.546  34.945  -9.000  -9.000  34.948  -9.000   1.163   0.573   0.054  -9.000 108.068  26.581  83.192
9010  39.092 -68.638 1 -9  7 1800.0   3.381  34.934  -9.000  -9.000  34.936  -9.000   1.043   0.508   0.043  -9.000  94.946  27.588  92.214
9010  39.092 -68.638 1 -9  6 2000.0   3.346  34.948  -9.000  -9.000  34.950  -9.000   1.154   0.569   0.047  -9.000 106.160  26.718  84.388
9010  39.092 -68.638 1 -9  5 2201.0   3.181  34.944  -9.000  -9.000  34.947  -9.000   0.637   0.320   0.007  -9.000  59.169  31.116 127.685
9010  39.092 -68.638 1 -9  4 2400.0   3.037  34.943  -9.000  -9.000  34.943  -9.000   0.558   0.272   0.011  -9.000  49.900  32.348 141.040
9010  39.092 -68.638 1 -9  3 2601.0   2.868  34.937  -9.000  -9.000  34.935  -9.000   0.591   0.284   0.016  -9.000  51.619  32.091 138.235
9010  39.092 -68.638 1 -9  2 2803.0   2.672  34.926  -9.000  -9.000  34.924  -9.000   0.682   0.320   0.034  -9.000  57.534  31.323 129.906
9010  39.092 -68.638 1 -9  1 3012.0   2.523  34.918  -9.000  -9.000  34.914  -9.000   0.882   0.427   0.032  -9.000  76.138  29.269 108.469
9011  38.827 -68.814 1 -9 24    6.0  19.081  35.449  -9.000  -9.000  35.458  -9.000   2.575   1.380   0.208  -9.000  -9.000  -9.000  -9.000
9011  38.827 -68.814 1 -9 23  154.0  12.726  35.636  -9.000  -9.000  35.639  -9.000   1.422   0.751   0.076  -9.000 225.538  20.082  38.412
9011  38.827 -68.814 1 -9 22  302.0   8.250  35.131  -9.000  -9.000  35.130  -9.000   0.514   0.233   0.015  -9.000  56.197  31.492 131.729
9011  38.827 -68.814 1 -9 21  447.0   6.152  35.074  -9.000  -9.000  35.073  -9.000   0.897   0.379   0.026  -9.000  82.141  28.695 102.769
9011  38.827 -68.814 1 -9 20  598.0   5.063  35.034  -9.000  -9.000  35.036  -9.000   1.124   0.573   0.038  -9.000 117.285  25.922  77.601
9011  38.827 -68.814 1 -9 19  699.0   4.729  35.018  -9.000  -9.000  35.018  -9.000   1.196   0.601   0.045  -9.000 120.848  25.689  75.686
9011  38.827 -68.814 1 -9 18  801.0   4.499  35.001  -9.000  -9.000  35.004  -9.000   1.198   0.604   0.042  -9.000 119.956  25.747  76.163
9011  38.827 -68.814 1 -9 17  950.0   4.206  34.983  -9.000  -9.000  34.983  -9.000   1.234   0.624   0.043  -9.000 121.986  25.615  75.082
9011  38.827 -68.814 1 -9 16 1098.0   3.957  34.964  -9.000  -9.000  34.964  -9.000   1.245   0.636   0.047  -9.000 122.659  25.571  74.726
9011  38.827 -68.814 1 -9 15 1250.0   3.831  34.957  -9.000  -9.000  34.958  -9.000   1.151   0.581   0.043  -9.000 111.288  26.349  81.199
9011  38.827 -68.814 1 -9 14 1301.0   3.799  34.958  -9.000  -9.000  34.958  -9.000   1.098   0.566   0.042  -9.000 108.231  26.569  83.091
9011  38.827 -68.814 1 -9 13 1450.0   3.685  34.956  -9.000  -9.000  34.956  -9.000   1.009   0.501   0.040  -9.000  95.212  27.567  92.017
9011  38.827 -68.814 1 -9 12 1600.0   3.599  34.954  -9.000  -9.000  34.953  -9.000   0.936   0.494   0.039  -9.000  93.445  27.708  93.328
9011  38.827 -68.814 1 -9 11 1751.0   3.468  34.944  -9.000  -9.000  34.945  -9.000   1.021   0.530   0.043  -9.000  99.537  27.221  88.857
9011  38.827 -68.814 1 -9 10 1901.0   3.372  34.949  -9.000  -9.000  34.952  -9.000   0.722   0.364   0.029  -9.000  68.010  30.105 117.009
9011  38.827 -68.814 1 -9  9 2050.0   3.251  34.946  -9.000  -9.000  34.945  -9.000   0.735   0.389   0.029  -9.000  72.203  29.667 112.497
9011  38.827 -68.814 1 -9  8 2200.0   3.180  34.951  -9.000  -9.000  34.950  -9.000   0.512   0.261   0.015  -9.000  48.260  32.593 143.721
9011  38.827 -68.814 1 -9  7 2401.0   3.010  34.944  -9.000  -9.000  34.943  -9.000   0.506   0.232   0.015  -9.000  42.499  33.529 154.064
9011  38.827 -68.814 1 -9  6 2599.0   2.866  34.936  -9.000  -9.000  34.937  -9.000   0.481   0.238   0.013  -9.000  43.252  33.399 152.620
9011  38.827 -68.814 1 -9  5 2799.0   2.657  34.923  -9.000  -9.000  34.924  -9.000   0.787   0.387   0.028  -9.000  69.521  29.938 115.278
9011  38.827 -68.814 1 -9  4 2949.0   2.480  34.917  -9.000  -9.000  34.914  -9.000   0.938   0.472   0.036  -9.000  83.963  28.531 101.166
9011  38.827 -68.814 1 -9  3 3098.0   2.345  34.908  -9.000  -9.000  34.907  -9.000   1.157   0.554   0.046  -9.000  97.810  27.359  90.111
9011  38.827 -68.814 1 -9  2 3199.0   2.320  34.907  -9.000  -9.000  34.906  -9.000   1.211   0.575   0.048  -9.000 101.376  27.074  87.535
9011  38.827 -68.814 1 -9  1 3270.0   2.312  34.906  -9.000  -9.000  34.905  -9.000   1.177   0.565   0.044  -9.000  99.568  27.219  88.834
9012  38.561 -67.029 1 -9 24   13.0  21.285  35.653  -9.000  -9.000  35.633  -9.000   2.268   1.267   0.165  -9.000  -9.000  -9.000  -9.000
9012  38.561 -67.029 1 -9 23  203.0  12.190  35.569  -9.000  -9.000  35.565  -9.000   1.291   0.688   0.049  -9.000 201.427  21.225  44.641
9012  38.561 -67.029 1 -9 22  402.0   7.268  35.106  -9.000  -9.000  35.103  -9.000   0.707   0.364   0.020  -9.000  83.548  28.568 101.529
9012  38.561 -67.029 1 -9 21  600.0   5.241  35.043  -9.000  -9.000  35.044  -9.000   1.088   0.549   0.036  -9.000 113.440  26.194  79.884
9012  38.561 -67.029 1 -9 20  702.0   4.807  35.027  -9.000  -9.000  35.027  -9.000   1.188   0.580   0.040  -9.000 117.119  25.933  77.691
9012  38.561 -67.029 1 -9 19  801.0   4.505  35.000  -9.000  -9.000  35.003  -9.000   1.271   0.624   0.055  -9.000 123.966  25.485  74.037
9012  38.561 -67.029 1 -9 18  951.0   4.187  34.981  -9.000  -9.000  34.980  -9.000   1.279   0.643   0.055  -9.000 125.569  25.380  73.200
9012  38.561 -67.029 1 -9 17 1103.0   3.968  34.963  -9.000  -9.000  34.963  -9.000   1.295   0.645   0.066  -9.000 124.467  25.452  73.775
9012  38.561 -67.029 1 -9 16 1301.0   3.733  34.943  -9.000  -9.000  34.946  -9.000   1.371   0.676   0.068  -9.000 128.785  25.170  71.542
9012  38.561 -67.029 1 -9 15 1450.0   3.609  34.939  -9.000  -9.000  34.939  -9.000   1.391   0.680   0.071  -9.000 128.678  25.177  71.597
9012  38.561 -67.029 1 -9 14 1550.0   3.482  34.923  -9.000  -9.000  34.925  -9.000   1.718   0.846   0.105  -9.000 158.969  23.361  58.375
9012  38.561 -67.029 1 -9 13 1651.0   3.432  34.922  -9.000  -9.000  34.922  -9.000   1.693   0.863   0.095  -9.000 161.723  23.206  57.323
9012  38.561 -67.029 1 -9 12 1801.0   3.509  34.945  -9.000  -9.000  34.945  -9.000   1.075   0.563   0.053  -9.000 105.971  26.732  84.507
9012  38.561 -67.029 1 -9 11 1950.0   3.442  34.952  -9.000  -9.000  34.955  -9.000   0.731   0.365   0.028  -9.000  68.458  30.055 116.487
9012  38.561 -67.029 1 -9 10 2051.0   3.377  34.958  -9.000  -9.000  34.959  -9.000   0.470   0.228   0.022  -9.000  42.615  33.509 153.841
9012  38.561 -67.029 1 -9  9 2251.0   3.226  34.955  -9.000  -9.000  34.954  -9.000   0.421   0.213   0.002  -9.000  39.485  34.063 160.036
9012  38.561 -67.029 1 -9  8 2451.0   3.025  34.947  -9.000  -9.000  34.946  -9.000   0.407   0.214   0.007  -9.000  39.236  34.113 160.598
9012  38.561 -67.029 1 -9  7 2652.0   2.831  34.934  -9.000  -9.000  34.935  -9.000   0.411   0.199   0.011  -9.000  36.096  34.741 167.722
9012  38.561 -67.029 1 -9  6 2852.0   2.658  34.927  -9.000  -9.000  34.925  -9.000   0.468   0.234   0.014  -9.000  42.040  33.608 154.946
9012  38.561 -67.029 1 -9  5 3050.0   2.508  34.918  -9.000  -9.000  34.916  -9.000   0.611   0.314   0.027  -9.000  55.943  31.524 132.077
9012  38.561 -67.029 1 -9  4 3201.0   2.406  34.911  -9.000  -9.000  34.910  -9.000   0.693   0.361   0.026  -9.000  63.952  30.561 121.785
9012  38.561 -67.029 1 -9  3 3349.0   2.299  34.905  -9.000  -9.000  34.903  -9.000   0.762   0.387   0.033  -9.000  68.151  30.089 116.846
9012  38.561 -67.029 1 -9  2 3449.0   2.245  34.902  -9.000  -9.000  34.899  -9.000   0.817   0.409   0.041  -9.000  71.807  29.707 112.906
9012  38.561 -67.029 1 -9  1 3560.0   2.226  34.898  -9.000  -9.000  34.897  -9.000   0.775   0.383   0.028  -9.000  67.168  30.199 117.994
9013  38.317 -67.134 1 -9 24    6.0  26.453  36.356  -9.000  -9.000  36.351  -9.000   1.759   1.032   0.160  -9.000  -9.000  -9.000  -9.000
9013  38.317 -67.134 1 -9 23  149.0  18.860  36.573  -9.000  -9.000  36.563  -9.000   2.057   1.117   0.121  -9.000 442.670   8.027   7.915
9013  38.317 -67.134 1 -9 22  348.0  11.367  35.449  -9.000  -9.000  35.447  -9.000   0.813   0.421  -9.000  -9.000 118.459  25.845  76.966
9013  38.317 -67.134 1 -9 21  550.0   7.248  35.118  -9.000  -9.000  35.117  -9.000   0.650   0.324   0.029  -9.000  74.301  29.455 110.342
9013  38.317 -67.134 1 -9 20  649.0   6.024  35.078  -9.000  -9.000  35.077  -9.000   0.877   0.424   0.029  -9.000  91.291  27.881  94.941
9013  38.317 -67.134 1 -9 19  750.0   5.264  35.040  -9.000  -9.000  35.042  -9.000   1.103   0.533   0.041  -9.000 110.265  26.423  81.830
9013  38.317 -67.134 1 -9 18  900.0   4.758  35.028  -9.000  -9.000  35.028  -9.000   1.097   0.530   0.035  -9.000 106.745  26.676  84.020
9013  38.317 -67.134 1 -9 17 1100.0   4.296  34.994  -9.000  -9.000  34.995  -9.000   1.135   0.536   0.046  -9.000 105.298  26.780  84.931
9013  38.317 -67.134 1 -9 16 1301.0   3.925  34.963  -9.000  -9.000  34.964  -9.000   1.168   0.564   0.037  -9.000 108.587  26.544  82.869
9013  38.317 -67.134 1 -9 15 1450.0   3.738  34.950  -9.000  -9.000  34.951  -9.000   1.243   0.602   0.047  -9.000 114.727  26.102  79.104
9013  38.317 -67.134 1 -9 14 1600.0   3.646  34.944  -9.000  -9.000  34.945  -9.000   1.241   0.586   0.056  -9.000 111.118  26.362  81.304
9013  38.317 -67.134 1 -9 13 1755.0   3.593  34.952  -9.000  -9.000  34.952  -9.000   0.979   0.468   0.049  -9.000  88.497  28.122  97.231
9013  38.317 -67.134 1 -9 12 1866.0   3.512  34.948  -9.000  -9.000  34.949  -9.000   0.955   0.446   0.032  -9.000  83.964  28.531 101.164
9013  38.317 -67.134 1 -9 11 2104.0   3.405  34.957  -9.000  -9.000  34.956  -9.000   0.600   0.254  -9.000  -9.000  47.547  32.699 144.891
9013  38.317 -67.134 1 -9 10 2302.0   3.230  34.954  -9.000  -9.000  34.953  -9.000   0.463   0.232   0.025  -9.000  43.017  33.440 153.071
9013  38.317 -67.134 1 -9  9 2503.0   3.071  34.944  -9.000  -9.000  34.946  -9.000   0.487   0.253   0.042  -9.000  46.501  32.855 146.607
9013  38.317 -67.134 1 -9  8 2756.0   2.892  34.939  -9.000  -9.000  34.938  -9.000   0.492   0.241  -9.000  -9.000  43.862  33.294 151.454
9013  38.317 -67.134 1 -9  7 3005.0   2.635  34.922  -9.000  -9.000  34.924  -9.000   0.614   0.314  -9.000  -9.000  56.339  31.474 131.536
9013  38.317 -67.134 1 -9  6 3194.0   2.492  34.913  -9.000  -9.000  34.915  -9.000   0.786   0.372   0.025  -9.000  66.215  30.307 119.112
9013  38.317 -67.134 1 -9  5 3356.0   2.394  34.907  -9.000  -9.000  34.909  -9.000   0.883   0.432  -9.000  -9.000  76.476  29.235 108.127
9013  38.317 -67.134 1 -9  4 3506.0   2.322  34.906  -9.000  -9.000  34.904  -9.000   0.829   0.397   0.028  -9.000  70.001  29.889 114.778
9013  38.317 -67.134 1 -9  3 3653.0   2.252  34.900  -9.000  -9.000  34.898  -9.000   0.748   0.349   0.020  -9.000  61.296  30.859 124.948
9013  38.317 -67.134 1 -9  2 3773.0   2.228  34.898  -9.000  -9.000  34.896  -9.000   0.723   0.345   0.039  -9.000  60.511  30.948 125.886
9013  38.317 -67.134 1 -9  1 3954.0   2.182  34.889  -9.000  -9.000  34.888  -9.000   0.504   0.252   0.024  -9.000  44.082  33.256 151.033
9014  38.092 -67.333 1 -9 24    7.0  25.332  36.396  -9.000  -9.000  36.395  -9.000   1.844   1.127   0.134  -9.000  -9.000  -9.000  -9.000
9014  38.092 -67.333 1 -9 23  201.0  18.469  36.585  -9.000  -9.000  36.581  -9.000   2.384   1.387   0.168  -9.000  -9.000  -9.000  -9.000
9014  38.092 -67.333 1 -9 22  398.0  17.610  36.450  -9.000  -9.000  36.443  -9.000   2.154   1.236   0.031  -9.000 464.256   7.013   6.225
9014  38.092 -67.333 1 -9 21  600.0  13.387  35.753  -9.000  -9.000  35.747  -9.000   1.375   0.750   0.024  -9.000 232.426  19.743  36.820
9014  38.092 -67.333 1 -9 20  750.0   8.967  35.147  -9.000  -9.000  35.146  -9.000   0.389   0.197   0.008  -9.000  49.236  32.447 142.124
9014  38.092 -67.333 1 -9 19  902.0   6.115  35.060  -9.000  -9.000  35.064  -9.000   0.961   0.474   0.031  -9.000 102.519  26.982  86.718
9014  38.092 -67.333 1 -9 18 1105.0   4.849  35.022  -9.000  -9.000  35.022  -9.000   1.156   0.580   0.037  -9.000 117.370  25.916  77.554
9014  38.092 -67.333 1 -9 17 1303.0   4.362  34.998  -9.000  -9.000  34.999  -9.000   1.062   0.516   0.038  -9.000 101.731  27.046  87.281
9014  38.092 -67.333 1 -9 16 1454.0   4.078  34.973  -9.000  -9.000  34.973  -9.000   1.163   0.543   0.047  -9.000 105.414  26.772  84.858
9014  38.092 -67.333 1 -9 15 1603.0   3.914  34.961  -9.000  -9.000  34.961  -9.000   1.148   0.554   0.053  -9.000 106.595  26.687  84.114
9014  38.092 -67.333 1 -9 14 1755.0   3.763  34.950  -9.000  -9.000  34.953  -9.000   1.112   0.551   0.050  -9.000 105.149  26.791  85.026
9014  38.092 -67.333 1 -9 13 1900.0   3.647  34.946  -9.000  -9.000  34.946  -9.000   1.129   0.558   0.060  -9.000 105.817  26.743  84.604
9014  38.092 -67.333 1 -9 12 2101.0   3.583  34.953  -9.000  -9.000  34.956  -9.000   0.796   0.390   0.036  -9.000  73.708  29.515 110.948
9014  38.092 -67.333 1 -9 11 2302.0   3.453  34.957  -9.000  -9.000  34.957  -9.000   0.556   0.261   0.020  -9.000  48.984  32.485 142.536
9014  38.092 -67.333 1 -9 10 2502.0   3.310  34.956  -9.000  -9.000  34.954  -9.000   0.468   0.222   0.012  -9.000  41.342  33.729 156.287
9014  38.092 -67.333 1 -9  9 2700.0   3.129  34.946  -9.000  -9.000  34.947  -9.000   0.444   0.208   0.017  -9.000  38.351  34.290 162.592
9014  38.092 -67.333 1 -9  8 2902.0   2.916  34.936  -9.000  -9.000  34.937  -9.000   0.521   0.250   0.016  -9.000  45.558  33.002 148.221
9014  38.092 -67.333 1 -9  7 3102.0   2.717  34.929  -9.000  -9.000  34.927  -9.000   0.493   0.233   0.021  -9.000  41.997  33.616 155.029
9014  38.092 -67.333 1 -9  6 3300.0   2.543  34.917  -9.000  -9.000  34.917  -9.000   0.631   0.290   0.025  -9.000  51.767  32.069 137.996
9014  38.092 -67.333 1 -9  5 3502.0   2.430  34.911  -9.000  -9.000  34.910  -9.000   0.609   0.282   0.024  -9.000  50.023  32.330 140.837
9014  38.092 -67.333 1 -9  4 3750.0   2.318  34.904  -9.000  -9.000  34.903  -9.000   0.631   0.294   0.029  -9.000  51.826  32.061 137.898
9014  38.092 -67.333 1 -9  3 3849.0   2.281  34.898  -9.000  -9.000  34.898  -9.000   0.653   0.303   0.032  -9.000  53.301  31.859 135.701
9014  38.092 -67.333 1 -9  2 4047.0   2.190  34.890  -9.000  -9.000  34.888  -9.000   0.463   0.217   0.024  -9.000  37.978  34.364 163.437
9014  38.092 -67.333 1 -9  1 4262.0   2.185  34.885  -9.000  -9.000  34.885  -9.000   0.392   0.206   0.023  -9.000  36.040  34.752 167.848
9016  37.622 -67.627 1 -9 24    7.0  24.969  36.419  -9.000  -9.000  36.416  -9.000   1.889   1.071   0.151  -9.000  -9.000  -9.000  -9.000
9016  37.622 -67.627 1 -9 23  202.0  18.520  36.589  -9.000  -9.000  36.585  -9.000   2.359   1.407   0.165  -9.000  -9.000  -9.000  -9.000
9016  37.622 -67.627 1 -9 22  403.0  18.060  36.523  -9.000  -9.000  36.519  -9.000   2.240   1.174   0.034  -9.000 449.748   7.691   7.332
9016  37.622 -67.627 1 -9 21  601.0  15.711  36.116  -9.000  -9.000  36.110  -9.000   1.800   0.910   0.023  -9.000 313.944  15.490  22.158
9016  37.622 -67.627 1 -9 20  749.0  12.868  35.670  -9.000  -9.000  35.667  -9.000   1.316   0.684   0.021  -9.000 206.834  20.972  43.168
9016  37.622 -67.627 1 -9 19  900.0   9.124  35.164  -9.000  -9.000  35.168  -9.000   0.457   0.238   0.015  -9.000  59.953  31.016 126.623
9016  37.622 -67.627 1 -9 18 1049.0   6.452  35.090  -9.000  -9.000  35.090  -9.000   0.833   0.408   0.033  -9.000  89.817  28.003  96.100
9016  37.622 -67.627 1 -9 17 1249.0   4.995  35.039  -9.000  -9.000  35.041  -9.000   0.969   0.447   0.044  -9.000  91.172  27.890  95.031
9016  37.622 -67.627 1 -9 16 1449.0   4.368  34.990  -9.000  -9.000  34.992  -9.000   1.201   0.562   0.056  -9.000 110.827  26.383  81.483
9016  37.622 -67.627 1 -9 15 1650.0   4.055  34.969  -9.000  -9.000  34.971  -9.000   1.191   0.584   0.055  -9.000 113.230  26.210  80.012
9016  37.622 -67.627 1 -9 14 1850.0   3.836  34.954  -9.000  -9.000  34.956  -9.000   1.172   0.579   0.062  -9.000 110.933  26.375  81.418
9016  37.622 -67.627 1 -9 13 2050.0   3.690  34.949  -9.000  -9.000  34.950  -9.000   1.076   0.566   0.065  -9.000 107.587  26.616  83.493
9016  37.622 -67.627 1 -9 12 2249.0   3.580  34.947  -9.000  -9.000  34.949  -9.000   0.963   0.479   0.051  -9.000  90.507  27.943  95.532
9016  37.622 -67.627 1 -9 11 2450.0   3.504  34.955  -9.000  -9.000  34.958  -9.000   0.607   0.296   0.029  -9.000  55.705  31.554 132.402
9016  37.622 -67.627 1 -9 10 2700.0   3.308  34.953  -9.000  -9.000  34.954  -9.000   0.487   0.239   0.014  -9.000  44.502  33.184 150.232
9016  37.622 -67.627 1 -9  8 3149.0   2.874  34.933  -9.000  -9.000  34.935  -9.000   0.510   0.255   0.012  -9.000  46.361  32.876 146.837
9016  37.622 -67.627 1 -9  7 3349.0   2.693  34.922  -9.000  -9.000  34.925  -9.000   0.557   0.271  -9.000  -9.000  48.778  32.516 142.873
9016  37.622 -67.627 1 -9  6 3550.0   2.512  34.915  -9.000  -9.000  34.914  -9.000   0.623   0.297   0.026  -9.000  52.925  31.906 136.217
9016  37.622 -67.627 1 -9  5 3751.0   2.406  34.906  -9.000  -9.000  34.908  -9.000   0.646   0.294   0.020  -9.000  52.080  32.023 137.485
9016  37.622 -67.627 1 -9  4 3951.0   2.322  34.901  -9.000  -9.000  34.900  -9.000   0.704   0.343   0.026  -9.000  60.476  30.951 125.928
9016  37.622 -67.627 1 -9  3 4151.0   2.268  34.895  -9.000  -9.000  34.895  -9.000   0.533   0.259   0.025  -9.000  45.526  33.007 148.280
9016  37.622 -67.627 1 -9  2 4352.0   2.244  34.891  -9.000  -9.000  34.890  -9.000   0.489   0.218   0.017  -9.000  38.267  34.307 162.782
9016  37.622 -67.627 1 -9  1 4604.0   2.228  34.883  -9.000  -9.000  34.886  -9.000   0.389   0.176   0.018  -9.000  30.864  35.879 180.974
