2010oct
      2010.79
STN   LAT    LON CAST SAMP BTL CTDPRS CTDTMP CTDSAL CTDOXY   THETA   SALNTY  OXYGEN  CFC-11  CFC-12  CFC113  SF6  pCFC-12 CFC12age Mean Age
9001  40.296 -69.790 1 22 22    2.1  17.895  33.767 233.200  17.899  -9.000  -9.000  -9.000  -9.000  -9.000  -9.000  -9.000  -9.000  -9.000
9001  40.296 -69.790 1 21 21    2.3  17.894  33.766 233.200  17.897  -9.000  -9.000  -9.000  -9.000  -9.000  -9.000  -9.000  -9.000  -9.000
9001  40.296 -69.790 1 20 20    2.4  17.893  33.765 233.300  17.897  -9.000  -9.000  -9.000  -9.000  -9.000  -9.000  -9.000  -9.000  -9.000
9001  40.296 -69.790 1 19 19    2.2  17.894  33.766 233.200  17.898  -9.000  -9.000  -9.000  -9.000  -9.000  -9.000  -9.000  -9.000  -9.000
9001  40.296 -69.790 1 18 18    2.2  17.894  33.766 233.200  17.898  -9.000  -9.000  -9.000  -9.000  -9.000  -9.000  -9.000  -9.000  -9.000
9001  40.296 -69.790 1 17 17    2.3  17.894  33.766 233.200  17.897  -9.000  -9.000  -9.000  -9.000  -9.000  -9.000  -9.000  -9.000  -9.000
9001  40.296 -69.790 1 16 16    2.3  17.894  33.766 233.200  17.897  -9.000  -9.000  -9.000  -9.000  -9.000  -9.000  -9.000  -9.000  -9.000
9001  40.296 -69.790 1 15 15    2.2  17.894  33.766 233.200  17.898  -9.000  -9.000  -9.000  -9.000  -9.000  -9.000  -9.000  -9.000  -9.000
9001  40.296 -69.790 1 14 14    2.3  17.894  33.766 233.200  17.897  -9.000  -9.000  -9.000  -9.000  -9.000  -9.000  -9.000  -9.000  -9.000
9001  40.296 -69.790 1 13 13    2.5  17.893  33.764 233.300  17.896  -9.000  -9.000  -9.000  -9.000  -9.000  -9.000  -9.000  -9.000  -9.000
9001  40.296 -69.790 1 12 12    2.0  17.895  33.767 233.200  17.899  -9.000  -9.000  -9.000  -9.000  -9.000  -9.000  -9.000  -9.000  -9.000
9001  40.296 -69.790 1 11 11    2.4  17.893  33.765 233.300  17.897  -9.000  -9.000  -9.000  -9.000  -9.000  -9.000  -9.000  -9.000  -9.000
9001  40.296 -69.790 1 10 10    2.2  17.894  33.766 233.200  17.898  -9.000  -9.000  -9.000  -9.000  -9.000  -9.000  -9.000  -9.000  -9.000
9001  40.296 -69.790 1  9  9    2.3  17.894  33.766 233.200  17.897  -9.000  -9.000  -9.000  -9.000  -9.000  -9.000  -9.000  -9.000  -9.000
9001  40.296 -69.790 1  8  8    2.4  17.893  33.765 233.300  17.897  -9.000  -9.000  -9.000  -9.000  -9.000  -9.000  -9.000  -9.000  -9.000
9001  40.296 -69.790 1  7  7    2.0  17.895  33.767 233.200  17.899  -9.000  -9.000  -9.000  -9.000  -9.000  -9.000  -9.000  -9.000  -9.000
9001  40.296 -69.790 1  6  6    2.4  17.893  33.765 233.300  17.897  33.783 259.000   2.263   1.246   0.184   1.847 461.330  22.480  17.361
9001  40.296 -69.790 1  5  5    2.3  17.894  33.766 233.200  17.897  33.776 311.900   2.233   1.287   0.181   1.928 476.538  21.678  14.920
9001  40.296 -69.790 1  4  4   40.4  14.915  33.720 216.300  14.912  33.708 258.500   2.700   1.466   0.198   1.914 476.919  21.657  14.861
9001  40.296 -69.790 1  3  3   40.3  15.002  33.724 216.400  15.000  33.696 297.200   2.705   1.483   0.201   1.951 484.335  21.238  13.723
9001  40.296 -69.790 1  2  2   83.1  12.267  33.915 194.600  12.259  33.881 197.900   2.839   1.520   0.200   1.827 439.315  23.528  21.062
9001  40.296 -69.790 1  1  1   83.0  12.265  33.914 194.800  12.257  33.889 199.000   2.769   1.488   0.192   1.581 430.024  24.000  22.850
9002  40.152 -69.879 1  9  9    2.6  18.695  34.027 231.400  18.699  -9.000  -9.000  -9.000  -9.000  -9.000  -9.000  -9.000  -9.000  -9.000
9002  40.152 -69.879 1  8  8    2.4  18.694  34.026 231.400  18.699  -9.000  -9.000  -9.000  -9.000  -9.000  -9.000  -9.000  -9.000  -9.000
9002  40.152 -69.879 1  7  7    2.6  18.695  34.027 231.400  18.699  -9.000  -9.000  -9.000  -9.000  -9.000  -9.000  -9.000  -9.000  -9.000
9002  40.152 -69.879 1  6  6    2.4  18.694  34.026 231.400  18.699  -9.000  -9.000  -9.000  -9.000  -9.000  -9.000  -9.000  -9.000  -9.000
9002  40.152 -69.879 1  5  5    2.4  18.694  34.026 231.400  18.699  -9.000  -9.000  -9.000  -9.000  -9.000  -9.000  -9.000  -9.000  -9.000
9002  40.152 -69.879 1  4  4    2.6  18.695  34.027 231.400  18.699  -9.000  -9.000  -9.000  -9.000  -9.000  -9.000  -9.000  -9.000  -9.000
9002  40.152 -69.879 1  3  3    2.3  18.694  34.026 231.400  18.698  34.024 296.800   2.140   1.204   0.175   1.690 462.185  22.440  17.231
9002  40.152 -69.879 1  2  2   51.1  17.734  35.356 190.100  17.729  35.276 217.200   2.176   1.196   0.132   1.462 446.770  23.161  19.712
9002  40.152 -69.879 1  1  1  111.1  13.617  35.514 161.000  13.604  35.514 208.400   2.093   1.135   0.096   1.118 354.592  28.208  38.240
9003  40.012 -68.007 1  4  4    1.6  19.153  34.170 228.100  19.158  34.169 231.600   2.109   1.181   0.171   1.442 462.724  22.415  17.149
9003  40.012 -68.007 1  3  3   51.2  13.023  33.942 202.700  13.019  33.956 200.100   2.754   1.473   0.186   1.577 440.964  23.444  20.751
9003  40.012 -68.007 1  2  2  101.0  13.323  35.283 172.700  13.312  35.295 169.000   2.225   1.171   0.115   1.260 360.153  27.854  37.049
9003  40.012 -68.007 1  1  1  153.1  12.389  35.527 153.200  12.372  35.532 210.300   1.821   0.949   0.073   1.019 280.297  32.516  58.613
9004  39.906 -68.073 1  9  9    2.1  19.444  34.507 229.000  19.448  34.510 228.500   2.061   1.160   0.162   1.553 461.500  22.472  17.335
9004  39.906 -68.073 1  8  8   50.5  16.334  35.015 201.100  16.330  35.024 190.300   2.357   1.273   0.144   1.553 446.382  23.179  19.777
9004  39.906 -68.073 1  7  7  100.5  14.276  35.676 165.100  14.265  35.663 162.800   2.088   1.113   0.078   1.329 358.777  27.941  37.344
9004  39.906 -68.073 1  6  6  200.9  11.431  35.468 151.500  11.408  35.468 148.500   1.588   0.815   0.053   1.019 230.058  35.192  76.985
9004  39.906 -68.073 1  5  5  300.3   8.449  35.174 150.100   8.419  35.163 156.600   1.345   0.653   0.045   0.779 159.126  38.682 113.743
9004  39.906 -68.073 1  4  4  400.7   6.795  35.074 187.100   6.759  35.071 186.300   1.711   0.824   0.078   0.677 184.579  37.347  98.389
9004  39.906 -68.073 1  3  3  503.5   5.698  35.024 213.600   5.656  35.035 213.700   2.114   1.030   0.114   0.828 217.929  35.774  82.216
9004  39.906 -68.073 1  2  2  633.3   5.220  35.003 230.900   5.168  35.003 228.200   2.315   1.151   0.136   1.001 237.469  34.819  73.928
9004  39.906 -68.073 1  1  1  771.1   4.818  34.987 242.700   4.756  34.985 241.100   2.436   1.224   0.151   0.796 247.199  34.330  70.251
9005  39.853 -68.105 1 11 11    2.1  19.143  34.362 227.400  19.148  34.366 228.900   2.101   1.177   0.173   1.545 461.832  22.457  17.284
9005  39.853 -68.105 1 10 10   75.8  14.774  35.718 164.800  14.766  35.727 164.600   2.104   1.119   0.077   1.194 368.976  27.292  35.136
9005  39.853 -68.105 1  9  9  150.3  12.176  35.525 155.800  12.159  35.523 154.100   1.818   0.946   0.068   0.941 276.662  32.726  59.871
9005  39.853 -68.105 1  8  8  250.9  10.396  35.348 144.200  10.369  35.349 143.100   1.362   0.669   0.044   0.768 179.572  37.603 101.231
9005  39.853 -68.105 1  7  7  350.3   7.615  35.113 164.000   7.582  35.113 166.400   1.404   0.675   0.050   0.551 157.681  38.763 114.715
9005  39.853 -68.105 1  6  6  480.5   6.001  35.036 205.500   5.960  35.051 207.400   2.018   0.976   0.103   0.711 209.803  36.161  85.947
9005  39.853 -68.105 1  5  5  600.9   5.355  35.004 227.100   5.306  35.009 225.500   2.291   1.105   0.130   0.749 229.602  35.215  77.181
9005  39.853 -68.105 1  4  4  723.3   4.972  34.991 237.800   4.914  34.989 236.800   2.458   1.207   0.147   0.810 245.771  34.402  70.770
9005  39.853 -68.105 1  3  3  849.9   4.822  34.985 243.000   4.754  34.994 242.100   2.527   1.232   0.165   0.821 248.862  34.244  69.638
9005  39.853 -68.105 1  2  2  951.8   4.583  34.977 249.100   4.507  34.978 248.600   2.579   1.255   0.165   0.842 250.298  34.168  69.104
9005  39.853 -68.105 1  1  1  987.3   4.538  34.975 250.400   4.460  34.988 249.700   2.536   1.265   0.163   0.929 251.687  34.095  68.593
9006  39.789 -68.158 1 22 22    2.3  19.100  34.113 230.800  19.104  -9.000  -9.000  -9.000  -9.000  -9.000  -9.000  -9.000  -9.000  -9.000
9006  39.789 -68.158 1 21 21    2.2  19.100  34.113 230.800  19.104  -9.000  -9.000  -9.000  -9.000  -9.000  -9.000  -9.000  -9.000  -9.000
9006  39.789 -68.158 1 20 20    2.2  19.100  34.113 230.800  19.104  -9.000  -9.000  -9.000  -9.000  -9.000  -9.000  -9.000  -9.000  -9.000
9006  39.789 -68.158 1 19 19    2.3  19.100  34.113 230.800  19.104  -9.000  -9.000  -9.000  -9.000  -9.000  -9.000  -9.000  -9.000  -9.000
9006  39.789 -68.158 1 18 18    2.1  19.100  34.113 230.800  19.104  -9.000  -9.000  -9.000  -9.000  -9.000  -9.000  -9.000  -9.000  -9.000
9006  39.789 -68.158 1 17 17    2.2  19.100  34.113 230.800  19.104  -9.000  -9.000  -9.000  -9.000  -9.000  -9.000  -9.000  -9.000  -9.000
9006  39.789 -68.158 1 16 16    2.2  19.100  34.113 230.800  19.104  -9.000  -9.000  -9.000  -9.000  -9.000  -9.000  -9.000  -9.000  -9.000
9006  39.789 -68.158 1 15 15    2.2  19.100  34.113 230.800  19.104  -9.000  -9.000  -9.000  -9.000  -9.000  -9.000  -9.000  -9.000  -9.000
9006  39.789 -68.158 1 14 14    2.1  19.100  34.113 230.800  19.104  -9.000  -9.000  -9.000  -9.000  -9.000  -9.000  -9.000  -9.000  -9.000
9006  39.789 -68.158 1 13 13    2.4  19.100  34.113 230.800  19.104  34.112 230.100   2.089   1.161   0.171   1.443 453.635  22.840  18.574
9006  39.789 -68.158 1 12 12   81.5  15.264  35.693 167.700  15.255  35.699 166.500   2.144   1.141   0.088   1.288 384.383  26.369  31.851
9006  39.789 -68.158 1 11 11  152.7  12.206  35.551 157.200  12.189  35.562 157.400   1.800   0.927   0.065   0.935 271.554  33.021  61.660
9006  39.789 -68.158 1 10 10  249.5   9.419  35.225 140.700   9.393  35.232 139.300   1.118   0.552   0.029   0.570 141.157  39.728 126.514
9006  39.789 -68.158 1  9  9  375.2   7.040  35.086 180.800   7.005  35.098 182.200   1.654   0.790   0.069   0.555 179.208  37.621 101.441
9006  39.789 -68.158 1  8  8  524.3   5.676  35.011 216.600   5.632  35.010 216.200   2.165   1.047   0.110   0.791 221.243  35.617  80.750
9006  39.789 -68.158 1  7  7  675.3   5.023  34.990 237.900   4.969  34.997 236.000   2.474   1.197   0.145   0.800 244.386  34.472  71.280
9006  39.789 -68.158 1  6  6  824.3   4.664  34.976 249.000   4.599  34.978 247.000   2.622   1.286   0.161   0.917 257.584  33.783  66.485
9006  39.789 -68.158 1  5  5  950.4   4.480  34.969 252.600   4.405  34.975 252.000   2.673   1.308   0.167   0.958 259.427  33.685  65.844
9006  39.789 -68.158 1  4  4 1071.5   4.310  34.966 257.500   4.226  34.964 256.300   2.633   1.288   0.169   0.952 253.146  34.018  68.062
9006  39.789 -68.158 1  3  3 1200.8   4.186  34.963 258.700   4.092  34.961 258.400   2.558   1.233   0.156   0.892 240.730  34.655  72.658
9006  39.789 -68.158 1  2  2 1326.4   4.032  34.960 260.200   3.928  34.961 260.800   2.393   1.122   0.143   0.691 217.253  35.807  82.519
9006  39.789 -68.158 1  1  1 1456.1   3.996  34.959 260.100   3.880  34.962 261.400   2.293   1.075   0.135   0.767 207.748  36.259  86.920
9007  39.706 -68.203 1 24 24    2.3  19.240  34.256 226.600  19.244  -9.000  -9.000  -9.000  -9.000  -9.000  -9.000  -9.000  -9.000  -9.000
9007  39.706 -68.203 1 23 23    2.1  19.240  34.256 226.600  19.244  -9.000  -9.000  -9.000  -9.000  -9.000  -9.000  -9.000  -9.000  -9.000
9007  39.706 -68.203 1 22 22    2.2  19.240  34.256 226.600  19.244  -9.000  -9.000  -9.000  -9.000  -9.000  -9.000  -9.000  -9.000  -9.000
9007  39.706 -68.203 1 21 21    2.3  19.240  34.256 226.600  19.244  -9.000  -9.000  -9.000  -9.000  -9.000  -9.000  -9.000  -9.000  -9.000
9007  39.706 -68.203 1 20 20    2.5  19.240  34.256 226.600  19.244  -9.000  -9.000  -9.000  -9.000  -9.000  -9.000  -9.000  -9.000  -9.000
9007  39.706 -68.203 1 19 19    2.2  19.240  34.256 226.600  19.244  -9.000  -9.000  -9.000  -9.000  -9.000  -9.000  -9.000  -9.000  -9.000
9007  39.706 -68.203 1 18 18    2.3  19.240  34.256 226.600  19.244  34.256 230.000   2.072   1.151   0.156   1.625 452.973  22.871  18.682
9007  39.706 -68.203 1 17 17   99.8  14.129  35.587 166.100  14.118  35.575 165.000   2.143   1.133   0.083   1.566 362.505  27.704  36.545
9007  39.706 -68.203 1 16 16  225.1   9.729  35.264 139.100   9.705  35.267 138.000   1.199   0.582   0.028   0.663 151.147  39.130 119.146
9007  39.706 -68.203 1 15 15  350.1   7.791  35.124 170.500   7.758  35.123 166.100   1.481   0.720   0.058   0.745 169.704  38.106 106.976
9007  39.706 -68.203 1 14 14  475.1   6.143  35.038 206.400   6.102  35.036 205.700   1.984   0.974   0.099   0.781 210.918  36.108  85.424
9007  39.706 -68.203 1 13 13  599.9   5.318  34.999 228.600   5.269  34.996 225.700   2.300   1.145   0.139   0.952 237.440  34.821  73.940
9007  39.706 -68.203 1 12 12  750.0   4.806  34.983 240.000   4.746  34.982 242.100   2.569   1.262   0.159   1.018 254.703  33.935  67.503
9007  39.706 -68.203 1 11 11  874.6   4.508  34.971 250.800   4.440  34.969 250.800   2.667   1.317   0.167   1.099 261.605  33.570  65.098
9007  39.706 -68.203 1 10 10  999.1   4.366  34.966 254.500   4.288  34.964 254.900   2.671   1.307   0.169   1.038 257.651  33.779  66.462
9007  39.706 -68.203 1  9  9 1124.5   4.251  34.966 256.900   4.162  34.963 257.800   2.624   1.270   0.168   0.997 248.828  34.246  69.651
9007  39.706 -68.203 1  8  8 1249.6   4.124  34.962 259.200   4.026  34.960 258.500   2.511   1.210   0.158   0.877 235.456  34.920  74.735
9007  39.706 -68.203 1  7  7 1374.7   4.021  34.960 260.800   3.913  34.959 260.200   2.373   1.126   0.140   0.777 217.899  35.776  82.229
9007  39.706 -68.203 1  6  6 1499.5   3.939  34.958 261.300   3.820  34.968 261.000   2.243   1.057   0.130   0.721 203.645  36.451  88.861
9007  39.706 -68.203 1  5  5 1625.3   3.847  34.955 262.300   3.718  34.954 262.800   2.130   0.994   0.120   0.706 190.558  37.063  95.286
9007  39.706 -68.203 1  4  4 1750.0   3.754  34.952 263.200   3.614  34.951 263.100   2.011   0.940   0.112   0.532 179.301  37.617 101.387
9007  39.706 -68.203 1  3  3 1874.9   3.637  34.948 264.800   3.487  34.947 264.900   1.874   0.857   0.099   0.532 162.434  38.496 111.537
9007  39.706 -68.203 1  2  2 1999.9   3.573  34.946 265.200   3.413  34.945 266.300   1.801   0.822   0.096   0.511 155.258  38.899 116.349
9007  39.706 -68.203 1  1  1 2087.2   3.493  34.945 265.500   3.325  34.945 265.900   1.691   0.770   0.083   0.464 144.808  39.504 123.734
9008  39.479 -68.367 1 21 21    9.8  20.900  34.993 218.300  20.903  34.978 222.800   1.913   1.070   0.142   1.475 453.792  22.833  18.549
9008  39.479 -68.367 1 20 20   75.0  15.945  35.969 156.000  15.937  35.972 157.200   2.037   1.097   0.065   1.159 381.795  26.524  32.414
9008  39.479 -68.367 1 19 19  150.0  12.385  35.582 153.900  12.368  35.582 151.800   1.740   0.890   0.056   0.997 262.971  33.498  64.635
9008  39.479 -68.367 1 18 18  250.6   9.912  35.284 141.600   9.886  35.291 140.300   1.255   0.617   0.030   0.623 161.698  38.537 112.027
9008  39.479 -68.367 1 17 17  375.0   7.318  35.095 169.000   7.283  35.098 174.000   1.498   0.722   0.057   0.736 166.120  38.289 109.104
9008  39.479 -68.367 1 16 16  525.1   5.667  35.020 212.800   5.623  35.020 215.000   2.070   1.003   0.104   0.831 211.864  36.063  84.984
9008  39.479 -68.367 1 15 15  675.3   5.017  35.004 237.100   4.963  35.005 235.400   2.345   1.139   0.129   0.927 232.501  35.069  75.950
9008  39.479 -68.367 1 14 14  825.0   4.653  35.001 246.400   4.588  34.999 247.000   2.373   1.126   0.130   1.031 225.461  35.416  78.936
9008  39.479 -68.367 1 13 13  948.2   4.370  34.976 253.500   4.296  34.975 254.000   2.541   1.214   0.152   0.904 239.393  34.723  73.173
9008  39.479 -68.367 1 12 12 1075.7   4.234  34.974 258.600   4.150  34.975 256.600   2.428   1.150   0.150   1.005 225.130  35.432  79.076
9008  39.479 -68.367 1 11 11 1200.7   4.038  34.960 260.000   3.945  34.963 260.400   2.419   1.140   0.145   0.872 220.809  35.637  80.940
9008  39.479 -68.367 1 10 10 1325.6   3.924  34.957 261.500   3.822  34.959 262.000   2.248   1.046   0.131   0.712 201.362  36.558  89.956
9008  39.479 -68.367 1  9  9 1450.8   3.816  34.954 262.500   3.703  34.956 262.600   2.101   0.949   0.119   0.687 181.627  37.498 100.058
9008  39.479 -68.367 1  8  8 1575.4   3.692  34.951 264.100   3.569  34.954 264.000   1.934   0.863   0.102   0.629 164.063  38.404 110.458
9008  39.479 -68.367 1  7  7 1700.4   3.587  34.951 264.500   3.454  34.950 264.800   1.696   0.745   0.083   0.571 140.829  39.748 126.765
9008  39.479 -68.367 1  6  6 1824.3   3.500  34.949 264.900   3.357  34.948 265.700   1.588   0.694   0.077   0.608 130.570  40.384 134.786
9008  39.479 -68.367 1  5  5 1949.9   3.408  34.943 266.000   3.255  34.945 266.400   1.605   0.711   0.079   0.566 133.095  40.223 132.738
9008  39.479 -68.367 1  4  4 2075.9   3.277  34.941 266.000   3.114  34.941 267.000   1.461   0.648   0.066   0.531 120.439  41.046 143.369
9008  39.479 -68.367 1  3  3 2200.7   3.172  34.939 266.100   2.999  34.941 267.600   1.392   0.629   0.065   0.498 116.241  41.323 147.043
9008  39.479 -68.367 1  2  2 2300.2   3.070  34.936 266.300   2.889  34.935 266.900   1.339   0.595   0.062   0.434 109.344  41.819 153.742
9008  39.479 -68.367 1  1  1 2422.9   3.013  34.934 266.100   2.820  34.940 266.000   1.310   0.578   0.065   0.395 105.889  42.068 157.167
9009  39.344 -68.460 1 23 23   14.2  23.664  35.494 204.800  23.666  35.494 210.200   1.694   0.980   0.139   1.255 465.523  22.283  16.728
9009  39.344 -68.460 1 22 22   57.1  17.375  35.894 170.800  17.369  35.896 166.700   2.102   1.161   0.089   1.130 429.413  24.031  22.969
9009  39.344 -68.460 1 21 21  104.3  14.426  35.851 154.600  14.414  35.854 157.600   1.988   1.053   0.058   1.076 342.315  29.092  41.324
9009  39.344 -68.460 1 20 20  225.7  10.663  35.358 139.000  10.639  35.363 136.400   1.295   0.640   0.021   0.508 174.011  37.886 104.446
9009  39.344 -68.460 1 19 19  350.7   7.733  35.121 167.800   7.700  35.129 163.100   1.230   0.593   0.035   0.480 139.361  39.839 127.891
9009  39.344 -68.460 1 18 18  476.0   5.815  35.037 213.500   5.775  35.045 209.300   1.909   0.928   0.091   0.755 197.573  36.735  91.798
9009  39.344 -68.460 1 17 17  600.9   4.993  34.989 239.700   4.945  34.995 235.800   2.444   1.222   0.143   0.898 249.091  34.232  69.553
9009  39.344 -68.460 1 16 16  751.6   4.579  34.977 251.500   4.520  34.979 248.400   2.609   1.302   0.168   0.960 259.619  33.675  65.778
9009  39.344 -68.460 1 15 15  875.7   4.390  34.974 255.100   4.323  34.974 253.600   2.299   1.117   0.145   0.854 220.495  35.652  81.078
9009  39.344 -68.460 1 14 14 1000.8   4.229  34.967 258.100   4.152  34.966 256.800   2.527   1.230   0.158   0.982 240.709  34.656  72.665
9009  39.344 -68.460 1 13 13 1125.9   4.066  34.963 260.200   3.980  34.962 258.900   2.365   1.134   0.149   0.753 219.983  35.677  81.303
9009  39.344 -68.460 1 12 12 1250.4   3.960  34.959 261.500   3.863  34.957 259.300   2.264   1.057   0.137   0.717 203.877  36.441  88.752
9009  39.344 -68.460 1 11 11 1376.5   3.851  34.964 261.600   3.744  34.964 261.200   1.910   0.887   0.107   0.682 170.097  38.086 106.744
9009  39.344 -68.460 1 10 10 1500.8   3.714  34.956 263.900   3.598  34.955 263.400   1.829   0.843   0.102   0.630 160.458  38.607 112.854
9009  39.344 -68.460 1  9  9 1626.2   3.595  34.952 264.600   3.469  34.955 263.900   1.681   0.761   0.086   0.496 143.916  39.559 124.410
9009  39.344 -68.460 1  8  8 1751.7   3.498  34.948 265.400   3.362  34.948 265.200   1.623   0.740   0.081   0.507 139.208  39.848 128.007
9009  39.344 -68.460 1  7  7 1875.8   3.423  34.947 265.500   3.276  34.945 265.100   1.502   0.685   0.072   0.478 128.338  40.529 136.655
9009  39.344 -68.460 1  6  6 2000.8   3.309  34.944 266.000   3.152  34.943 265.800   1.402   0.637   0.065   0.471 118.606  41.166 144.951
9009  39.344 -68.460 1  5  5 2126.8   3.207  34.941 266.000   3.040  34.940 266.200   1.333   0.603   0.059   0.422 111.652  41.653 151.480
9009  39.344 -68.460 1  4  4 2250.8   3.122  34.938 266.500   2.945  34.943 268.000   1.314   0.598   0.060   0.417 110.209  41.757 152.893
9009  39.344 -68.460 1  3  3 2376.2   2.954  34.933 267.300   2.768  34.935 267.600   1.290   0.589   0.061   0.461 107.555  41.948 155.510
9009  39.344 -68.460 1  2  2 2500.7   2.808  34.926 268.300   2.612  34.956 268.700   1.371   0.630   0.068   0.501 114.118  41.476 149.087
9009  39.344 -68.460 1  1  1 2660.1   2.682  34.920 269.900   2.473  34.920 269.100   1.515   0.695   0.085   0.701 125.017  40.746 139.460
9010  39.092 -68.638 1 24 24   14.5  23.039  34.913 212.200  23.042  34.992 212.500   1.732   0.987   0.133   1.209 455.087  22.772  18.340
9010  39.092 -68.638 1 23 23   54.5  16.992  35.650 182.000  16.987  35.625 174.600   2.141   1.173   0.099   1.283 425.790  24.214  23.678
9010  39.092 -68.638 1 22 22  159.7  11.931  35.540 157.400  11.913  35.558 155.900   1.727   0.901   0.063   1.004 260.552  33.626  65.457
9010  39.092 -68.638 1 21 21  250.8   9.469  35.223 137.100   9.443  35.229 137.000   1.090   0.535   0.024   0.384 137.141  39.975 129.599
9010  39.092 -68.638 1 20 20  351.1   7.401  35.111 173.500   7.368  35.110 173.500   1.302   0.625   0.039   0.554 144.431  39.527 124.021
9010  39.092 -68.638 1 19 19  449.5   5.945  35.052 206.600   5.907  35.050 206.900   1.766   0.851   0.077   0.624 182.431  37.457  99.601
9010  39.092 -68.638 1 18 18  549.7   5.367  35.038 222.900   5.322  35.038 224.800   1.939   0.939   0.091   0.672 195.300  36.841  92.918
9010  39.092 -68.638 1 17 17  624.9   5.069  35.029 233.700   5.018  35.028 234.300   2.067   0.997   0.109   0.799 204.126  36.429  88.632
9010  39.092 -68.638 1 16 16  750.3   4.683  35.003 245.400   4.624  35.002 244.000   2.268   1.093   0.126   0.783 219.206  35.714  81.646
9010  39.092 -68.638 1 15 15  900.4   4.376  34.987 253.300   4.306  34.991 252.000   2.315   1.100   0.136   0.888 217.006  35.818  82.630
9010  39.092 -68.638 1 14 14 1050.6   4.159  34.976 256.100   4.078  34.975 257.100   2.244   1.051   0.134   0.708 204.929  36.391  88.252
9010  39.092 -68.638 1 13 13 1200.4   4.013  34.971 258.800   3.920  34.972 259.100   2.086   0.965   0.113   0.648 186.687  37.244  97.253
9010  39.092 -68.638 1 12 12 1350.4   3.848  34.965 261.200   3.744  34.964 261.400   1.913   0.868   0.099   0.546 166.427  38.273 108.920
9010  39.092 -68.638 1 11 11 1500.3   3.700  34.957 263.100   3.584  34.959 263.300   1.792   0.806   0.089   0.505 153.300  39.009 117.678
9010  39.092 -68.638 1 10 10 1650.5   3.574  34.950 265.000   3.446  34.951 264.300   1.724   0.770   0.082   0.497 145.451  39.465 123.247
9010  39.092 -68.638 1  9  9 1801.2   3.425  34.947 266.100   3.286  34.947 266.200   1.537   0.680   0.069   0.412 127.415  40.590 137.433
9010  39.092 -68.638 1  8  8 1950.2   3.315  34.945 266.000   3.163  34.944 266.000   1.422   0.632   0.064   0.311 117.713  41.224 145.724
9010  39.092 -68.638 1  7  7 2099.9   3.220  34.942 265.900   3.055  34.942 265.800   1.342   0.593   0.057   0.332 109.878  41.781 153.218
9010  39.092 -68.638 1  6  6 2250.3   3.102  34.939 265.900   2.926  34.939 265.900   1.251   0.548   0.052   0.287 100.887  42.443 162.441
9010  39.092 -68.638 1  5  5 2450.7   2.939  34.933 266.600   2.746  34.933 266.900   1.222   0.542   0.054   0.241  98.892  42.603 164.723
9010  39.092 -68.638 1  4  4 2650.4   2.742  34.924 268.900   2.533  34.923 269.600   1.363   0.607   0.065   0.293 109.553  41.804 153.536
9010  39.092 -68.638 1  3  3 2775.7   2.605  34.917 270.800   2.386  34.918 271.200   1.592   0.737   0.085   0.429 132.010  40.289 133.585
9010  39.092 -68.638 1  2  2 2983.2   2.347  34.904 271.900   2.112  34.905 272.400   1.668   0.757   0.098   0.441 133.658  40.188 132.300
9010  39.092 -68.638 1  1  1 3089.1   2.265  34.899 270.600   2.022  34.900 270.800   1.631   0.749   0.094   0.432 131.640  40.314 133.893
9011  38.827 -68.814 1 24 24    3.4  22.475  34.796 211.400  22.479  34.796 218.100   1.733   0.980   0.132   1.162 441.540  23.415  20.642
9011  38.827 -68.814 1 23 23  100.0  14.365  35.858 157.200  14.353  35.851 153.900   1.838   0.961   0.048   0.932 311.581  30.958  49.704
9011  38.827 -68.814 1 22 22  200.3  10.151  35.289 136.600  10.130  35.289 136.100   1.193   0.586   0.021   0.614 155.361  38.893 116.279
9011  38.827 -68.814 1 21 21  250.0   8.783  35.117 132.400   8.758  35.117 132.100   0.863   0.418   0.020   0.384 103.497  42.240 159.570
9011  38.827 -68.814 1 20 20  319.4   7.201  35.093 164.500   7.172  35.091 173.600   1.386   0.660   0.048   0.564 150.956  39.141 119.277
9011  38.827 -68.814 1 19 19  450.2   5.800  35.040 201.700   5.762  35.039 210.200   1.841   0.879   0.081   0.631 186.999  37.229  97.094
9011  38.827 -68.814 1 18 18  600.2   5.010  35.013 229.700   4.963  35.011 234.700   2.208   1.063   0.118   0.726 216.926  35.822  82.666
9011  38.827 -68.814 1 17 17  750.8   4.662  35.003 245.800   4.603  35.004 244.600   2.271   1.075   0.130   0.792 215.358  35.897  83.375
9011  38.827 -68.814 1 16 16  874.6   4.411  34.994 251.800   4.343  35.001 250.900   2.233   1.049   0.121   0.745 207.347  36.278  87.111
9011  38.827 -68.814 1 15 15 1000.0   4.237  34.985 255.600   4.160  34.984 254.400   2.164   1.003   0.119   0.689 196.404  36.790  92.372
9011  38.827 -68.814 1 14 14 1149.0   4.036  34.974 258.700   3.948  34.972 258.000   2.050   0.942   0.111   0.661 182.467  37.455  99.581
9011  38.827 -68.814 1 13 13 1300.5   3.881  34.964 261.200   3.780  34.964 260.600   1.967   0.894   0.109   0.679 171.715  38.004 105.791
9011  38.827 -68.814 1 12 12 1449.5   3.734  34.959 263.000   3.622  34.958 262.300   1.779   0.798   0.092   0.665 152.060  39.079 118.521
9011  38.827 -68.814 1 11 11 1600.4   3.604  34.953 264.900   3.480  34.953 264.100   1.696   0.764   0.082   0.574 144.556  39.520 123.926
9011  38.827 -68.814 1 10 10 1749.7   3.498  34.947 265.600   3.362  34.951 265.200   1.622   0.724   0.077   0.530 136.197  40.033 130.330
9011  38.827 -68.814 1  9  9 1875.2   3.430  34.953 265.000   3.283  34.951 263.800   1.332   0.594   0.060   0.357 111.337  41.676 151.788
9011  38.827 -68.814 1  8  8 2000.1   3.315  34.948 264.900   3.158  34.946 264.300   1.249   0.561   0.055   0.325 104.492  42.168 158.568
9011  38.827 -68.814 1  7  7 2150.0   3.203  34.946 264.900   3.034  34.944 264.400   1.105   0.495   0.048   0.344  91.638  43.183 173.217
9011  38.827 -68.814 1  6  6 2399.9   2.971  34.937 265.800   2.782  34.935 265.300   1.060   0.481   0.045   0.351  87.919  43.505 178.039
9011  38.827 -68.814 1  5  5 2649.4   2.674  34.921 269.600   2.466  34.919 269.800   1.431   0.648   0.074   0.360 116.512  41.304 146.783
9011  38.827 -68.814 1  4  4 2849.7   2.441  34.910 272.000   2.218  34.909 271.600   1.573   0.719   0.092   0.560 127.617  40.577 137.263
9011  38.827 -68.814 1  3  3 2999.4   2.305  34.903 273.000   2.069  34.904 272.100   1.686   0.771   0.105   0.566 135.813  40.056 130.627
9011  38.827 -68.814 1  2  2 3125.2   2.207  34.897 271.500   1.961  34.897 270.600   1.545   0.712   0.099   0.461 124.734  40.765 139.701
9011  38.827 -68.814 1  1  1 3290.0   2.120  34.889 265.900   1.860  34.888 265.900   1.183   0.545   0.079   0.340  95.011  42.913 169.232
9012  38.561 -67.029 1 24 24    3.8  21.512  33.384 218.700  21.517  33.387 222.400   1.871   1.066   0.158   1.257 456.050  22.727  18.186
9012  38.561 -67.029 1 23 23  101.1  14.179  35.786 146.400  14.168  35.670 156.200   1.946   1.045   0.063   0.986 335.759  29.521  42.966
9012  38.561 -67.029 1 22 22  176.1  10.560  35.336 156.900  10.541  35.341 134.600   1.227   0.610   0.020   0.551 165.006  38.352 109.836
9012  38.561 -67.029 1 21 21  275.7   7.784  35.120 159.300   7.758  35.118 161.300   1.292   0.625   0.042   0.643 147.258  39.354 121.883
9012  38.561 -67.029 1 20 20  425.6   5.939  35.057 204.800   5.904  35.054 207.900   1.708   0.819   0.074   0.710 175.529  37.809 103.563
9012  38.561 -67.029 1 19 19  575.7   5.058  35.026 232.900   5.013  35.025 234.700   2.077   1.005   0.109   0.789 205.639  36.358  87.916
9012  38.561 -67.029 1 18 18  725.0   4.639  35.001 245.700   4.582  -9.000  -9.000  -9.000  -9.000  -9.000  -9.000  -9.000  -9.000  -9.000
9012  38.561 -67.029 1 17 17  875.7   4.331  34.985 253.200   4.263  34.986 252.900   2.287   1.098   0.135   0.765 216.089  35.862  83.045
9012  38.561 -67.029 1 16 16 1025.0   4.166  34.972 256.900   4.087  34.973 256.600   2.265   1.076   0.137   0.619 209.874  36.158  85.914
9012  38.561 -67.029 1 15 15 1176.0   4.060  34.974 259.100   3.969  34.972 257.900   2.077   0.968   0.115   0.668 187.742  37.195  96.714
9012  38.561 -67.029 1 14 14 1325.7   3.943  34.971 260.700   3.840  34.970 259.300   1.907   0.879   0.102   0.598 169.412  38.121 107.149
9012  38.561 -67.029 1 13 13 1475.6   3.756  34.958 263.300   3.642  34.957 262.800   1.840   0.841   0.098   0.554 160.444  38.608 112.863
9012  38.561 -67.029 1 12 12 1626.2   3.621  34.954 264.100   3.495  34.952 263.900   1.663   0.751   0.083   0.530 142.228  39.663 125.696
9012  38.561 -67.029 1 11 11 1775.4   3.485  34.949 265.200   3.347  34.949 265.000   1.544   0.699   0.072   0.499 131.403  40.329 134.089
9012  38.561 -67.029 1 10 10 1925.1   3.385  34.948 264.900   3.235  34.947 265.100   1.376   0.615   0.059   0.419 114.986  41.413 148.248
9012  38.561 -67.029 1  9  9 2075.4   3.312  34.949 264.600   3.148  34.948 264.100   1.214   0.543   0.055   0.395 101.124  42.424 162.171
9012  38.561 -67.029 1  8  8 2275.7   3.075  34.941 265.300   2.896  34.940 264.900   1.111   0.503   0.045   0.317  92.467  43.117 172.232
9012  38.561 -67.029 1  7  7 2474.6   2.894  34.931 267.200   2.699  34.930 267.400   1.232   0.551   0.055   0.391 100.284  42.491 163.128
9012  38.561 -67.029 1  6  6 2677.2   2.675  34.921 269.500   2.465  34.919 281.200   1.422   0.657   0.069   0.413 118.138  41.196 145.355
9012  38.561 -67.029 1  5  5 2874.9   2.498  34.912 271.300   2.271  34.911 271.600   1.544   0.704   0.094   0.472 125.350  40.725 139.178
9012  38.561 -67.029 1  4  4 3023.4   2.354  34.905 272.700   2.116  34.905 273.300   1.654   0.771   0.100   0.503 136.185  40.033 130.339
9012  38.561 -67.029 1  3  3 3150.4   2.303  34.902 272.800   2.052  34.901 273.000   1.717   0.798   0.110   0.673 140.553  39.765 126.977
9012  38.561 -67.029 1  2  2 3299.9   2.237  34.897 271.600   1.973  34.898 271.500   1.543   0.714   0.099   0.586 125.293  40.728 139.226
9012  38.561 -67.029 1  1  1 3494.4   2.142  34.888 265.600   1.859  34.886 275.200   1.180   0.539   0.082   0.456  94.078  42.988 170.328
9013  38.317 -67.134 1 24 24    1.7  21.760  33.527 277.100  21.765  33.572 225.100   1.864   1.063   0.151   1.314 459.904  22.547  17.580
9013  38.317 -67.134 1 23 23  100.5  15.972  35.979 151.000  15.960  35.979 150.600   1.846   0.989   0.048   1.115 344.643  28.922  40.707
9013  38.317 -67.134 1 22 22  200.3  10.106  35.278 144.200  10.085  35.280 135.800   1.157   0.567   0.018   0.629 149.982  39.196 119.943
9013  38.317 -67.134 1 21 21  350.1   6.949  35.081 178.400   6.917  35.079 181.000   1.489   0.716   0.056   0.713 161.661  38.539 112.052
9013  38.317 -67.134 1 20 20  500.0   5.596  35.034 216.400   5.555  35.031 239.500   1.940   0.925   0.092   0.734 194.694  36.870  93.218
9013  38.317 -67.134 1 19 19  649.8   4.875  35.005 239.500   4.824  35.013 247.300   2.273   1.089   0.127   0.847 220.641  35.645  81.014
9013  38.317 -67.134 1 18 18  800.0   4.592  35.000 248.000   4.530  35.000 247.600   2.271   1.079   0.126   0.795 215.350  35.897  83.380
9013  38.317 -67.134 1 17 17  950.3   4.330  34.987 253.200   4.256  34.985 253.500   2.269   1.073   0.132   0.825 211.161  36.097  85.311
9013  38.317 -67.134 1 16 16 1100.0   4.095  34.970 257.900   4.010  34.969 258.500   2.264   1.052   0.128   0.768 204.409  36.416  88.498
9013  38.317 -67.134 1 15 15 1249.7   3.987  34.969 259.900   3.890  34.972 259.700   2.046   0.943   0.114   0.715 182.169  37.470  99.751
9013  38.317 -67.134 1 14 14 1399.8   3.846  34.962 261.500   3.737  34.961 261.800   1.940   0.874   0.105   0.586 167.555  38.216 108.249
9013  38.317 -67.134 1 13 13 1599.7   3.665  34.954 263.900   3.541  34.953 264.800   1.775   0.806   0.089   0.531 153.007  39.026 117.877
9013  38.317 -67.134 1 12 12 1800.6   3.511  34.949 265.200   3.370  34.947 265.600   1.579   0.714   0.075   0.472 134.413  40.142 131.712
9013  38.317 -67.134 1 11 11 1999.9   3.390  34.948 265.400   3.232  34.946 265.700   1.375   0.618   0.062   0.419 115.579  41.371 147.679
9013  38.317 -67.134 1 10 10 2200.2   3.260  34.946 265.000   3.085  34.945 265.800   1.200   0.551   0.053   0.381 102.322  42.328 160.814
9013  38.317 -67.134 1  9  9 2400.3   3.114  34.944 264.300   2.923  34.943 264.300   1.026   0.470   0.042   0.335  86.588  43.625 179.858
9013  38.317 -67.134 1  8  8 2599.9   2.958  34.937 265.300   2.750  34.939 265.700   1.046   0.479   0.044   0.265  87.492  43.543 178.621
9013  38.317 -67.134 1  7  7 2800.3   2.804  34.929 266.800   2.579  34.927 267.000   1.047   0.472   0.048   0.331  85.482  43.724 181.375
9013  38.317 -67.134 1  6  6 2999.8   2.607  34.917 270.500   2.365  34.916 270.400   1.430   0.654   0.076   0.456 117.156  41.260 146.207
9013  38.317 -67.134 1  5  5 3150.5   2.454  34.909 270.900   2.201  34.908 271.000   1.450   0.666   0.081   0.503 118.294  41.186 145.220
9013  38.317 -67.134 1  4  4 3300.3   2.369  34.904 271.600   2.102  34.903 272.100   1.517   0.699   0.090   0.569 123.567  40.841 140.692
9013  38.317 -67.134 1  3  3 3450.2   2.274  34.898 271.100   1.993  34.896 271.000   1.485   0.699   0.099   0.590 122.912  40.884 141.251
9013  38.317 -67.134 1  2  2 3649.3   2.202  34.892 268.800   1.902  34.891 269.000   1.351   0.631   0.091   0.410 110.509  41.735 152.598
9013  38.317 -67.134 1  1  1 3852.4   2.145  34.884 262.400   1.823  34.885 263.700   0.884   0.414   0.059   0.327  72.270  44.990 201.177
9014  38.092 -67.333 1 24 24   15.4  26.194  35.779 194.100  26.197  35.551 206.600   1.546   0.898   0.127   1.213 470.480  22.011  15.890
9014  38.092 -67.333 1 23 23  100.6  16.221  34.685 175.600  16.209  34.692 193.900   2.525   1.398   0.175   1.314 486.236  21.103  13.376
9014  38.092 -67.333 1 22 22  200.7  13.626  35.749 188.600  13.600  35.743 163.400   1.936   1.028   0.061   0.931 322.047  30.346  46.587
9014  38.092 -67.333 1 21 21  360.4   9.006  35.133 130.000   8.968  35.135 132.100   0.859   0.413   0.014   0.587 103.405  42.246 159.662
9014  38.092 -67.333 1 20 20  500.2   6.529  35.068 181.700   6.484  35.071 192.000   1.579   0.748   0.059   0.665 165.279  38.336 109.656
9014  38.092 -67.333 1 19 19  700.1   5.273  35.039 226.900   5.215  35.038 228.400   1.917   0.913   0.091   0.676 188.962  37.138  96.094
9014  38.092 -67.333 1 18 18  901.3   4.564  34.989 247.300   4.493  34.989 248.700   2.372   1.154   0.136   0.813 229.950  35.197  77.031
9014  38.092 -67.333 1 17 17 1103.8   4.257  34.974 253.400   4.170  34.973 255.500   2.354   1.125   0.135   0.787 220.506  35.652  81.074
9014  38.092 -67.333 1 16 16 1250.7   4.141  34.970 256.800   4.042  34.970 258.200   2.274   1.084   0.130   0.757 211.147  36.097  85.317
9014  38.092 -67.333 1 15 15 1402.9   4.076  34.976 258.700   3.964  34.978 258.000   2.023   0.939   0.111   0.613 182.279  37.465  99.688
9014  38.092 -67.333 1 14 14 1600.8   3.860  34.963 262.100   3.733  34.961 262.400   1.891   0.879   0.101   0.556 168.642  38.160 107.605
9014  38.092 -67.333 1 13 13 1851.3   3.620  34.953 264.400   3.473  34.952 264.600   1.628   0.728   0.081   0.402 137.863  39.930 129.042
9014  38.092 -67.333 1 12 12 2101.4   3.432  34.949 264.700   3.264  34.948 265.700   1.380   0.624   0.062   0.322 116.968  41.273 146.370
9014  38.092 -67.333 1 11 11 2351.5   3.251  34.945 264.600   3.062  34.944 265.400   1.208   0.547   0.051   0.387 101.529  42.392 161.712
9014  38.092 -67.333 1 10 10 2602.1   3.043  34.940 264.600   2.833  34.939 265.800   1.013   0.459   0.042   0.408  84.231  43.837 183.099
9014  38.092 -67.333 1  9  9 2851.7   2.832  34.929 266.900   2.601  34.927 268.300   1.086   0.491   0.047   0.354  89.060  43.402 176.489
9014  38.092 -67.333 1  8  8 3052.3   2.626  34.918 269.100   2.379  34.917 269.300   1.259   0.576   0.062   0.521 103.291  42.255 159.779
9014  38.092 -67.333 1  7  7 3202.7   2.504  34.911 269.900   2.244  34.912 271.100   1.399   0.640   0.075   0.563 113.992  41.485 149.208
9014  38.092 -67.333 1  6  6 3351.5   2.416  34.906 271.000   2.142  34.905 272.300   1.563   0.712   0.092   0.591 126.196  40.669 138.462
9014  38.092 -67.333 1  5  5 3501.3   2.349  34.902 272.400   2.060  34.901 272.600   1.591   0.742   0.095   0.678 131.022  40.354 134.408
9014  38.092 -67.333 1  4  4 3601.5   2.312  34.900 272.100   2.013  34.898 270.700   1.412   0.653   0.087   0.581 115.069  41.407 148.168
9014  38.092 -67.333 1  3  3 3800.1   2.242  34.894 268.900   1.924  34.893 267.900   1.289   0.599   0.081   0.494 105.139  42.122 157.919
9014  38.092 -67.333 1  2  2 4000.0   2.184  34.887 264.900   1.845  34.886 264.000   0.985   0.461   0.064   0.335  80.651  44.159 188.079
9014  38.092 -67.333 1  1  1 4167.9   2.180  34.884 262.800   1.822  34.894 262.800   0.902   0.417   0.061   0.240  72.934  44.923 200.105
9015  37.859 -67.496 1 24 24    2.3  27.226  36.211 168.800  27.232  36.210 200.600   1.419   0.818   0.102   1.027 446.941  23.153  19.683
9015  37.859 -67.496 1 23 23  101.1  23.756  36.808 171.700  23.740  36.805 173.300   1.708   0.983   0.076   1.081 474.657  21.781  15.215
9015  37.859 -67.496 1 22 22  201.4  19.612  36.681 163.900  19.580  36.681 178.200   1.961   1.100   0.039   0.998 450.139  23.003  19.148
9015  37.859 -67.496 1 21 21  352.8  15.909  36.137 142.400  15.856  36.145 158.800   2.006   1.057   0.015   0.947 367.899  27.360  35.373
9015  37.859 -67.496 1 20 20  497.2  10.435  35.301 128.500  10.377  35.298 129.700   1.151   0.561   0.017   0.626 150.792  39.150 119.388
9015  37.859 -67.496 1 19 19  599.5   8.762  35.187 132.100   8.699  35.185 151.200   1.148   0.551   0.028   0.617 136.382  40.021 130.185
9015  37.859 -67.496 1 18 18  801.9   5.387  35.019 216.700   5.320  35.020 224.000   2.110   1.019   0.109   0.589 212.121  36.051  84.864
9015  37.859 -67.496 1 17 17 1002.7   4.646  34.996 242.400   4.565  34.996 246.000   2.310   1.113   0.134   0.673 222.766  35.544  80.088
9015  37.859 -67.496 1 16 16 1152.5   4.430  34.990 251.700   4.338  34.990 252.400   2.304   1.095   0.133   0.633 216.649  35.835  82.791
9015  37.859 -67.496 1 15 15 1303.3   4.205  34.976 256.700   4.101  34.975 256.500   2.275   1.075   0.132   0.655 210.124  36.146  85.797
9015  37.859 -67.496 1 14 14 1502.2   4.011  34.971 259.600   3.892  34.970 259.400   2.018   0.936   0.116   0.539 181.057  37.527 100.383
9015  37.859 -67.496 1 13 13 1703.2   3.806  34.959 262.100   3.671  34.958 262.300   1.864   0.845   0.099   0.453 161.642  38.541 112.065
9015  37.859 -67.496 1 12 12 1902.0   3.653  34.957 263.600   3.501  34.955 264.400   1.595   0.720   0.079   0.468 136.597  40.008 130.020
9015  37.859 -67.496 1 11 11 2051.2   3.542  34.953 264.700   3.377  34.953 264.400   1.476   0.668   0.068   0.430 125.969  40.684 138.653
9015  37.859 -67.496 1 10 10 2301.5   3.339  34.948 265.000   3.153  34.947 264.800   1.225   0.551   0.052   0.345 102.764  42.293 160.316
9015  37.859 -67.496 1  9  9 2601.3   3.091  34.940 265.000   2.880  34.941 265.500   1.204   0.544   0.052   0.328 100.090  42.507 163.350
9015  37.859 -67.496 1  8  8 2902.2   2.831  34.928 267.700   2.595  34.927 267.300   1.225   0.561   0.056   0.323 101.751  42.374 161.459
9015  37.859 -67.496 1  7  7 3150.9   2.621  34.918 268.900   2.364  34.917 269.000   1.222   0.554   0.061   0.343  99.318  42.569 164.234
9015  37.859 -67.496 1  6  6 3401.3   2.415  34.907 268.600   2.136  34.906 269.100   1.174   0.538   0.068   0.382  95.351  42.886 168.834
9015  37.859 -67.496 1  5  5 3600.4   2.334  34.901 269.400   2.035  34.900 269.500   1.221   0.564   0.073   0.348  99.506  42.554 164.019
9015  37.859 -67.496 1  4  4 3750.4   2.280  34.897 268.400   1.967  34.896 269.600   1.317   0.608   0.082   0.403 106.945  41.992 156.115
9015  37.859 -67.496 1  3  3 3899.0   2.247  34.894 269.600   1.917  34.893 269.200   1.307   0.609   0.084   0.359 106.924  41.993 156.137
9015  37.859 -67.496 1  2  2 4100.9   2.216  34.889 266.300   1.864  34.888 265.500   1.001   0.467   0.069   0.305  81.848  44.052 186.407
9015  37.859 -67.496 1  1  1 4437.3   2.198  34.883 262.300   1.808  34.884 262.300   0.876   0.418   0.056   0.223  73.182  44.898 199.706
9016  37.622 -67.627 1 24 24    1.3  26.117  36.381 196.800  26.123  36.378 201.300   1.467   0.855   0.115   1.023 449.318  23.042  19.284
9016  37.622 -67.627 1 23 23  100.2  22.451  36.750 201.500  22.436  36.748 199.000   1.785   1.026   0.109   1.051 470.735  21.997  15.848
9016  37.622 -67.627 1 22 22  203.9  19.062  36.626 178.900  19.030  36.635 179.200   1.982   1.113   0.036   1.143 445.023  23.242  20.008
9016  37.622 -67.627 1 21 21  302.5  18.244  36.561 194.900  18.195  36.566 193.900   2.039   1.136   0.047   1.209 438.728  23.558  21.174
9016  37.622 -67.627 1 20 20  500.8  16.435  36.255 180.800  16.356  36.263 180.400   2.077   1.126   0.033   1.045 401.436  25.401  28.246
9016  37.622 -67.627 1 19 19  749.9  10.429  35.340 142.700  10.340  35.342 141.700   1.284   0.636   0.027   0.502 170.970  38.042 106.230
9016  37.622 -67.627 1 18 18 1000.4   5.713  35.031 219.100   5.624  35.032 214.800   1.954   0.940   0.096   0.601 199.058  36.666  91.073
9016  37.622 -67.627 1 17 17 1250.4   4.720  35.008 247.700   4.616  35.012 244.300   2.180   1.040   0.122   0.636 208.998  36.200  86.326
9016  37.622 -67.627 1 16 16 1399.1   4.406  34.989 253.100   4.292  34.987 252.300   2.252   1.069   0.134   0.640 211.232  36.093  85.278
9016  37.622 -67.627 1 15 15 1600.1   4.107  34.972 258.200   3.977  34.972 258.100   2.113   0.986   0.124   0.614 191.712  37.009  94.707
9016  37.622 -67.627 1 14 14 1850.6   3.853  34.961 261.600   3.703  34.960 261.200   1.861   0.837   0.105   0.493 160.522  38.603 112.810
9016  37.622 -67.627 1 13 13 2098.4   3.656  34.954 263.700   3.485  34.953 263.800   1.636   0.738   0.085   0.462 140.030  39.797 127.376
9016  37.622 -67.627 1 12 12 2399.5   3.445  34.948 264.600   3.248  34.946 264.900   1.402   0.632   0.063   0.470 118.551  41.169 144.997
9016  37.622 -67.627 1 11 11 2599.4   3.284  34.946 264.300   3.069  34.952 263.900   1.195   0.544   0.051   0.409 101.153  42.422 162.138
9016  37.622 -67.627 1 10 10 2901.4   3.047  34.938 265.100   2.807  34.938 264.600   1.055   0.485   0.047   0.326  89.020  43.405 176.545
9016  37.622 -67.627 1  9  9 3146.3   2.789  34.925 267.800   2.528  34.923 267.600   1.269   0.576   0.061   0.532 104.227  42.187 158.834
9016  37.622 -67.627 1  8  8 3348.6   2.616  34.918 267.900   2.337  34.916 266.900   1.031   0.465   0.053   0.518  83.340  43.917 184.332
9016  37.622 -67.627 1  7  7 3552.6   2.457  34.908 270.100   2.161  34.907 268.000   1.114   0.509   0.062   0.501  90.421  43.280 174.670
9016  37.622 -67.627 1  6  6 3751.7   2.378  34.903 267.600   2.062  34.898 267.900   1.114   0.516   0.067   0.489  91.262  43.213 173.666
9016  37.622 -67.627 1  5  5 3951.6   2.300  34.896 266.200   1.964  34.897 267.800   1.181   0.543   0.075   0.504  95.617  42.865 168.521
9016  37.622 -67.627 1  4  4 4151.3   2.265  34.892 266.400   1.906  34.892 265.800   1.028   0.477   0.066   0.423  83.829  43.873 183.656
9016  37.622 -67.627 1  3  3 4327.2   2.246  34.889 265.400   1.868  34.889 264.500   0.952   0.442   0.061   0.445  77.594  44.452 192.655
9016  37.622 -67.627 1  2  2 4503.0   2.234  34.886 263.700   1.835  34.886 262.900   0.929   0.436   0.061   0.428  76.487  44.564 194.414
9016  37.622 -67.627 1  1  1 4675.8   2.225  34.882 262.400   1.805  -9.000 260.300   0.882   0.405   0.062   0.311  71.012  45.117 203.212
9017  37.383 -67.797 1 24 24    4.3  26.184  36.411 203.000  26.190  36.409 206.700   1.418   0.827   0.117   0.913 435.812  23.706  21.731
9017  37.383 -67.797 1 23 23  202.6  18.830  36.619 202.800  18.798  36.615 202.800   2.009   1.156   0.102   1.139 457.764  22.647  17.914
9017  37.383 -67.797 1 22 22  402.4  17.778  36.516 204.800  17.712  36.519 200.800   2.064   1.157   0.060   1.243 437.971  23.596  21.318
9017  37.383 -67.797 1 21 21  553.4  16.949  36.373 204.300  16.860  36.378 198.800   2.089   1.167   0.074   1.108 425.849  24.211  23.666
9017  37.383 -67.797 1 20 20  702.1  14.159  35.854 161.700  14.057  35.861 164.500   1.925   1.016   0.032   0.993 326.372  30.087  45.372
9017  37.383 -67.797 1 19 19  901.8   8.648  35.097 133.000   8.551  35.115 136.100   0.848   0.411   0.018   0.405 101.067  42.429 162.237
9017  37.383 -67.797 1 18 18 1099.6   5.910  35.051 209.300   5.810  35.051 211.100   1.773   0.857   0.076   0.539 183.384  37.408  99.062
9017  37.383 -67.797 1 17 17 1299.3   4.890  35.013 242.000   4.780  35.012 241.400   2.189   1.071   0.118   0.743 217.184  35.810  82.550
9017  37.383 -67.797 1 16 16 1449.3   4.543  34.995 251.000   4.423  34.997 249.900   2.243   1.086   0.125   0.785 216.175  35.858  83.005
9017  37.383 -67.797 1 15 15 1648.0   4.214  34.977 257.900   4.078  34.979 256.400   2.195   1.044   0.124   0.617 204.165  36.427  88.614
9017  37.383 -67.797 1 14 14 1898.9   3.947  34.966 261.300   3.791  34.965 260.700   1.931   0.905   0.101   0.512 174.449  37.864 104.191
9017  37.383 -67.797 1 13 13 2099.6   3.745  34.958 263.300   3.572  34.956 263.100   1.699   0.773   0.092   0.451 147.384  39.346 121.787
9017  37.383 -67.797 1 12 12 2350.2   3.535  34.947 265.200   3.341  34.946 265.300   1.528   0.692   0.068   0.424 130.436  40.392 134.898
9017  37.383 -67.797 1 11 11 2650.2   3.344  34.949 265.300   3.124  34.948 264.900   1.146   0.519   0.047   0.351  96.824  42.768 167.116
9017  37.383 -67.797 1 10 10 2931.8   3.103  34.938 266.000   2.858  34.937 265.800   1.160   0.524   0.045   0.469  96.472  42.796 167.524
9017  37.383 -67.797 1  9  9 3200.1   2.857  34.927 267.800   2.589  34.926 267.600   1.209   0.548   0.053   0.487  99.532  42.551 163.987
9017  37.383 -67.797 1  8  8 3401.3   2.671  34.919 268.900   2.386  34.918 268.400   1.151   0.520   0.055   0.448  93.480  43.036 171.033
9017  37.383 -67.797 1  7  7 3607.0   2.520  34.911 268.000   2.216  34.910 268.500   1.112   0.511   0.058   0.435  91.096  43.226 173.862
9017  37.383 -67.797 1  6  6 3798.9   2.399  34.903 269.900   2.077  34.902 268.600   1.109   0.507   0.062   0.419  89.773  43.338 175.525
9017  37.383 -67.797 1  5  5 3999.8   2.316  34.897 267.700   1.973  34.895 267.000   1.074   0.497   0.068   0.397  87.595  43.534 178.481
9017  37.383 -67.797 1  4  4 4200.8   2.267  34.892 265.900   1.903  34.891 265.600   0.932   0.430   0.058   0.348  75.578  44.656 195.863
9017  37.383 -67.797 1  3  3 4400.7   2.256  34.889 265.100   1.869  34.888 265.000   0.990   0.463   0.061   0.368  81.326  44.099 187.135
9017  37.383 -67.797 1  2  2 4600.4   2.248  34.886 264.000   1.837  34.885 263.600   0.933   0.439   0.061   0.351  77.074  44.505 193.480
9017  37.383 -67.797 1  1  1 4822.7   2.249  34.883 262.100   1.811  34.883 261.800   0.898   0.415   0.058   0.227  72.861  44.930 200.224
9019  36.895 -66.090 1 24 24    7.3  25.365  36.552 202.700  25.370  36.550 208.800   1.492   0.882   0.116   1.210 451.494  22.940  18.924
9019  36.895 -66.090 1 23 23  199.2  19.381  36.662 200.700  19.349  36.662 199.000   1.933   1.122   0.071   1.286 454.727  22.789  18.398
9019  36.895 -66.090 1 22 22  400.2  18.062  36.562 205.200  17.996  36.562 203.900   2.030   1.156   0.067   1.271 443.060  23.338  20.358
9019  36.895 -66.090 1 21 21  599.6  17.018  36.385 197.800  16.921  36.397 199.600   2.066   1.166   0.066   1.286 426.793  24.163  23.481
9019  36.895 -66.090 1 20 20  750.5  14.098  35.843 163.700  13.990  35.859 163.100   1.913   0.989   0.032   0.725 316.795  30.653  48.113
9019  36.895 -66.090 1 19 19  900.3  10.782  35.383 145.100  10.671  35.404 143.300   1.356   0.679   0.023   0.591 185.712  37.289  97.752
9019  36.895 -66.090 1 18 18 1100.6   6.979  35.091 178.100   6.871  35.093 181.800   1.322   0.631   0.042   0.423 142.701  39.634 125.335
9019  36.895 -66.090 1 17 17 1300.0   5.176  35.027 231.500   5.063  35.027 232.900   2.063   1.000   0.106   0.692 205.890  36.347  87.797
9019  36.895 -66.090 1 16 16 1499.9   4.595  34.999 247.000   4.469  34.999 248.400   2.215   1.075   0.125   0.765 214.585  35.934  83.729
9019  36.895 -66.090 1 15 15 1650.0   4.336  34.982 254.200   4.199  34.983 254.400   2.235   1.069   0.133   0.653 210.432  36.131  85.652
9019  36.895 -66.090 1 14 14 1899.8   4.033  34.969 259.400   3.876  34.969 259.700   1.997   0.942   0.110   0.504 182.428  37.457  99.603
9019  36.895 -66.090 1 13 13 2099.2   3.838  34.961 261.300   3.664  34.959 262.300   1.779   0.828   0.093   0.372 158.666  38.708 114.052
9019  36.895 -66.090 1 12 12 2349.3   3.597  34.948 264.800   3.402  34.948 265.500   1.616   0.736   0.079   0.374 139.199  39.848 128.015
9019  36.895 -66.090 1 11 11 2649.6   3.372  34.945 264.900   3.151  34.944 265.000   1.325   0.605   0.060   0.319 113.034  41.554 150.137
9019  36.895 -66.090 1 10 10 2949.2   3.138  34.941 264.500   2.891  34.941 264.600   1.062   0.483   0.044   0.276  89.096  43.399 176.442
9019  36.895 -66.090 1  9  9 3099.9   3.019  34.937 264.800   2.758  34.936 265.000  -9.000  -9.000  -9.000  -9.000  -9.000  -9.000  -9.000
9019  36.895 -66.090 1  8  8 3351.6   2.755  34.924 266.500   2.473  34.924 267.200   1.044   0.485   0.050   0.230  87.597  43.534 178.479
9019  36.895 -66.090 1  7  7 3548.4   2.625  34.917 266.700   2.325  34.917 267.000   0.915   0.436   0.046   0.303  78.181  44.393 191.724
9019  36.895 -66.090 1  6  6 3750.7   2.491  34.909 267.200   2.172  34.908 268.000   0.974   0.459   0.052   0.332  81.694  44.065 186.621
9019  36.895 -66.090 1  5  5 4000.7   2.404  34.902 267.000   2.059  34.902 268.900   1.033   0.489   0.062   0.359  86.610  43.622 179.827
9019  36.895 -66.090 1  4  4 4300.3   2.314  34.894 266.100   1.937  34.893 266.500   0.980   0.467   0.062   0.333  82.296  44.011 185.783
9019  36.895 -66.090 1  3  3 4550.3   2.285  34.889 264.600   1.879  34.888 263.900   0.891   0.423   0.061   0.287  74.419  44.773 197.718
9019  36.895 -66.090 1  2  2 4799.9   2.269  34.885 263.200   1.833  34.883 262.600   0.832   0.401   0.056   0.279  70.483  45.171 204.069
9019  36.895 -66.090 1  1  1 5016.5   2.271  34.882 262.000   1.808  34.881 260.900   0.826   0.398   0.056   0.270  69.962  45.223 204.915
9021  36.200 -66.543 1 24 24    2.4  24.863  36.576 202.000  24.868  36.575 206.300   1.522   0.910   0.118   1.137 457.247  22.671  17.996
9021  36.200 -66.543 1 23 23  100.9  23.412  36.741 202.900  23.397  36.738 203.400   1.686   0.992   0.107   1.146 472.404  21.905  15.575
9021  36.200 -66.543 1 22 22  300.5  18.510  36.606 204.800  18.461  36.628 202.600   2.000   1.170   0.073   1.350 457.115  22.677  18.017
9021  36.200 -66.543 1 21 21  500.5  17.912  36.535 199.100  17.829  36.558 201.800   2.021   1.163   0.056   1.309 442.821  23.350  20.402
9021  36.200 -66.543 1 20 20  700.6  15.982  36.164 180.900  15.873  36.180 173.400   2.026   1.129   0.031   1.013 394.323  25.803  29.760
9021  36.200 -66.543 1 19 19  896.1  11.972  35.498 136.900  11.854  35.511 135.700   1.419   0.738   0.019   0.667 213.732  35.974  84.120
9021  36.200 -66.543 1 18 18 1001.5   9.805  35.271 136.400   9.687  35.291 143.700   1.186   0.600   0.022   0.555 156.409  38.834 115.571
9021  36.200 -66.543 1 17 17 1301.5   5.316  35.026 223.200   5.202  35.032 227.800   2.011   1.007   0.109   0.713 208.857  36.206  86.394
9021  36.200 -66.543 1 16 16 1501.4   4.611  34.990 246.500   4.485  34.991 247.900   2.321   1.182   0.134   0.947 236.123  34.887  74.466
9021  36.200 -66.543 1 15 15 1699.9   4.214  34.967 258.100   4.074  34.972 260.100   2.051   1.016   0.117   0.617 198.669  36.684  91.262
9021  36.200 -66.543 1 14 14 1900.9   4.009  34.964 259.900   3.852  34.957 262.300   1.759   0.892   0.100   0.555 172.511  37.963 105.323
9021  36.200 -66.543 1 13 13 2100.0   3.812  34.957 262.100   3.638  34.950 264.800   1.611   0.749   0.086   0.393 143.323  39.595 124.861
9021  36.200 -66.543 1 12 12 2301.2   3.626  34.951 264.200   3.435  34.947 265.800   1.443   0.663   0.068   0.309 125.591  40.709 138.973
9021  36.200 -66.543 1 11 11 2501.4   3.487  34.947 264.800   3.279  34.947 264.400   1.457   0.668   0.072   0.447 125.587  40.709 138.977
9021  36.200 -66.543 1 10 10 2701.6   3.334  34.946 263.800   3.109  34.946 264.700   1.202   0.556   0.052   0.379 103.666  42.228 159.400
9021  36.200 -66.543 1  9  9 2901.1   3.192  34.944 263.400   2.948  34.943 264.000   1.044   0.486   0.046   0.396  89.915  43.325 175.333
9021  36.200 -66.543 1  8  8 3200.6   2.909  34.932 265.300   2.640  34.931 265.300   0.961   0.446   0.044   0.329  81.242  44.106 187.253
9021  36.200 -66.543 1  7  7 3450.3   2.674  34.920 266.300   2.383  34.918 266.900   0.954   0.447   0.050   0.303  80.371  44.185 188.471
9021  36.200 -66.543 1  6  6 3649.9   2.502  34.910 266.600   2.194  34.912 267.100   0.918   0.432   0.050   0.338  76.935  44.519 193.701
9021  36.200 -66.543 1  5  5 3850.1   2.409  34.904 266.300   2.081  34.903 266.600   0.894   0.419   0.054   0.286  74.233  44.792 198.016
9021  36.200 -66.543 1  4  4 4097.9   2.317  34.896 266.000   1.964  34.896 265.600   0.819   0.385   0.050   0.327  67.859  45.452 208.609
9021  36.200 -66.543 1  3  3 4401.5   2.272  34.889 264.100   1.884  34.888 264.000   0.860   0.417   0.056   0.360  73.311  44.885 199.498
9021  36.200 -66.543 1  2  2 4699.1   2.254  34.885 262.500   1.831  34.884 262.200   0.798   0.389   0.053   0.405  68.318  45.400 207.775
9021  36.200 -66.543 1  1  1 5049.6   2.269  34.881 260.800   1.802  34.897 259.800   0.763   0.378   0.054   0.399  66.438  45.612 211.203
9023  35.228 -65.128 1 24 24   10.0  25.244  36.447 202.500  25.248  36.445 205.100   1.495   0.879   0.127   1.166 447.469  23.128  19.594
9023  35.228 -65.128 1 23 23  101.2  23.250  36.727 202.100  23.234  36.726 202.900   1.700   0.984   0.113   1.217 465.604  22.279  16.714
9023  35.228 -65.128 1 22 22  299.6  18.553  36.606 204.400  18.504  36.606 200.900   1.999   1.137   0.067   1.312 445.018  23.242  20.009
9023  35.228 -65.128 1 21 21  550.0  17.614  36.485 203.600  17.523  36.493 201.400   2.052   1.152   0.067   1.307 432.932  23.852  22.286
9023  35.228 -65.128 1 20 20  851.4  12.813  35.644 144.500  12.697  35.641 146.300   1.638   0.831   0.019   0.724 250.584  34.153  68.998
9023  35.228 -65.128 1 19 19  951.6  10.208  35.283 135.000  10.094  35.302 135.500   1.145   0.571   0.019   0.480 151.791  39.094 118.705
9023  35.228 -65.128 1 18 18 1101.8   7.582  35.102 171.200   7.469  35.102 169.200   1.320   0.643   0.043   0.516 149.938  39.198 119.973
9023  35.228 -65.128 1 17 17 1302.3   5.400  35.043 224.700   5.285  35.046 226.800   1.954   0.952   0.096   0.567 198.355  36.699  91.415
9023  35.228 -65.128 1 16 16 1500.1   4.796  35.025 243.900   4.668  35.028 244.000   2.043   0.982   0.110   0.602 198.174  36.707  91.504
9023  35.228 -65.128 1 15 15 1652.2   4.404  34.996 253.100   4.266  35.004 252.600   2.121   1.015   0.123   0.578 200.554  36.596  90.347
9023  35.228 -65.128 1 14 14 1849.8   4.142  34.984 257.900   3.988  34.984 256.500   1.926   0.911   0.107   0.441 177.484  37.709 102.432
9023  35.228 -65.128 1 13 13 2050.5   3.908  34.971 261.300   3.738  34.976 260.000   1.719   0.799   0.086   0.418 153.701  38.987 117.404
9023  35.228 -65.128 1 12 12 2299.3   3.602  34.952 264.000   3.412  34.952 266.100   1.529   0.689   0.071   0.355 130.349  40.398 134.970
9023  35.228 -65.128 1 11 11 2601.7   3.388  34.949 264.200   3.172  34.948 264.200   1.202   0.536   0.047   0.337 100.234  42.495 163.186
9023  35.228 -65.128 1 10 10 2900.5   3.148  34.946 262.400   2.905  34.946 262.100   0.855   0.388   0.036   0.244  71.615  45.056 202.236
9023  35.228 -65.128 1  9  9 2998.3   3.064  34.943 262.300   2.813  34.944 263.300   0.805   0.364   0.032   0.295  66.876  45.562 210.402
9023  35.228 -65.128 1  8  8 3197.7   2.902  34.935 262.900   2.633  34.934 263.600   0.752   0.343   0.030   0.296  62.457  46.059 218.521
9023  35.228 -65.128 1  7  7 3449.3   2.691  34.922 264.500   2.400  34.922 268.000   0.769   0.351   0.035   0.293  63.171  45.979 217.203
9023  35.228 -65.128 1  6  6 3654.0   2.544  34.913 266.300   2.234  34.913 266.500  -9.000  -9.000  -9.000  -9.000  -9.000  -9.000  -9.000
9023  35.228 -65.128 1  5  5 3899.1   2.406  34.905 266.200   2.072  34.905 266.600   0.806   0.347  -9.000   0.356  61.468  46.170 220.351
9023  35.228 -65.128 1  4  4 4201.3   2.337  34.897 265.200   1.971  34.906 265.400   0.708   0.321   0.046   0.281  56.642  46.766 230.242
9023  35.228 -65.128 1  3  3 4500.1   2.300  34.891 263.700   1.900  34.898 265.700   0.703   0.328   0.048   0.411  57.755  46.625 227.891
9023  35.228 -65.128 1  2  2 4801.5   2.278  34.886 263.100   1.841  34.892 262.800   0.793   0.373   0.056   0.465  65.595  45.706 212.744
9023  35.228 -65.128 1  1  1 5179.2   2.254  34.877 257.900   1.770  34.900 257.600   0.612   0.301   0.047   0.364  52.859  47.245 238.285
9025  34.259 -65.706 1 23 23   18.4  25.368  36.393 204.000  25.370  36.393 202.500   1.495   0.882   0.120   1.265 450.840  22.970  19.032
9025  34.259 -65.706 1 22 22  399.6  18.054  36.557 200.400  17.988  36.560 202.700   2.015   1.151   0.073   1.193 440.971  23.444  20.749
9025  34.259 -65.706 1 21 21  601.1  16.406  36.254 184.500  16.312  36.267 185.100  -9.000  -9.000  -9.000  -9.000  -9.000  -9.000  -9.000
9025  34.259 -65.706 1 20 20  856.8  10.406  35.329 141.900  10.303  35.328 141.200   1.386   0.711  -9.000   0.428 190.900  37.047  95.114
9025  34.259 -65.706 1 19 19 1110.0   6.279  35.064 206.100   6.175  35.067 201.100   1.720   0.826   0.073   0.592 180.176  37.572 100.886
9025  34.259 -65.706 1 18 18 1313.3   5.117  35.039 238.900   5.004  35.042 235.000   2.054   1.003   0.107   0.571 205.893  36.346  87.796
9025  34.259 -65.706 1 17 17 1513.5   4.568  35.006 252.100   4.441  35.008 249.400   2.148   1.036   0.122   0.667 206.519  36.317  87.501
9025  34.259 -65.706 1 16 16 1652.9   4.220  34.979 257.700   4.084  34.980 256.600  -9.000  -9.000  -9.000  -9.000  -9.000  -9.000  -9.000
9025  34.259 -65.706 1 15 15 1854.6   3.931  34.968 261.100   3.779  34.971 260.600   1.850   0.866   0.098   0.524 166.793  38.255 108.702
9025  34.259 -65.706 1 14 14 2051.4   3.733  34.958 262.000   3.566  34.959 263.200   1.663   0.776   0.087   0.544 147.859  39.317 121.430
9025  34.259 -65.706 1 13 13 2297.4   3.543  34.954 263.600   3.354  34.954 264.400   1.401   0.645   0.071   0.383 121.640  40.967 142.339
9025  34.259 -65.706 1 12 12 2596.7   3.366  34.959 261.300   3.151  34.960 262.400   0.874   0.410   0.039   0.239  76.588  44.554 194.254
9025  34.259 -65.706 1 11 11 2901.2   3.083  34.946 261.800   2.842  34.946 261.200   0.711   0.339   0.031   0.356  62.350  46.071 218.720
9025  34.259 -65.706 1 10 10 3200.3   2.832  34.931 263.600   2.565  34.931 264.300   0.795   0.373   0.036   0.307  67.658  45.474 208.975
9025  34.259 -65.706 1  9  9 3447.2   2.632  34.920 265.700   2.343  34.920 264.800   0.741   0.366   0.041   0.280  65.656  45.699 212.633
9025  34.259 -65.706 1  8  8 3638.9   2.506  34.912 266.400   2.198  34.912 266.000   0.776   0.376   0.047   0.308  66.979  45.551 210.215
9025  34.259 -65.706 1  7  7 3837.6   2.418  34.906 266.400   2.091  34.906 266.600   0.766   0.371   0.046   0.340  65.764  45.687 212.436
9025  34.259 -65.706 1  6  6 4143.0   2.324  34.897 265.300   1.965  34.899 265.900   0.721   0.344   0.048   0.384  60.656  46.261 221.857
9025  34.259 -65.706 1  5  5 4343.5   2.300  34.894 264.200   1.918  34.895 263.700   0.681   0.324   0.044   0.373  57.052  46.714 229.373
9025  34.259 -65.706 1  4  4 4544.7   2.288  34.890 262.800   1.883  34.891 262.900   0.655   0.318   0.045   0.329  55.956  46.853 231.694
9025  34.259 -65.706 1  3  3 4749.7   2.266  34.886 262.400   1.836  34.887 261.300   0.699   0.346   0.049   0.408  60.807  46.244 221.578
9025  34.259 -65.706 1  2  2 4999.1   2.263  34.882 258.500   1.803  34.882 259.600   0.590   0.299   0.044   0.391  52.536  47.286 238.976
9025  34.259 -65.706 1  1  1 5286.0   2.259  34.876 257.300   1.761  34.896 255.100   0.574   0.288   0.046   0.304  50.589  47.575 243.887
9026  33.788 -66.000 1 24 24    3.3  25.773  36.447 204.300  25.778  36.446 214.900   1.498   0.894   0.114   1.168 464.167  22.348  16.932
9026  33.788 -66.000 1 23 23  100.3  22.980  36.747 191.100  22.965  36.744 194.200   1.714   1.016   0.110   1.143 475.847  21.716  15.028
9026  33.788 -66.000 1 22 22  201.2  19.331  36.657 196.400  19.299  36.659 195.100   1.938   1.116   0.063   1.206 451.335  22.947  18.950
9026  33.788 -66.000 1 21 21  401.7  18.071  36.562 205.900  18.005  36.561 203.700   2.044   1.171   0.073   1.314 448.980  23.057  19.341
9026  33.788 -66.000 1 20 20  600.9  17.017  36.391 204.400  16.920  36.398 202.800   2.084   1.174   0.083   1.362 429.726  24.015  22.908
9026  33.788 -66.000 1 19 19  800.3  12.878  35.659 160.200  12.769  35.670 158.000   1.775   0.929   0.041   0.899 281.019  32.474  58.364
9026  33.788 -66.000 1 18 18 1049.2   7.467  35.105 180.500   7.360  35.106 174.600   1.396   0.693   0.049   0.593 160.669  38.595 112.713
9026  33.788 -66.000 1 17 17 1250.7   5.465  35.048 229.500   5.355  35.050 225.500   1.937   0.949   0.095   0.796 198.414  36.696  91.387
9026  33.788 -66.000 1 16 16 1400.9   4.949  35.040 243.600   4.828  35.039 242.300   2.130   1.040   0.115   0.704 211.610  36.075  85.102
9026  33.788 -66.000 1 15 15 1551.0   4.513  35.006 254.600   4.383  35.006 251.600   2.186   1.059   0.126   0.701 210.491  36.129  85.624
9026  33.788 -66.000 1 14 14 1749.3   4.172  34.984 257.800   4.027  34.984 256.900   2.014   0.954   0.119   0.560 186.160  37.269  97.523
9026  33.788 -66.000 1 13 13 2000.1   3.864  34.969 261.600   3.699  34.967 261.200   1.721   0.802   0.091   0.467 153.912  38.975 117.261
9026  33.788 -66.000 1 12 12 2302.1   3.526  34.957 264.000   3.337  34.956 265.200   1.310   0.598   0.062   0.436 112.677  41.579 150.483
9026  33.788 -66.000 1 11 11 2601.7   3.343  34.957 261.600   3.127  34.957 261.400   0.892   0.410   0.037   0.427  76.490  44.564 194.408
9026  33.788 -66.000 1 10 10 2900.4   3.080  34.945 261.900   2.839  34.945 262.100   0.738   0.342   0.030   0.357  62.890  46.010 217.721
9026  33.788 -66.000 1  9  9 3201.5   2.738  34.925 265.900   2.473  34.925 265.100   0.848   0.387   0.038   0.394  69.832  45.236 205.127
9026  33.788 -66.000 1  8  8 3450.9   2.545  34.914 267.100   2.258  34.913 267.200   0.903   0.415   0.047   0.488  74.086  44.807 198.253
9026  33.788 -66.000 1  7  7 3650.0   2.450  34.908 266.600   2.143  34.907 266.500   0.834   0.388   0.044   0.317  68.900  45.335 206.718
9026  33.788 -66.000 1  6  6 3900.9   2.347  34.900 266.100   2.015  34.899 265.600   0.763   0.353   0.045   0.309  62.324  46.074 218.766
9026  33.788 -66.000 1  5  5 4200.8   2.295  34.895 264.900   1.930  34.894 264.600   0.680   0.319   0.040   0.280  56.157  46.827 231.269
9026  33.788 -66.000 1  4  4 4500.6   2.269  34.889 263.200   1.869  34.888 262.700   0.655   0.314   0.042   0.323  55.194  46.949 233.312
9026  33.788 -66.000 1  3  3 4649.6   2.267  34.887 262.600   1.849  34.887 263.200   0.651   0.316   0.042   0.378  55.538  46.906 232.581
9026  33.788 -66.000 1  2  2 4799.2   2.266  34.884 262.500   1.830  34.884 261.800   0.732   0.346   0.046   0.245  60.805  46.245 221.580
9026  33.788 -66.000 1  1  1 5192.8   2.220  34.873 255.700   1.736  34.880 255.300   0.358   0.186   0.026   0.282  32.601  50.823 299.815
