2004may
      2004.38
STN   LAT    LON CAST SAMP BTL CTDPRS CTDTMP CTDSAL CTDOXY   THETA   SALNTY  OXYGEN  CFC-11  CFC-12  CFC113  SF6  pCFC-12 CFC12age Mean Age
9003  40.012 -68.007 1  5  5    0.9  10.204  33.496 305.400  10.207  33.484 305.400   4.284   2.346   0.380  -9.000  -9.000  -9.000  -9.000
9003  40.012 -68.007 1  4  4   32.8  13.130  35.089 255.400  13.128  35.105 260.100   3.150   1.787   0.267  -9.000 543.752   5.098   2.078
9003  40.012 -68.007 1  3  3   52.7   8.386  34.284 270.200   8.383  34.282 270.200   3.960   2.174   0.331  -9.000 523.392  10.846   5.474
9003  40.012 -68.007 1  2  2  101.9  10.821  35.080 246.300  10.811  35.066 239.500   3.271   1.825   0.253  -9.000 498.564  13.776   8.762
9003  40.012 -68.007 1  1  1  154.1  11.407  35.325 225.400  11.390  35.326 223.900   2.874   1.633   0.216  -9.000 459.785  16.142  13.469
9004  39.906 -68.073 1  9  9    0.7  10.436  33.960 335.000  10.438  33.967 330.000   4.039   2.229   0.348  -9.000  -9.000  -9.000  -9.000
9004  39.906 -68.073 1  8  8   75.4  10.028  34.828 254.300  10.021  34.855 247.000   3.454   1.936   0.268  -9.000 507.885  12.699   7.462
9004  39.906 -68.073 1  7  7  148.0  11.270  35.235 238.700  11.254  35.240 231.100   2.976   1.687   0.214  -9.000 471.506  15.545  11.958
9004  39.906 -68.073 1  6  6  233.3  11.107  35.408 193.100  11.081  35.410 181.900   1.995   1.128   0.109  -9.000 313.390  24.442  38.063
9004  39.906 -68.073 1  5  5  324.1   8.895  35.191 145.400   8.862  35.191 148.200   1.047   0.576   0.029  -9.000 143.514  33.174  99.277
9004  39.906 -68.073 1  4  4  401.2   7.468  35.104 169.100   7.431  35.105 171.700   1.332   0.698   0.049  -9.000 161.836  32.120  88.724
9004  39.906 -68.073 1  3  3  499.9   6.201  35.043 198.400   6.157  35.044 198.400   1.778   0.923   0.091  -9.000 200.486  30.189  71.202
9004  39.906 -68.073 1  2  2  595.1   5.240  35.002 224.400   5.192  35.002 226.600   2.190   1.128   0.138  -9.000 232.966  28.635  59.692
9004  39.906 -68.073 1  1  1  684.2   4.821  34.986 238.800   4.767  34.984 240.900   2.415   1.239   0.152  -9.000 250.268  27.760  54.160
9005  39.853 -68.105 1 12 12    1.2  10.573  33.871 352.800  10.575  33.842 328.700   4.064   2.256   0.355  -9.000  -9.000  -9.000  -9.000
9005  39.853 -68.105 1 11 11   50.9   9.115  34.587 252.700   9.112  34.552 263.100   3.755   2.078   0.305  -9.000 520.197  11.322   5.952
9005  39.853 -68.105 1 10 10  100.5  11.077  35.160 245.000  11.067  35.142 237.100   3.149   1.784   0.245  -9.000 493.717  14.162   9.308
9005  39.853 -68.105 1  9  9  200.1  11.649  35.443 206.900  11.626  35.458 205.700   2.447   1.390   0.151  -9.000 396.306  19.281  22.627
9005  39.853 -68.105 1  8  8  322.4   8.812  35.141 136.300   8.779  35.166 142.400   1.030   0.558   0.029  -9.000 138.393  33.488 102.527
9005  39.853 -68.105 1  7  7  400.0   7.371  35.070 175.200   7.334  35.088 170.700   1.388   0.715   0.052  -9.000 164.910  31.947  87.049
9005  39.853 -68.105 1  6  6  500.6   6.047  35.017 204.400   6.004  35.029 202.400   1.802   0.929   0.084  -9.000 200.136  30.205  71.337
9005  39.853 -68.105 1  5  5  601.0   5.301  35.000 227.200   5.253  35.004 222.800   2.179   1.113   0.128  -9.000 230.602  28.754  60.491
9005  39.853 -68.105 1  4  4  699.6   4.843  34.985 239.100   4.787  34.985 236.600   2.401   1.236   0.142  -9.000 249.944  27.777  54.263
9005  39.853 -68.105 1  3  3  801.1   4.556  34.976 242.700   4.494  34.974 242.700   2.508   1.274   0.145  -9.000 253.723  27.577  53.081
9005  39.853 -68.105 1  2  2  899.9   4.326  34.966 250.500   4.257  34.967 250.500   2.508   1.273   0.149  -9.000 250.411  27.752  54.115
9005  39.853 -68.105 1  1  1 1014.3   4.184  34.963  -9.000   4.106  34.962 250.200   2.507   1.357   0.196  -9.000 264.912  26.985  49.758
9006  39.789 -68.158 1 16 16    1.3  15.886  35.477 265.100  15.889  35.478 266.600   2.508   1.422   0.126  -9.000 491.241  14.338   9.579
9006  39.789 -68.158 1 15 15   61.8  13.022  35.542 214.400  13.016  35.561 197.100   2.625   1.617   0.185  -9.000 491.804  14.298   9.516
9006  39.789 -68.158 1 14 14  143.0  11.503  35.366 229.100  11.488  35.360 228.400   2.236   1.271   0.138  -9.000 359.632  21.477  28.646
9006  39.789 -68.158 1 13 13  214.4  11.747  35.510 196.800  11.722  35.514 196.800   1.024   0.546   0.019  -9.000 156.493  32.420  91.673
9006  39.789 -68.158 1 12 12  299.3   9.331  35.206 140.900   9.300  35.210 139.200   1.613   0.840   0.077  -9.000 213.844  29.559  66.237
9006  39.789 -68.158 1 11 11  400.8   7.231  35.040 174.300   7.194  35.042 175.100   1.692   0.875   0.081  -9.000 200.326  30.197  71.263
9006  39.789 -68.158 1 10 10  501.5   6.088  35.041 201.500   6.045  35.044 202.500   2.233   1.147   0.127  -9.000 247.684  27.896  54.979
9006  39.789 -68.158 1  9  9  600.6   5.264  34.998 225.800   5.215  34.998 226.400   2.450   1.275   0.151  -9.000 263.652  27.052  50.119
9006  39.789 -68.158 1  8  8  702.5   4.823  34.979 239.800   4.768  34.979 239.900   2.611   1.322   0.161  -9.000 267.040  26.872  49.150
9006  39.789 -68.158 1  7  7  801.8   4.560  34.970 248.800   4.497  34.970 247.100   2.636   1.338   0.165  -9.000 266.506  26.901  49.304
9006  39.789 -68.158 1  6  6  902.2   4.362  34.963 255.100   4.293  34.962 249.800   2.624   1.332   0.162  -9.000 262.512  27.112  50.449
9006  39.789 -68.158 1  5  5 1000.2   4.239  34.960 257.900   4.162  34.961 257.400   2.464   1.230   0.148  -9.000 240.818  28.241  57.124
9006  39.789 -68.158 1  4  4 1101.0   4.099  34.958 261.100   4.014  34.958 256.400   2.437   1.206   0.142  -9.000 234.356  28.566  59.229
9006  39.789 -68.158 1  3  3 1160.5   4.043  34.957 262.100   3.954  34.956 261.700   2.304   1.158   0.133  -9.000 224.350  29.059  62.593
9006  39.789 -68.158 1  2  2 1299.9   3.885  34.949 265.300   3.784  34.949 264.800   2.209   1.091   0.120  -9.000 209.567  29.763  67.793
9006  39.789 -68.158 1  1  1 1386.0   3.786  34.945 267.400   3.679  34.947 257.800  -9.000  -9.000  -9.000  -9.000  -9.000  -9.000  -9.000
9007  39.706 -68.203 1 22 22    1.4  11.134  34.033 275.500  11.137  34.011 445.300   3.990   2.170   0.342  -9.000  -9.000  -9.000  -9.000
9007  39.706 -68.203 1 21 21   99.8  13.251  35.652 187.200  13.240  35.691  88.400   2.257   1.253   0.096  -9.000 385.525  19.891  24.369
9007  39.706 -68.203 1 20 20  200.3  12.044  35.548 174.600  12.021  35.549  43.400   1.836   1.001   0.064  -9.000 291.020  25.566  42.737
9007  39.706 -68.203 1 19 19  300.5  10.331  35.359 152.100  10.298  35.366   2.300   1.093   0.574   0.024  -9.000 153.608  32.582  93.285
9007  39.706 -68.203 1 18 18  400.4   7.515  35.070 171.900   7.477  35.073  44.800   1.405   0.733   0.057  -9.000 170.293  31.666  84.364
9007  39.706 -68.203 1 17 17  501.0   5.969  35.019 207.400   5.926  35.019 139.700   1.858   0.947   0.105  -9.000 203.196  30.062  70.168
9007  39.706 -68.203 1 16 16  600.6   5.226  35.000 230.000   5.177  34.999 202.100   2.213   1.133   0.131  -9.000 233.824  28.592  59.406
9007  39.706 -68.203 1 15 15  699.9   4.843  34.987 241.400   4.787  34.986 226.800   2.378   1.216   0.139  -9.000 245.904  27.985  55.526
9007  39.706 -68.203 1 14 14  800.4   4.616  34.978 248.700   4.554  34.976 244.000   2.472   1.260   0.144  -9.000 251.740  27.682  53.697
9007  39.706 -68.203 1 13 13  900.5   4.413  34.969 254.000   4.344  34.968 264.400   2.556   1.299   0.158  -9.000 256.724  27.418  52.164
9007  39.706 -68.203 1 12 12 1000.3   4.258  34.965 257.800   4.180  34.964 269.300   2.515   1.275   0.151  -9.000 249.894  27.780  54.279
9007  39.706 -68.203 1 11 11 1100.9   4.115  34.960 261.300   4.030  34.959 280.200   2.430   1.228   0.149  -9.000 238.842  28.340  57.758
9007  39.706 -68.203 1 10 10 1199.2   3.989  34.951 262.900   3.896  34.952 288.900   2.457   1.229   0.152  -9.000 237.405  28.412  58.225
9007  39.706 -68.203 1  9  9 1301.6   3.918  34.950 264.200   3.817  34.948 288.100   2.339   1.166   0.149  -9.000 224.373  29.057  62.586
9007  39.706 -68.203 1  8  8 1402.9   3.847  34.950 266.000   3.738  34.949 290.100   2.161   1.067   0.121  -9.000 204.542  30.000  69.661
9007  39.706 -68.203 1  7  7 1501.6   3.757  34.945 267.600   3.640  34.945 299.600   2.076   1.026   0.119  -9.000 195.722  30.412  73.061
9007  39.706 -68.203 1  6  6 1601.4   3.680  34.942 268.700   3.555  34.942 297.900   1.995   0.981   0.108  -9.000 186.354  30.849  76.860
9007  39.706 -68.203 1  5  5 1701.1   3.586  34.937 270.200   3.454  34.936 301.200   1.975   0.961   0.105  -9.000 181.624  31.088  79.000
9007  39.706 -68.203 1  4  4 1799.8   3.525  34.934 270.600   3.384  34.933 306.300   1.960   0.964   0.104  -9.000 181.585  31.090  79.018
9007  39.706 -68.203 1  3  3 1901.1   3.473  34.933 271.100   3.323  34.932 305.600   1.883   0.933   0.099  -9.000 175.249  31.413  81.989
9007  39.706 -68.203 1  2  2 2002.8   3.295  34.932 271.000   3.139  34.931 305.500   1.659   0.821   0.103  -9.000 152.730  32.631  93.778
9007  39.706 -68.203 1  1  1 2056.7   3.273  34.933 270.800   3.111  34.934 307.000   1.620   0.804   0.091  -9.000 149.389  32.819  95.665
9008  39.479 -68.367 1 22 22    2.9   8.282  33.142 311.100   8.283  33.162 356.400   4.729   2.515   0.414  -9.000  -9.000  -9.000  -9.000
9008  39.479 -68.367 1 21 21  100.6  10.981  35.091 253.200  10.971  35.084 249.400   3.222   1.815   0.256  -9.000 499.670  13.643   8.586
9008  39.479 -68.367 1 20 20  250.3  10.630  35.275 164.400  10.602  35.271 165.200   1.939   1.049   0.097  -9.000 284.532  25.865  44.112
9008  39.479 -68.367 1 19 19  400.8   7.403  35.061 171.900   7.365  35.061 174.100   1.552   0.795   0.071  -9.000 183.638  30.985  78.072
9008  39.479 -68.367 1 18 18  600.0   5.470  35.033 220.600   5.421  35.030 221.500   1.891   0.959   0.102  -9.000 200.526  30.187  71.187
9008  39.479 -68.367 1 17 17  801.0   4.519  34.971 250.600   4.457  34.970 250.700   2.643   1.345   0.159  -9.000 267.321  26.856  49.064
9008  39.479 -68.367 1 16 16  900.3   4.346  34.967 255.700   4.277  34.966 256.000   2.645   1.354   0.164  -9.000 266.634  26.894  49.268
9008  39.479 -68.367 1 15 15 1000.7   4.130  34.951 261.800   4.054  34.950 262.300  -9.000  -9.000  -9.000  -9.000  -9.000  -9.000  -9.000
9008  39.479 -68.367 1 14 14 1101.2   4.052  34.949 264.900   3.968  34.948 264.400   2.777   1.388   0.181  -9.000 269.020  26.757  48.545
9008  39.479 -68.367 1 13 13 1202.0   4.064  34.964 262.300   3.970  34.962 261.700   2.262   1.116   0.135  -9.000 216.472  29.434  65.303
9008  39.479 -68.367 1 12 12 1302.7   3.939  34.955 264.400   3.838  34.954 264.600   2.233   1.098   0.119  -9.000 211.538  29.669  67.071
9008  39.479 -68.367 1 11 11 1403.0   3.809  34.947 266.600   3.701  34.946 267.100   2.189   1.079   0.123  -9.000 206.413  29.912  68.964
9008  39.479 -68.367 1 10 10 1499.0   3.730  34.943 267.800   3.614  34.942 268.300   2.116   1.048   0.124  -9.000 199.625  30.229  71.533
9008  39.479 -68.367 1  9  9 1599.0   3.651  34.940 268.800   3.526  34.937 269.800   2.063   1.005   0.113  -9.000 190.614  30.650  75.110
9008  39.479 -68.367 1  8  8 1698.4   3.582  34.938 269.500   3.449  34.939 270.600   1.943   0.949   0.109  -9.000 179.318  31.206  80.072
9008  39.479 -68.367 1  7  7 1799.5   3.477  34.933 271.100   3.337  34.932 271.300   1.919   0.940   0.100  -9.000 176.603  31.344  81.348
9008  39.479 -68.367 1  6  6 1899.7   3.439  34.932 271.100   3.290  34.931 271.400  -9.000  -9.000  -9.000  -9.000  -9.000  -9.000  -9.000
9008  39.479 -68.367 1  5  5 1998.1   3.377  34.932 271.400   3.220  34.931 271.400   1.773   0.864   0.099  -9.000 161.445  32.141  88.939
9008  39.479 -68.367 1  4  4 2097.6   3.309  34.933 271.000   3.144  34.932 271.300   1.635   0.797   0.086  -9.000 148.380  32.875  96.238
9008  39.479 -68.367 1  3  3 2197.9   3.229  34.937 270.200   3.056  34.934 264.900  -9.000  -9.000  -9.000  -9.000  -9.000  -9.000  -9.000
9008  39.479 -68.367 1  2  2 2347.7   3.070  34.935 269.100   2.884  34.933 268.700   1.234   0.606   0.066  -9.000 111.365  35.264 121.891
9008  39.479 -68.367 1  1  1 2420.3   2.955  34.929 271.000   2.765  34.927 271.000   1.373   0.690   0.068  -9.000 126.001  34.272 110.857
9009  39.344 -68.460 1 22 22    0.7   8.960  33.159 357.300   8.962  33.159 358.600  -9.000  -9.000  -9.000  -9.000  -9.000  -9.000  -9.000
9009  39.344 -68.460 1 21 21  100.1  11.725  35.271 247.400  11.715  35.273 246.700   3.170   1.785   0.235  -9.000 509.872  12.508   7.248
9009  39.344 -68.460 1 20 20  252.8  10.196  35.280 154.200  10.168  35.281 147.300   1.421   0.768   0.066  -9.000 204.035  30.023  69.851
9009  39.344 -68.460 1 19 19  350.3   8.102  35.105 167.100   8.068  35.106 162.100   1.382   0.721   0.058  -9.000 172.572  31.550  83.267
9009  39.344 -68.460 1 18 18  500.4   5.782  34.997 204.000   5.740  34.996 211.400   2.108   1.088   0.116  -9.000 231.146  28.727  60.306
9009  39.344 -68.460 1 17 17  700.4   5.013  35.023 235.100   4.957  35.022 235.200   1.997   1.014   0.105  -9.000 206.983  29.885  68.754
9009  39.344 -68.460 1 16 16  800.3   4.736  35.011 244.800   4.673  35.009 243.800   2.118   0.964   0.114  -9.000 193.896  30.497  73.788
9009  39.344 -68.460 1 15 15  898.9   4.397  34.985 251.900   4.327  34.984 253.200   2.290   1.156   0.126  -9.000 228.305  28.870  61.279
9009  39.344 -68.460 1 14 14 1001.1   4.245  34.978 256.800   4.168  34.977 257.100   2.233   1.129   0.132  -9.000 221.157  29.211  63.676
9009  39.344 -68.460 1 13 13 1099.1   4.105  34.970 259.700   4.021  34.968 260.100   2.171   1.089   0.132  -9.000 211.711  29.660  67.007
9009  39.344 -68.460 1 12 12 1200.5   4.004  34.965 262.100   3.911  34.964 262.100   2.070   1.041   0.109  -9.000 201.277  30.152  70.898
9009  39.344 -68.460 1 11 11 1300.5   3.888  34.957 264.000   3.788  34.956 264.600   2.040   1.031   0.110  -9.000 198.090  30.301  72.130
9009  39.344 -68.460 1 10 10 1400.1   3.800  34.953 265.800   3.692  34.952 265.800   1.967   0.984   0.108  -9.000 188.160  30.765  76.113
9009  39.344 -68.460 1  9  9 1600.3   3.618  34.943 269.200   3.494  34.942 269.300   1.840   0.931   0.105  -9.000 176.269  31.361  81.506
9009  39.344 -68.460 1  8  8 1800.0   3.428  34.931 271.800   3.288  34.930 272.600   1.890   0.960   0.111  -9.000 179.878  31.177  79.810
9009  39.344 -68.460 1  7  7 1900.5   3.375  34.931 272.300   3.227  34.930 272.300   1.804   0.912   0.104  -9.000 170.395  31.661  84.316
9009  39.344 -68.460 1  6  6 1998.6   3.331  34.936 271.500   3.174  34.935 270.900   1.551   0.775   0.087  -9.000 144.460  33.116  98.682
9009  39.344 -68.460 1  5  5 2100.6   3.274  34.938 270.400   3.108  34.938 270.000   1.380   0.694   0.068  -9.000 128.965  34.078 108.770
9009  39.344 -68.460 1  4  4 2200.0   3.239  34.941 269.700   3.065  34.940 269.000   1.234   0.623   0.065  -9.000 115.554  34.963 118.474
9009  39.344 -68.460 1  3  3 2401.0   3.060  34.934 270.000   2.870  34.933 269.900   1.230   0.622   0.066  -9.000 114.242  35.057 119.538
9009  39.344 -68.460 1  2  2 2500.3   2.964  34.929 271.000   2.765  34.929 271.000   1.305   0.654   0.062  -9.000 119.484  34.698 115.521
9009  39.344 -68.460 1  1  1 2670.0   2.821  34.923 272.200   2.608  34.922 271.800   1.361   0.690   0.073  -9.000 125.072  34.333 111.515
9010  39.092 -68.638 1 22 22    1.3  10.554  33.443 355.000  10.557  -9.000 354.500   4.389   2.391   0.393  -9.000  -9.000  -9.000  -9.000
9010  39.092 -68.638 1 21 21   51.8   8.692  34.478 265.700   8.689  -9.000 253.900   3.707   2.055   0.305  -9.000 503.289  13.207   8.047
9010  39.092 -68.638 1 20 20  100.2  10.725  35.041 217.600  10.716  -9.000 240.600   3.206   1.807   0.252  -9.000 491.202  14.341   9.583
9010  39.092 -68.638 1 19 19  250.7   9.911  35.261 139.600   9.884  -9.000 136.000   0.973   0.530   0.027  -9.000 138.859  33.459 102.230
9010  39.092 -68.638 1 18 18  400.1   7.341  35.098 166.400   7.304  -9.000 170.700   1.019   0.536   0.041  -9.000 123.474  34.437 112.653
9010  39.092 -68.638 1 17 17  599.2   5.342  35.039 223.200   5.293  -9.000 225.700   1.806   0.924   0.111  -9.000 191.932  30.589  74.576
9010  39.092 -68.638 1 16 16  800.1   4.586  35.003 245.700   4.524  -9.000 247.900   2.089   1.054   0.138  -9.000 210.303  29.728  67.522
9010  39.092 -68.638 1 15 15  998.9   4.256  34.983 256.200   4.179  -9.000 255.200   2.070   1.045   0.120  -9.000 204.832  29.986  69.552
9010  39.092 -68.638 1 14 14 1100.2   4.118  34.974 258.500   4.033  -9.000 258.500   2.055   1.025   0.120  -9.000 199.417  30.239  71.614
9010  39.092 -68.638 1 13 13 1199.7   3.987  34.967 261.300   3.894  -9.000 261.700   1.978   0.978   0.111  -9.000 188.927  30.729  75.799
9010  39.092 -68.638 1 12 12 1300.1   3.857  34.958 263.500   3.757  -9.000 264.400   1.930   0.959   0.103  -9.000 183.951  30.969  77.929
9010  39.092 -68.638 1 11 11 1399.2   3.764  34.952 266.000   3.657  -9.000 266.600   1.884   0.915   0.100  -9.000 174.626  31.445  82.286
9010  39.092 -68.638 1 10 10 1498.7   3.687  34.948 267.500   3.572  -9.000 267.400   1.861   0.912   0.101  -9.000 173.326  31.511  82.906
9010  39.092 -68.638 1  9  9 1699.7   3.515  34.938 269.500   3.383  -9.000 270.500   1.791   0.884   0.097  -9.000 166.432  31.863  86.243
9010  39.092 -68.638 1  8  8 1901.6   3.417  34.940 270.000   3.268  -9.000 270.300   1.528   0.756   0.074  -9.000 141.583  33.292 100.497
9010  39.092 -68.638 1  7  7 2099.0   3.309  34.942 269.300   3.144  -9.000 272.200   1.306   0.644   0.062  -9.000 119.906  34.670 115.216
9010  39.092 -68.638 1  6  6 2299.3   3.156  34.940 268.800   2.973  -9.000 269.000   1.147   0.569   0.047  -9.000 105.062  35.717 127.144
9010  39.092 -68.638 1  5  5 2500.5   2.962  34.931 270.500   2.764  -9.000 270.600   1.233   0.606   0.057  -9.000 110.706  35.311 122.435
9010  39.092 -68.638 1  4  4 2700.3   2.757  34.921 272.400   2.542  -9.000 272.800   1.374   0.675   0.070  -9.000 121.922  34.539 113.764
9010  39.092 -68.638 1  3  3 2899.9   2.559  34.912 273.900   2.329  -9.000 274.800   1.488   0.738   0.076  -9.000 131.848  33.890 106.758
9010  39.092 -68.638 1  2  2 3000.1   2.461  34.907 274.600   2.223  -9.000 274.500   1.618   0.793   0.094  -9.000 140.903  33.334 100.929
9010  39.092 -68.638 1  1  1 3080.2   2.402  34.904 274.500   2.157  -9.000 275.000   1.639   0.809   0.100  -9.000 143.275  33.188  99.427
9011  38.827 -68.814 1 22 22    7.0  14.361  34.913 295.700  14.364  34.915 296.900   3.219   1.803   0.281  -9.000  -9.000  -9.000  -9.000
9011  38.827 -68.814 1 21 21  100.0  11.461  35.194 231.200  11.451  35.218 232.100   3.087   1.708   0.229  -9.000 481.493  14.996  10.751
9011  38.827 -68.814 1 20 20  200.2  11.725  35.500 212.500  11.702  35.501 202.900   2.347   1.323   0.170  -9.000 378.769  20.295  25.483
9011  38.827 -68.814 1 19 19  299.9   8.960  35.165 141.200   8.929  35.183 145.700   1.149   0.612   0.041  -9.000 152.932  32.620  93.664
9011  38.827 -68.814 1 18 18  500.4   6.008  35.041 207.800   5.965  35.042 205.700   1.732   0.881   0.083  -9.000 189.456  30.704  75.582
9011  38.827 -68.814 1 17 17  700.6   4.941  35.021 238.600   4.885  35.021 236.700   1.991   1.013   0.115  -9.000 205.992  29.932  69.120
9011  38.827 -68.814 1 16 16  901.8   4.387  34.988 254.200   4.317  34.988 252.100   2.159   1.086   0.125  -9.000 214.371  29.534  66.049
9011  38.827 -68.814 1 15 15 1101.3   4.061  34.969 261.000   3.976  34.967 260.700   2.104   1.045   0.125  -9.000 202.678  30.087  70.364
9011  38.827 -68.814 1 14 14 1300.3   3.837  34.957 265.000   3.737  34.956 264.400   1.917   0.959   0.112  -9.000 183.752  30.979  78.020
9011  38.827 -68.814 1 13 13 1399.9   3.745  34.951 266.800   3.638  -9.000  -9.000  -9.000  -9.000  -9.000  -9.000  -9.000  -9.000  -9.000
9011  38.827 -68.814 1 12 12 1501.1   3.651  34.947 268.200   3.536  34.946 267.500   1.797   0.905   0.107  -9.000 171.660  31.596  83.705
9011  38.827 -68.814 1 11 11 1599.6   3.588  34.944 269.200   3.464  34.943 268.900   1.752   0.878   0.101  -9.000 165.968  31.887  86.478
9011  38.827 -68.814 1 10 10 1662.6   3.553  34.944 269.400   3.425  34.942 267.700   1.659   0.822   0.094  -9.000 155.088  32.499  92.457
9011  38.827 -68.814 1  9  9 1800.0   3.474  34.943 269.800   3.334  34.941 268.700   1.527   0.752   0.087  -9.000 141.273  33.311 100.694
9011  38.827 -68.814 1  8  8 2000.3   3.351  34.942 270.000   3.194  34.941 268.200   1.345   0.668   0.070  -9.000 124.658  34.360 111.810
9011  38.827 -68.814 1  7  7 2201.1   3.230  34.944 268.500   3.055  34.943 268.300   1.113   0.549   0.052  -9.000 101.783  35.961 130.024
9011  38.827 -68.814 1  6  6 2399.5   3.036  34.936 269.200   2.846  34.935 269.700   1.114   0.550   0.055  -9.000 100.888  36.033 130.875
9011  38.827 -68.814 1  5  5 2600.4   2.845  34.925 271.800   2.638  34.924 271.700   1.269   0.626   0.062  -9.000 113.623  35.101 120.041
9011  38.827 -68.814 1  4  4 2800.1   2.657  34.919 272.100   2.435  34.919 272.400   1.209   0.595   0.058  -9.000 106.882  35.586 125.614
9011  38.827 -68.814 1  3  3 2999.7   2.468  34.908 274.100   2.229  34.906 275.100   1.470   0.728   0.085  -9.000 129.406  34.050 108.461
9011  38.827 -68.814 1  2  2 3203.0   2.335  34.901 274.400   2.079  34.901 274.800   1.502   0.738   0.087  -9.000 130.213  33.997 107.897
9011  38.827 -68.814 1  1  1 3293.8   2.235  34.896 273.500   1.972  34.898 272.900   1.534   0.751   0.091  -9.000 131.769  33.895 106.814
9012  38.561 -67.029 1 22 22    2.8  21.066  36.119 222.600  21.070  36.121 222.600   2.105   1.283   0.168  -9.000  -9.000  -9.000  -9.000
9012  38.561 -67.029 1 21 21   73.4  16.711  36.242 173.300  16.703  36.260 149.600  -9.000  -9.000  -9.000  -9.000  -9.000  -9.000  -9.000
9012  38.561 -67.029 1 20 20  149.6  11.244  35.281 212.300  11.228  35.270 224.300   2.747   1.579   0.187  -9.000 440.983  17.033  15.969
9012  38.561 -67.029 1 19 19  223.4  11.499  35.448 129.000  11.473  35.447 130.000   1.150   0.636   0.017  -9.000 180.067  31.167  79.723
9012  38.561 -67.029 1 18 18  300.4   9.800  35.217 127.200   9.768  35.218 126.800  -9.000  -9.000  -9.000  -9.000  -9.000  -9.000  -9.000
9012  38.561 -67.029 1 17 17  501.4   6.296  35.040 197.800   6.252  35.041 196.500   1.616   0.851   0.095  -9.000 185.747  30.878  77.112
9012  38.561 -67.029 1 16 16  705.1   4.902  35.002 237.600   4.846  34.997 239.400   2.175   1.136   0.124  -9.000 230.484  28.760  60.532
9012  38.561 -67.029 1 15 15  937.9   4.473  34.997 251.800   4.400  34.997 250.000   2.035   1.038   0.112  -9.000 205.853  29.938  69.172
9012  38.561 -67.029 1 14 14 1141.2   4.048  34.962 260.500   3.961  34.961 261.300   2.218   1.137   0.139  -9.000 220.351  29.249  63.952
9012  38.561 -67.029 1 13 13 1371.0   3.868  34.958 262.800   3.762  34.958 261.100   1.871   0.945   0.100  -9.000 181.374  31.101  79.115
9012  38.561 -67.029 1 12 12 1499.7   3.744  34.951 265.300   3.627  34.950 270.500   1.798   0.903   0.100  -9.000 172.147  31.571  83.470
9012  38.561 -67.029 1 11 11 1700.4   3.517  34.933 269.600   3.385  34.931 271.200   1.953   0.975   0.105  -9.000 183.574  30.988  78.101
9012  38.561 -67.029 1 10 10 1800.9   3.449  34.931 270.900   3.309  34.930 271.900   1.869   0.930   0.103  -9.000 174.455  31.454  82.367
9012  38.561 -67.029 1  9  9 1900.3   3.399  34.933 270.800   3.251  34.932 267.200   1.687   0.841   0.097  -9.000 157.336  32.372  91.206
9012  38.561 -67.029 1  8  8 2102.4   3.284  34.937 269.600   3.118  34.937 270.000   1.427   0.704   0.065  -9.000 130.892  33.952 107.423
9012  38.561 -67.029 1  7  7 2301.1   3.119  34.935 269.500   2.937  34.935 270.000   1.275   0.644   0.060  -9.000 118.664  34.752 116.116
9012  38.561 -67.029 1  6  6 2500.3   2.885  34.927 270.800   2.688  34.927 270.600   1.297   0.657   0.065  -9.000 119.514  34.696 115.500
9012  38.561 -67.029 1  5  5 2700.0   2.663  34.918 272.400   2.450  34.917 272.900   1.349   0.695   0.068  -9.000 124.884  34.345 111.649
9012  38.561 -67.029 1  4  4 2897.8   2.507  34.910 273.200   2.278  34.909 273.500   1.398   0.718   0.078  -9.000 127.904  34.148 109.514
9012  38.561 -67.029 1  3  3 3098.3   2.301  34.900 274.700   2.056  34.900 276.000   1.622   0.823   0.090  -9.000 144.936  33.086  98.384
9012  38.561 -67.029 1  2  2 3351.9   2.223  34.895 274.300   1.954  34.894 275.200   1.608   0.827   0.091  -9.000 145.006  33.082  98.339
9012  38.561 -67.029 1  1  1 3508.6   2.187  34.892 272.700   1.902  34.891 271.600   1.468   0.753   0.088  -9.000 131.765  33.895 106.816
9013  38.317 -67.134 1 22 22    1.2  24.010  36.475 206.400  24.015  36.475 209.700   1.856   1.150   0.160  -9.000  -9.000  -9.000  -9.000
9013  38.317 -67.134 1 21 21  102.3  21.004  36.718 168.300  20.990  36.727 167.100   2.088   1.247   0.079  -9.000 540.100   7.018   3.134
9013  38.317 -67.134 1 20 20  202.2  16.510  36.254 169.200  16.481  36.255 167.900   2.184   1.221   0.032  -9.000 436.712  17.250  16.604
9013  38.317 -67.134 1 19 19  402.9  10.451  35.307 136.900  10.405  35.311 129.900  -9.000  -9.000  -9.000  -9.000  -9.000  -9.000  -9.000
9013  38.317 -67.134 1 18 18  602.7   6.797  35.076 195.700   6.742  35.078 184.900   1.344   0.711   0.071  -9.000 159.285  32.263  90.126
9013  38.317 -67.134 1 17 17  802.8   5.009  34.991 236.400   4.944  34.991 235.600   2.341   1.222   0.153  -9.000 249.308  27.811  54.465
9013  38.317 -67.134 1 16 16 1002.8   4.569  34.999 249.600   4.489  36.263 167.400   2.167   1.213   0.025  -9.000 241.797  28.192  56.812
9013  38.317 -67.134 1 15 15 1202.8   4.129  34.964 260.800   4.035  34.964 260.800   2.366   1.204   0.147  -9.000 234.354  28.566  59.229
9013  38.317 -67.134 1 14 14 1402.4   3.836  34.944 265.800   3.727  34.933 266.700   2.335   1.184   0.151  -9.000 226.825  28.941  61.770
9013  38.317 -67.134 1 13 13 1602.4   3.688  34.939 269.300   3.563  36.833 166.800   2.075   1.244   0.061  -9.000 236.412  28.462  58.549
9013  38.317 -67.134 1 12 12 1701.3   3.623  34.937 270.500   3.490  34.938 270.000   1.996   1.010   0.113  -9.000 191.265  30.620  74.846
9013  38.317 -67.134 1 11 11 1802.6   3.533  34.934 271.100   3.392  34.934 271.300   1.937   0.955   0.120  -9.000 179.968  31.172  79.769
9013  38.317 -67.134 1 10 10 2001.3   3.418  34.934 272.100   3.260  -9.000  -9.000  -9.000  -9.000  -9.000  -9.000  -9.000  -9.000  -9.000
9013  38.317 -67.134 1  9  9 2202.9   3.354  34.947 268.000   3.178  34.948 267.800  -9.000  -9.000  -9.000  -9.000  -9.000  -9.000  -9.000
9013  38.317 -67.134 1  8  8 2401.9   3.204  34.948 266.700   3.010  34.948 267.000   0.895   0.454   0.045  -9.000  84.053  37.443 148.270
9013  38.317 -67.134 1  7  7 2602.1   2.978  34.930 269.600   2.769  34.930 271.000   1.263   0.637   0.071  -9.000 116.469  34.897 117.734
9013  38.317 -67.134 1  6  6 2802.2   2.739  34.919 272.900   2.514  34.920 273.300   1.432   0.724   0.080  -9.000 130.639  33.969 107.600
9013  38.317 -67.134 1  5  5 3001.2   2.565  34.912 273.800   2.324  34.912 273.600   1.406   0.696   0.076  -9.000 124.384  34.378 112.005
9013  38.317 -67.134 1  4  4 3201.7   2.403  34.907 272.000   2.145  34.907 271.700   1.130   0.572   0.064  -9.000 101.311  35.999 130.472
9013  38.317 -67.134 1  3  3 3399.9   2.289  34.899 271.700   2.013  34.896 271.600   1.149   0.583   0.076  -9.000 102.602  35.896 129.247
9013  38.317 -67.134 1  2  2 3599.5   2.213  34.893 270.200   1.917  34.894 271.100   1.207   0.627   0.077  -9.000 109.875  35.371 123.121
9013  38.317 -67.134 1  1  1 3885.0   2.144  34.884 265.300   1.819  34.884 264.300   0.860   0.457   0.055  -9.000  79.772  37.828 153.252
9014  38.092 -67.333 1 22 22    9.5  23.928  36.446 206.300  23.932  36.445 212.700   1.836   1.154   0.156  -9.000  -9.000  -9.000  -9.000
9014  38.092 -67.333 1 21 21  100.3  22.206  36.719 187.300  22.191  36.718 198.800   2.039   1.235   0.127  -9.000  -9.000  -9.000  -9.000
9014  38.092 -67.333 1 20 20  250.5  18.582  36.582 189.800  18.542  36.579 199.800   2.352   1.380   0.046  -9.000 540.659   6.801   3.016
9014  38.092 -67.333 1 19 19  497.8  14.196  35.866 149.400  14.125  35.877 152.300   1.818   1.026   0.022  -9.000 330.168  23.448  34.506
9014  38.092 -67.333 1 18 18  700.2   8.318  35.119 158.500   8.245  35.124 148.200   0.896   0.521   0.030  -9.000 126.068  34.268 110.810
9014  38.092 -67.333 1 17 17  900.1   5.457  35.023 228.300   5.380  35.022 222.300   1.901   1.025   0.106  -9.000 214.163  29.544  66.123
9014  38.092 -67.333 1 16 16 1099.7   4.540  34.983 249.300   4.451  35.121 148.600   0.904   0.554   0.033  -9.000 110.246  35.344 122.815
9014  38.092 -67.333 1 15 15 1300.5   4.262  34.979 255.500   4.158  34.980 256.500   2.193   1.266   0.131  -9.000 248.219  27.868  54.813
9014  38.092 -67.333 1 14 14 1499.9   3.938  34.954 266.200   3.819  34.953 264.400   2.203   1.105   0.133  -9.000 212.872  29.605  66.586
9014  38.092 -67.333 1 13 13 1698.5   3.743  34.945 268.300   3.608  35.122 148.300   0.869   0.488   0.045  -9.000  93.022  36.662 138.488
9014  38.092 -67.333 1 12 12 1900.8   3.572  34.937 270.600   3.421  34.937 270.700   1.879   0.941   0.104  -9.000 177.708  31.288  80.827
9014  38.092 -67.333 1 11 11 2103.1   3.423  34.931 272.000   3.255  34.931 272.100   1.779   0.900   0.103  -9.000 168.592  31.753  85.189
9014  38.092 -67.333 1 10 10 2313.2   3.346  34.942 271.700   3.159  34.939 270.100   1.397   0.718   0.080  -9.000 133.951  33.760 105.386
9014  38.092 -67.333 1  9  9 2500.6   3.223  34.943 269.400   3.020  34.943 268.400   1.105   0.570   0.056  -9.000 105.633  35.676 126.662
9014  38.092 -67.333 1  8  8 2700.9   3.095  34.944 267.000   2.873  34.944 266.700   0.811   0.432   0.042  -9.000  79.504  37.853 153.567
9014  38.092 -67.333 1  7  7 2900.7   2.932  34.936 267.800   2.694  -9.000  -9.000  -9.000  -9.000  -9.000  -9.000  -9.000  -9.000  -9.000
9014  38.092 -67.333 1  6  6 3099.8   2.718  34.923 271.200   2.463  34.925 270.300   0.980   0.507   0.048  -9.000  91.383  36.793 140.105
9014  38.092 -67.333 1  5  5 3300.9   2.517  34.908 275.000   2.246  34.909 274.900   1.545   0.775   0.089  -9.000 138.131  33.504 102.695
9014  38.092 -67.333 1  4  4 3500.9   2.376  34.902 274.600   2.088  34.903 272.900   1.466   0.740   0.087  -9.000 130.865  33.954 107.442
9014  38.092 -67.333 1  3  3 3699.2   2.284  34.896 274.300   1.976  34.886 274.000   1.506   0.762   0.102  -9.000 134.062  33.754 105.314
9014  38.092 -67.333 1  2  2 3899.4   2.200  34.890 271.200   1.872  34.889 271.000   1.348   0.686   0.089  -9.000 120.125  34.656 115.058
9014  38.092 -67.333 1  1  1 4181.2   2.167  34.883 264.400   1.808  34.885 263.700   0.792   0.435   0.053  -9.000  76.028  38.200 158.143
9015  37.859 -67.496 1 22 22    1.9  24.653  36.388 207.600  24.658  36.386 205.300   1.838   1.126   0.147  -9.000  -9.000  -9.000  -9.000
9015  37.859 -67.496 1 21 21  101.0  22.027  36.722 206.800  22.012  36.723 218.200   2.069   1.255   0.159  -9.000  -9.000  -9.000  -9.000
9015  37.859 -67.496 1 20 20  248.9  18.662  36.590 199.800  18.622  36.594 192.000   2.403   1.349   0.025  -9.000 530.324   9.595   4.459
9015  37.859 -67.496 1 19 19  501.5  13.795  35.818 166.900  13.725  35.823 154.700   1.886   0.984   0.025  -9.000 310.841  24.591  38.639
9015  37.859 -67.496 1 18 18  750.8   7.152  35.085 167.800   7.079  35.089 175.600   1.204   0.615   0.049  -9.000 140.303  33.371 101.309
9015  37.859 -67.496 1 17 17  999.7   5.055  35.020 231.400   4.971  35.023 232.200   2.026   0.986   0.113  -9.000 201.708  30.132  70.733
9015  37.859 -67.496 1 16 16 1201.0   4.497  34.996 250.000   4.400  34.996 248.300   2.121   1.026   0.121  -9.000 203.735  30.037  69.964
9015  37.859 -67.496 1 15 15 1402.1   4.119  34.969 256.300   4.007  34.970 256.500   2.200   1.053   0.122  -9.000 204.864  29.984  69.541
9015  37.859 -67.496 1 14 14 1601.1   3.885  34.955 263.300   3.758  34.957 258.600   1.985   0.991   0.113  -9.000 190.370  30.662  75.209
9015  37.859 -67.496 1 13 13 1801.8   3.724  34.948 266.400   3.580  34.948 255.800   1.845   0.914   0.110  -9.000 174.053  31.474  82.559
9015  37.859 -67.496 1 12 12 2000.5   3.599  34.949 267.500   3.438  34.950 262.800   1.606   0.754   0.072  -9.000 142.620  33.229  99.842
9015  37.859 -67.496 1 11 11 2202.8   3.458  34.944 267.000   3.280  34.944 267.400   1.453   0.704   0.071  -9.000 132.143  33.871 106.559
9015  37.859 -67.496 1 10 10 2401.1   3.366  34.951 264.500   3.170  34.951 265.100   1.079   0.523   0.048  -9.000  97.688  36.289 133.943
9015  37.859 -67.496 1  9  9 2601.0   3.277  34.954 264.100   3.062  34.953 263.400   0.742   0.369   0.031  -9.000  68.593  38.959 168.351
9015  37.859 -67.496 1  8  8 2798.4   3.029  34.940 265.900   2.800  34.941 262.600   0.830   0.407   0.035  -9.000  74.631  38.342 160.018
9015  37.859 -67.496 1  7  7 3001.3   2.835  34.931 267.100   2.588  34.931 261.300   0.885   0.419   0.034  -9.000  76.014  38.202 158.160
9015  37.859 -67.496 1  6  6 3200.4   2.613  34.918 269.000   2.350  34.919 267.200   0.955   0.473   0.052  -9.000  84.760  37.379 147.457
9015  37.859 -67.496 1  5  5 3401.6   2.457  34.909 269.900   2.176  34.909 263.400   1.069   0.520   0.056  -9.000  92.376  36.714 139.124
9015  37.859 -67.496 1  4  4 3603.7   2.320  34.901 268.200   2.022  34.901 268.000   0.958   0.473   0.051  -9.000  83.387  37.503 149.040
9015  37.859 -67.496 1  3  3 3802.4   2.260  34.895 267.500   1.942  34.896 266.800   0.999   0.492   0.056  -9.000  86.445  37.227 145.531
9015  37.859 -67.496 1  2  2 3996.9   2.234  34.892 265.400   1.893  34.894 265.500   0.768   0.403   0.054  -9.000  70.702  38.738 165.349
9015  37.859 -67.496 1  1  1 4446.2   2.198  34.883 261.600   1.807  34.883 261.300   0.565   0.329   0.046  -9.000  57.600  40.234 186.076
9016  37.622 -67.627 1 22 22    2.1  24.566  36.399 157.200  24.572  36.395 211.200   1.840   1.108   0.136  -9.000  -9.000  -9.000  -9.000
9016  37.622 -67.627 1 21 21  104.2  22.981  36.572 211.500  22.965  36.569 210.400   1.942   1.171   0.135  -9.000  -9.000  -9.000  -9.000
9016  37.622 -67.627 1 20 20  254.9  19.806  36.690 215.000  19.764  36.697 186.500   2.237   1.305   0.036  -9.000 538.336   7.626   3.446
9016  37.622 -67.627 1 19 19  524.0  16.238  36.214 171.800  16.156  36.233 172.800   2.203   1.197   0.022  -9.000 422.956  17.944  18.668
9016  37.622 -67.627 1 18 18  837.2  11.857  35.501 155.700  11.748  35.518 137.300   1.290   0.691   0.024  -9.000 199.055  30.256  71.755
9016  37.622 -67.627 1 17 17 1159.6   5.382  35.039 227.300   5.281  35.046 224.600   1.705   0.841   0.080  -9.000 175.055  31.423  82.081
9016  37.622 -67.627 1 16 16 1258.1   4.845  35.012 240.000   4.739  35.012 241.300   2.022   0.997   0.108  -9.000 201.695  30.133  70.738
9016  37.622 -67.627 1 15 15 1406.8   4.460  34.989 250.100   4.344  34.989 252.100   2.123   1.053   0.113  -9.000 208.669  29.805  68.125
9016  37.622 -67.627 1 14 14 1605.4   4.089  34.967 260.800   3.959  34.974 259.900   2.065   1.012   0.109  -9.000 196.568  30.372  72.727
9016  37.622 -67.627 1 13 13 1799.3   3.868  34.954 264.900   3.723  34.953 261.000   1.908   0.959   0.108  -9.000 184.053  30.964  77.882
9016  37.622 -67.627 1 12 12 2007.2   3.655  34.945 268.000   3.493  34.944 267.900  -9.000  -9.000  -9.000  -9.000  -9.000  -9.000  -9.000
9016  37.622 -67.627 1 11 11 2199.7   3.534  34.945 268.600   3.355  34.945 268.500  -9.000  -9.000  -9.000  -9.000  -9.000  -9.000  -9.000
9016  37.622 -67.627 1 10 10 2403.5   3.397  34.941 269.000   3.201  34.940 268.100   1.377   0.690   0.063  -9.000 129.083  34.071 108.687
9016  37.622 -67.627 1  9  9 2600.4   3.282  34.937 267.700   3.067  34.937 270.300   1.356   0.675   0.066  -9.000 125.486  34.306 111.221
9016  37.622 -67.627 1  8  8 2898.7   3.163  34.938 267.200   2.920  34.938 266.900   1.103   0.562   0.059  -9.000 103.805  35.808 128.205
9016  37.622 -67.627 1  7  7 3199.7   2.939  34.932 269.200   2.669  34.931 264.000   0.977   0.472   0.052  -9.000  86.119  37.257 145.902
9016  37.622 -67.627 1  6  6 3501.5   2.619  34.916 271.300   2.324  34.915 270.100   1.094   0.539   0.054  -9.000  96.617  36.375 134.979
9016  37.622 -67.627 1  5  5 3797.0   2.394  34.904 270.300   2.072  34.902 270.000   0.986   0.488   0.053  -9.000  86.387  37.233 145.598
9016  37.622 -67.627 1  4  4 3996.2   2.295  34.896 269.200   1.953  34.896 268.100   0.924   0.457   0.058  -9.000  80.451  37.767 152.456
9016  37.622 -67.627 1  3  3 4296.6   2.240  34.889 265.600   1.865  34.888 262.200   0.717   0.373   0.050  -9.000  65.460  39.312 173.178
9016  37.622 -67.627 1  2  2 4493.1   2.224  34.885 264.300   1.827  34.884 263.800   0.688   0.359   0.043  -9.000  62.944  39.594 177.091
9016  37.622 -67.627 1  1  1 4659.9   2.224  34.883 262.600   1.807  34.881 261.900   0.613   0.335   0.042  -9.000  58.735  40.091 184.044
9017  37.383 -67.797 1 22 22    1.8  23.883  36.472 211.500  23.888  36.471 213.900   1.900   1.143   0.151  -9.000  -9.000  -9.000  -9.000
9017  37.383 -67.797 1 21 21  100.3  22.854  36.622 208.600  22.839  36.610 210.200   1.972   1.169   0.149  -9.000 544.168   4.842   1.948
9017  37.383 -67.797 1 20 20  246.9  20.273  36.699 186.900  20.231  -9.000  -9.000  -9.000  -9.000  -9.000  -9.000  -9.000  -9.000  -9.000
9017  37.383 -67.797 1 19 19  499.7  18.320  36.550 190.100  18.236  36.550 193.500   2.391   1.340   0.035  -9.000 519.111  11.481   6.120
9017  37.383 -67.797 1 18 18  753.9  14.900  35.987 160.500  14.787  36.014 132.100   2.095   1.122   0.045  -9.000 373.032  20.639  26.407
9017  37.383 -67.797 1 17 17 1003.2   8.917  35.199 152.700   8.805  35.200 152.300   1.053   0.539   0.037  -9.000 134.450  33.730 105.063
9017  37.383 -67.797 1 16 16 1205.0   5.797  35.048 211.100   5.688  35.202 153.500   1.077   0.557   0.037  -9.000 118.488  34.763 116.245
9017  37.383 -67.797 1 15 15 1405.3   4.814  35.010 242.400   4.695  35.011 242.700   2.038   0.999   0.122  -9.000 201.762  30.129  70.712
9017  37.383 -67.797 1 14 14 1600.1   4.440  34.999 254.200   4.306  35.000 252.100   1.888   0.938   0.109  -9.000 185.703  30.880  77.130
9017  37.383 -67.797 1 13 13 1804.6   4.027  34.963 261.900   3.879  34.964 262.300   2.012   0.980   0.113  -9.000 189.714  30.693  75.477
9017  37.383 -67.797 1 12 12 2003.6   3.812  34.950 266.100   3.648  34.950 266.100   1.912   0.942   0.110  -9.000 180.241  31.159  79.642
9017  37.383 -67.797 1 11 11 2200.0   3.621  34.941 268.300   3.440  34.941 269.600   1.762   0.839   0.093  -9.000 158.872  32.286  90.356
9017  37.383 -67.797 1 10 10 2395.6   3.525  34.943 269.200   3.327  34.943 269.500   1.544   0.748   0.084  -9.000 140.911  33.333 100.924
9017  37.383 -67.797 1  9  9 2606.5   3.395  34.945 268.400   3.178  34.945 245.000   1.238   0.601   0.056  -9.000 112.427  35.187 121.019
9017  37.383 -67.797 1  8  8 2801.9   3.269  34.944 266.900   3.034  34.944 268.200   1.034   0.505   0.052  -9.000  93.823  36.598 137.702
9017  37.383 -67.797 1  7  7 3002.3   3.130  34.943 266.500   2.877  34.943 267.000   0.814   0.403   0.039  -9.000  74.308  38.374 160.453
9017  37.383 -67.797 1  6  6 3301.2   2.799  34.927 268.700   2.522  34.927 269.200   0.921   0.449   0.044  -9.000  81.293  37.692 151.472
9017  37.383 -67.797 1  5  5 3599.6   2.549  34.913 270.200   2.245  34.913 271.300   0.994   0.487   0.058  -9.000  86.958  37.181 144.947
9017  37.383 -67.797 1  4  4 3899.6   2.356  34.901 269.100   2.024  34.901 270.400   0.913   0.448   0.051  -9.000  79.138  37.886 154.006
9017  37.383 -67.797 1  3  3 4200.1   2.283  34.894 266.200   1.919  34.893 267.300   0.710   0.350   0.044  -9.000  61.573  39.748 179.237
9017  37.383 -67.797 1  2  2 4503.3   2.255  34.888 264.100   1.856  34.888 264.500   0.616   0.316   0.044  -9.000  55.501  40.500 189.846
9017  37.383 -67.797 1  1  1 4817.3   2.246  34.883 261.600   1.809  34.882 262.000   0.583   0.309   0.039  -9.000  54.242  40.659 192.117
9018  37.138 -67.943 1 22 22    2.6  23.428  36.500 212.400  23.433  36.521 224.900   1.908   1.171   0.153  -9.000  -9.000  -9.000  -9.000
9018  37.138 -67.943 1 21 21  103.5  21.824  36.712 206.300  21.809  36.714 209.700   2.028   1.222   0.128  -9.000  -9.000  -9.000  -9.000
9018  37.138 -67.943 1 20 20  202.6  19.580  36.648 227.600  19.547  36.646 229.100   2.267   1.354   0.174  -9.000  -9.000  -9.000  -9.000
9018  37.138 -67.943 1 19 19  400.8  19.255  36.636 220.800  19.187  36.636 219.800   2.275   1.350   0.166  -9.000 544.158   4.848   1.951
9018  37.138 -67.943 1 18 18  602.5  17.855  36.481 193.900  17.754  36.486 191.800   2.357   1.325   0.039  -9.000 503.027  13.238   8.084
9018  37.138 -67.943 1 17 17  782.0  14.826  35.972 172.700  14.709  35.979 169.600   2.084   1.140   0.030  -9.000 377.714  20.358  25.654
9018  37.138 -67.943 1 16 16 1004.0   9.922  35.276 147.700   9.804  35.272 139.500   0.968   0.512   0.022  -9.000 134.233  33.743 105.203
9018  37.138 -67.943 1 15 15 1199.5   6.119  35.068 204.800   6.008  35.068 201.400   1.380   0.701   0.058  -9.000 151.659  32.691  94.381
9018  37.138 -67.943 1 14 14 1399.5   4.791  34.991 241.200   4.673  34.990 243.700   2.326   1.171   0.143  -9.000 236.168  28.475  58.630
9018  37.138 -67.943 1 13 13 1602.9   4.416  34.987 252.900   4.283  34.986 249.600   2.135   1.060   0.119  -9.000 209.560  29.763  67.795
9018  37.138 -67.943 1 12 12 1801.9   4.082  34.961 261.200   3.933  34.960 261.900   2.194   1.063   0.128  -9.000 206.386  29.913  68.974
9018  37.138 -67.943 1 11 11 1999.5   3.905  34.958 263.200   3.739  34.957 264.300   1.882   0.904   0.108  -9.000 173.850  31.485  82.656
9018  37.138 -67.943 1 10 10 2202.4   3.703  34.948 267.200   3.521  34.947 267.300   1.719   0.826   0.092  -9.000 157.117  32.385  91.327
9018  37.138 -67.943 1  9  9 2401.5   3.653  34.963 265.400   3.452  34.961 263.100   1.210   0.592   0.065  -9.000 112.320  35.195 121.107
9018  37.138 -67.943 1  8  8 2600.5   3.454  34.947 268.000   3.236  34.953 263.500   1.241   0.603   0.060  -9.000 113.163  35.135 120.418
9018  37.138 -67.943 1  7  7 2800.5   3.308  34.943 267.200   3.072  34.944 263.200   1.123   0.558   0.050  -9.000 103.889  35.802 128.135
9018  37.138 -67.943 1  6  6 3000.0   3.130  34.940 267.500   2.877  34.939 264.700   1.013   0.486   0.045  -9.000  89.609  36.942 141.954
9018  37.138 -67.943 1  5  5 3195.7   2.918  34.933 268.000   2.649  34.933 266.000   0.891   0.434   0.033  -9.000  79.095  37.891 154.063
9018  37.138 -67.943 1  4  4 3499.0   2.645  34.919 268.900   2.350  34.919 269.600   0.812   0.399   0.047  -9.000  71.626  38.645 164.087
9018  37.138 -67.943 1  3  3 4001.0   2.367  34.901 268.100   2.023  34.900 267.700   0.763   0.378   0.045  -9.000  66.812  39.160 171.088
9018  37.138 -67.943 1  2  2 4500.0   2.277  34.890 266.400   1.877  34.889 265.300   0.839   0.414   0.052  -9.000  72.804  38.526 162.486
9018  37.138 -67.943 1  1  1 4986.5   2.263  34.882 262.100   1.804  34.881 261.900   0.604   0.309   0.046  -9.000  54.293  40.653 192.027
9019  36.895 -66.090 1 22 22    2.0  23.379  36.502 212.900  23.384  36.500 221.800   1.868   1.148   0.146  -9.000 544.722   4.534   1.797
9019  36.895 -66.090 1 21 21   98.5  20.340  36.715 226.000  20.326  36.713 191.100   2.227   1.332   0.162  -9.000  -9.000  -9.000  -9.000
9019  36.895 -66.090 1 20 20  197.1  19.361  36.638 221.300  19.330  36.634 219.100   2.174   1.299   0.072  -9.000 525.902  10.406   5.070
9019  36.895 -66.090 1 19 19  410.6  18.634  36.587 205.000  18.565  36.587 197.800   2.302   1.359   0.058  -9.000 533.613   8.937   4.080
9019  36.895 -66.090 1 18 18  602.4  17.626  36.449 191.300  17.526  36.450 182.200   2.313   1.311   0.017  -9.000 492.765  14.230   9.410
9019  36.895 -66.090 1 17 17  803.3  14.448  35.907 169.600  14.330  35.921 162.800   1.941   1.058   0.025  -9.000 344.470  22.525  31.590
9019  36.895 -66.090 1 16 16 1004.9   9.844  35.274 141.500   9.726  35.279 144.800   1.036   0.554   0.016  -9.000 144.696  33.101  98.534
9019  36.895 -66.090 1 15 15 1202.0   6.177  35.077 210.400   6.065  35.077 205.300   1.410   0.723   0.055  -9.000 156.902  32.397  91.446
9019  36.895 -66.090 1 14 14 1404.9   4.924  35.016 240.400   4.804  35.016 238.100   1.965   1.006   0.112  -9.000 204.373  30.007  69.725
9019  36.895 -66.090 1 13 13 1603.1   4.358  34.980 254.700   4.225  34.985 252.900   2.109   1.052   0.119  -9.000 207.323  29.869  68.627
9019  36.895 -66.090 1 12 12 1805.7   4.111  34.974 259.500   3.961  34.974 259.700   1.894   0.934   0.093  -9.000 181.646  31.087  78.990
9019  36.895 -66.090 1 11 11 2008.8   3.829  34.953 264.300   3.664  34.954 265.400   1.843   0.905   0.091  -9.000 173.324  31.511  82.906
9019  36.895 -66.090 1 10 10 2226.4   3.632  34.944 266.100   3.449  34.944 268.400   1.694   0.826   0.085  -9.000 156.509  32.419  91.665
9019  36.895 -66.090 1  9  9 2436.7   3.508  34.940 268.300   3.306  34.939 270.200   1.571   0.771   0.077  -9.000 145.104  33.076  98.278
9019  36.895 -66.090 1  8  8 2699.6   3.378  34.948 266.400   3.151  34.947 267.000   1.100   0.546   0.050  -9.000 102.047  35.940 129.772
9019  36.895 -66.090 1  7  7 2999.5   3.135  34.945 265.200   2.882  34.945 267.100   0.739   0.371   0.028  -9.000  68.428  38.978 168.604
9019  36.895 -66.090 1  6  6 3297.0   2.805  34.930 265.000   2.528  34.930 264.000   0.633   0.324   0.022  -9.000  58.682  40.097 184.139
9019  36.895 -66.090 1  5  5 3600.3   2.557  34.915 267.500   2.253  34.915 266.900   0.658   0.337   0.025  -9.000  60.201  39.905 181.435
9019  36.895 -66.090 1  4  4 3899.3   2.393  34.903 267.000   2.060  34.906 266.100  -9.000  -9.000  -9.000  -9.000  -9.000  -9.000  -9.000
9019  36.895 -66.090 1  3  3 4299.2   2.283  34.892 264.100   1.906  34.892 262.300   0.624   0.332   0.029  -9.000  58.405  40.132 184.633
9019  36.895 -66.090 1  2  2 4698.0   2.273  34.887 262.500   1.849  34.887 262.900   0.568   0.289   0.037  -9.000  50.810  41.132 198.895
9019  36.895 -66.090 1  1  1 5005.5   2.272  34.883 262.200   1.811  34.881 262.600   0.591   0.303   0.030  -9.000  53.266  40.783 193.885
9020  36.621 -66.208 1 22 22    2.9  21.642  36.600 220.100  21.647  36.597 223.100   2.027   1.243   0.167  -9.000  -9.000  -9.000  -9.000
9020  36.621 -66.208 1 21 21  103.6  19.837  36.628 215.300  19.822  36.626 216.500   2.159   1.300   0.159  -9.000 536.630   8.142   3.692
9020  36.621 -66.208 1 20 20  203.4  19.212  36.638 212.500  19.179  36.637 214.800   2.237   1.343   0.132  -9.000 540.386   6.919   3.081
9020  36.621 -66.208 1 19 19  398.5  18.617  36.597 209.100  18.550  36.599 216.000   2.311   1.368   0.129  -9.000 536.815   8.092   3.668
9020  36.621 -66.208 1 18 18  597.5  17.433  36.416 190.100  17.335  36.417 187.500   2.324   1.305   0.036  -9.000 486.342  14.686  10.163
9020  36.621 -66.208 1 17 17  798.5  13.909  35.817 167.900  13.794  35.832 162.100   1.905   1.044   0.034  -9.000 331.489  23.369  34.241
9020  36.621 -66.208 1 16 16 1001.8   9.304  35.220 146.300   9.189  36.598 225.800   2.050   1.236   0.176  -9.000 314.289  24.389  37.862
9020  36.621 -66.208 1 15 15 1199.8   6.168  35.080 204.700   6.056  35.082 206.400   1.527   0.778   0.070  -9.000 168.765  31.744  85.105
9020  36.621 -66.208 1 14 14 1400.2   4.925  35.016 240.100   4.805  35.017 239.800   1.974   0.973   0.108  -9.000 197.679  30.320  72.291
9020  36.621 -66.208 1 13 13 1596.9   4.401  34.990 253.100   4.268  34.990 252.400   2.020   1.007   0.108  -9.000 198.929  30.262  71.804
9020  36.621 -66.208 1 12 12 1797.7   4.064  34.969 260.200   3.916  34.968 261.300   1.922   0.933   0.102  -9.000 180.985  31.121  79.296
9020  36.621 -66.208 1 11 11 1998.6   3.801  34.950 264.800   3.637  34.949 266.500   1.870   0.911   0.099  -9.000 174.206  31.466  82.486
9020  36.621 -66.208 1 10 10 2199.2   3.651  34.944 267.300   3.470  34.943 269.100   1.724   0.854   0.089  -9.000 161.981  32.111  88.646
9020  36.621 -66.208 1  9  9 2396.8   3.522  34.942 268.400   3.324  34.941 269.100   1.524   0.749   0.074  -9.000 141.075  33.323 100.819
9020  36.621 -66.208 1  8  8 2697.9   3.354  34.947 266.400   3.128  35.087 194.200   1.388   0.714   0.059  -9.000 133.271  33.802 105.826
9020  36.621 -66.208 1  7  7 2999.1   3.128  34.943 265.500   2.875  34.943 265.100   0.791   0.397   0.040  -9.000  73.193  38.487 161.959
9020  36.621 -66.208 1  6  6 3297.4   2.832  34.930 267.100   2.554  34.929 267.600   0.771   0.384   0.036  -9.000  69.653  38.844 166.785
9020  36.621 -66.208 1  5  5 3596.0   2.610  34.917 268.000   2.305  34.916 269.300   0.765   0.374   0.041  -9.000  67.007  39.138 170.786
9020  36.621 -66.208 1  4  4 3900.1   2.422  34.905 268.100   2.088  34.905 270.100   0.823   0.409   0.045  -9.000  72.515  38.555 162.880
9020  36.621 -66.208 1  3  3 4298.1   2.283  34.892 265.500   1.906  34.891 266.900   0.693   0.346   0.040  -9.000  60.868  39.827 180.345
9020  36.621 -66.208 1  2  2 4699.1   2.266  34.886 263.400   1.842  34.886 263.700   0.600   0.310   0.036  -9.000  54.480  40.629 191.689
9020  36.621 -66.208 1  1  1 5041.5   2.278  34.883 262.900   1.811  34.883 263.300   0.585   0.310   0.035  -9.000  54.515  40.625 191.626
