2009sep
      2009.71
STN   LAT    LON CAST SAMP BTL CTDPRS CTDTMP CTDSAL CTDOXY   THETA   SALNTY  OXYGEN  CFC-11  CFC-12  CFC113  SF6  pCFC-12 CFC12age Mean Age
9001  40.296 -69.790 1 24 23    1.3  23.220  33.719 231.200  23.225  -9.000  -9.000  -9.000  -9.000  -9.000  -9.000  -9.000  -9.000  -9.000
9001  40.296 -69.790 1 23 22    1.6  23.240  33.742 231.400  23.245  -9.000  -9.000  -9.000  -9.000  -9.000  -9.000  -9.000  -9.000  -9.000
9001  40.296 -69.790 1 22 24    1.5  23.233  33.734 231.400  23.239  -9.000  -9.000  -9.000  -9.000  -9.000  -9.000  -9.000  -9.000  -9.000
9001  40.296 -69.790 1 21 21    1.4  23.227  33.726 231.300  23.232  -9.000  -9.000  -9.000  -9.000  -9.000  -9.000  -9.000  -9.000  -9.000
9001  40.296 -69.790 1 20 20    1.3  23.220  33.719 231.200  23.225  -9.000  -9.000  -9.000  -9.000  -9.000  -9.000  -9.000  -9.000  -9.000
9001  40.296 -69.790 1 19 19    1.6  23.240  33.742 231.400  23.245  -9.000  -9.000  -9.000  -9.000  -9.000  -9.000  -9.000  -9.000  -9.000
9001  40.296 -69.790 1 18 18    1.4  23.227  33.726 231.300  23.232  33.822 238.600   2.017   1.237   0.230   1.197  -9.000  -9.000  -9.000
9001  40.296 -69.790 1 17 17    1.5  23.233  33.734 231.400  23.239  33.858 238.600   2.100   1.254   0.229   1.250  -9.000  -9.000  -9.000
9001  40.296 -69.790 1 16 16   38.9  13.678  34.177 290.500  13.675  -9.000  -9.000  -9.000  -9.000  -9.000  -9.000  -9.000  -9.000  -9.000
9001  40.296 -69.790 1 15 15   39.4  13.600  34.185 288.000  13.597  -9.000  -9.000  -9.000  -9.000  -9.000  -9.000  -9.000  -9.000  -9.000
9001  40.296 -69.790 1 14 14   39.2  13.631  34.182 289.000  13.629  -9.000  -9.000  -9.000  -9.000  -9.000  -9.000  -9.000  -9.000  -9.000
9001  40.296 -69.790 1 13 13   39.0  13.662  34.179 290.000  13.660  -9.000  -9.000  -9.000  -9.000  -9.000  -9.000  -9.000  -9.000  -9.000
9001  40.296 -69.790 1 12 12   39.2  13.631  34.182 289.000  13.629  -9.000  -9.000  -9.000  -9.000  -9.000  -9.000  -9.000  -9.000  -9.000
9001  40.296 -69.790 1 11 11   39.3  13.615  34.183 288.500  13.613  -9.000  -9.000  -9.000  -9.000  -9.000  -9.000  -9.000  -9.000  -9.000
9001  40.296 -69.790 1 10 10   39.5  13.584  34.186 287.500  13.582  34.160 259.000   3.222   1.827   0.309   1.580  -9.000  -9.000  -9.000
9001  40.296 -69.790 1  9  9   39.4  13.600  34.185 288.000  13.597  34.169 258.500   3.297   1.858   0.309   1.582  -9.000  -9.000  -9.000
9001  40.296 -69.790 1  8  8   80.7  12.135  34.726 196.100  12.128  -9.000  -9.000  -9.000  -9.000  -9.000  -9.000  -9.000  -9.000  -9.000
9001  40.296 -69.790 1  7  7   81.1  12.124  34.726 195.500  12.116  -9.000  -9.000  -9.000  -9.000  -9.000  -9.000  -9.000  -9.000  -9.000
9001  40.296 -69.790 1  6  6   81.2  12.121  34.726 195.400  12.113  -9.000  -9.000  -9.000  -9.000  -9.000  -9.000  -9.000  -9.000  -9.000
9001  40.296 -69.790 1  5  5   80.8  12.133  34.726 196.000  12.125  -9.000  -9.000  -9.000  -9.000  -9.000  -9.000  -9.000  -9.000  -9.000
9001  40.296 -69.790 1  4  4   80.7  12.135  34.726 196.100  12.128  -9.000  -9.000  -9.000  -9.000  -9.000  -9.000  -9.000  -9.000  -9.000
9001  40.296 -69.790 1  3  3   80.7  12.135  34.726 196.100  12.128  -9.000  -9.000  -9.000  -9.000  -9.000  -9.000  -9.000  -9.000  -9.000
9001  40.296 -69.790 1  2  2   81.0  12.127  34.726 195.700  12.119  34.732 193.600   3.088   1.672   0.274   1.504 484.008  20.181  13.164
9001  40.296 -69.790 1  1  1   80.4  12.144  34.726 196.600  12.137  34.730 193.500   3.060   1.751   0.306  -9.000 507.276  18.087   8.941
9002  40.152 -69.879 1  3  3    2.2  24.586  34.294 226.100  24.591  -9.000  -9.000   1.839   1.129   0.205   1.120  -9.000  -9.000  -9.000
9002  40.152 -69.879 1  2  2    2.2  24.586  34.294 226.100  24.591  34.294 227.100   2.317   1.363   0.184   1.155  -9.000  -9.000  -9.000
9002  40.152 -69.879 1  1  1  104.5  13.698  35.558 162.200  13.687  35.549 159.800  -9.000  -9.000  -9.000  -9.000  -9.000  -9.000  -9.000
9003  40.012 -68.007 1  5  5    2.2  24.488  34.015 226.400  24.494  34.013 227.000   1.963   1.201   0.247   1.275  -9.000  -9.000  -9.000
9003  40.012 -68.007 1  4 19    2.4  24.489  34.015 226.500  24.494  -9.000  -9.000  -9.000  -9.000  -9.000  -9.000  -9.000  -9.000  -9.000
9003  40.012 -68.007 1  3  3   51.2  14.922  35.078 213.900  14.917  35.061 214.400   3.001   1.690   0.267   1.376  -9.000  -9.000  -9.000
9003  40.012 -68.007 1  2  2  100.4  13.989  35.715 184.800  13.978  35.722 181.800   2.451   1.405   0.205   1.226 447.275  22.057  19.037
9003  40.012 -68.007 1  1  1  148.5  12.382  35.583 158.100  12.365  35.588 156.500   1.930   1.102   0.165   0.881 325.569  29.055  43.946
9004  39.906 -68.073 1  9  9    1.7  24.632  34.077 225.900  24.638  34.080 227.400   1.943   1.185   0.195   1.242  -9.000  -9.000  -9.000
9004  39.906 -68.073 1  8  8   50.4  15.366  35.179 205.000  15.361  35.166 216.300   2.965   1.664   0.232   1.580  -9.000  -9.000  -9.000
9004  39.906 -68.073 1  7  7   99.5  14.724  35.750 187.100  14.713  35.749 181.200   2.506   1.421   0.166   1.311 467.661  21.086  15.827
9004  39.906 -68.073 1  6  6  219.6  11.041  35.400 136.900  11.016  35.416 137.800   1.506   0.816   0.083   0.687 225.986  34.311  76.005
9004  39.906 -68.073 1  5  5  300.4   8.376  35.141 153.800   8.346  35.142 152.800   1.285   0.699   0.082   0.613 169.664  37.028 103.286
9004  39.906 -68.073 1  4  4  398.4   6.219  35.021 201.800   6.185  35.020 200.500   2.123   1.124   0.166   0.746 244.316  33.395  68.912
9004  39.906 -68.073 1  3  3  498.6   5.615  34.997 218.000   5.574  34.996 218.000   2.460   1.262   0.196   0.777 265.790  32.269  61.173
9004  39.906 -68.073 1  2  2  599.4   5.350  34.988 227.300   5.301  34.987 226.800   2.563   1.321   0.212   0.817 274.368  31.778  58.061
9004  39.906 -68.073 1  1  1  661.9   5.230  34.986 231.600   5.176  34.984 230.200   2.639   1.357   0.227   0.946 280.069  31.449  56.055
9005  39.853 -68.105 1 12 12    2.1  25.298  34.607 221.600  25.303  34.607 222.800   1.826   1.123   0.164   1.087  -9.000  -9.000  -9.000
9005  39.853 -68.105 1 11 11   74.5  15.870  36.006 144.000  15.862  36.006 143.600   2.048   1.153   0.069   0.908 400.116  24.396  27.486
9005  39.853 -68.105 1 10 10  149.9  13.256  35.674 182.700  13.238  35.676 179.700   2.281   1.285   0.122   1.138 395.547  24.654  28.414
9005  39.853 -68.105 1  9  9  241.0  10.561  35.338 133.200  10.535  35.345 134.900   1.344   0.732   0.072   0.655 198.017  35.634  88.188
9005  39.853 -68.105 1  8  8  350.3   7.990  35.113 165.300   7.956  35.114 158.800  -9.000  -9.000  -9.000  -9.000  -9.000  -9.000  -9.000
9005  39.853 -68.105 1  7  7  475.9   5.868  35.002 214.000   5.828  35.002 211.200   2.275   1.202   0.152   0.718 256.519  32.759  64.436
9005  39.853 -68.105 1  6  6  599.7   5.084  34.982 232.100   5.036  34.981 235.800   2.695   1.390   0.193   0.845 284.676  31.188  54.519
9005  39.853 -68.105 1  5  5  724.0   4.903  34.977 241.000   4.845  34.977 241.700   2.770   1.426   0.205   0.874 289.265  30.977  53.307
9005  39.853 -68.105 1  4  4  849.5   4.738  34.973 246.300   4.670  34.972 247.900   2.832   1.446   0.206   0.915 290.761  30.908  52.919
9005  39.853 -68.105 1  3  3  949.4   4.621  34.970 251.800   4.545  -9.000  -9.000  -9.000  -9.000  -9.000  -9.000  -9.000  -9.000  -9.000
9005  39.853 -68.105 1  2  2 1051.1   4.311  34.962 258.400   4.228  34.961 258.700   2.874   1.445   0.212   0.868 284.006  31.221  54.712
9005  39.853 -68.105 1  1  1 1108.3   4.201  34.959 261.400   4.115  34.959 260.800   2.871   1.395   0.216   0.859 272.567  31.882  58.710
9006  39.789 -68.158 1 13 13    0.9  26.260  35.470 215.500  26.266  35.470 211.300  -9.000  -9.000  -9.000  -9.000  -9.000  -9.000  -9.000
9006  39.789 -68.158 1 12 12   75.3  16.624  35.959 168.500  16.615  36.100 158.900  -9.000  -9.000  -9.000  -9.000  -9.000  -9.000  -9.000
9006  39.789 -68.158 1 11 11  150.2  13.518  35.743 169.300  13.500  35.728 164.500  -9.000  -9.000  -9.000  -9.000  -9.000  -9.000  -9.000
9006  39.789 -68.158 1 10 10  250.9  10.647  35.357 136.600  10.619  35.356 136.700   1.306   0.717   0.035   0.427 194.795  35.785  89.730
9006  39.789 -68.158 1  9  9  376.2   7.822  35.117 157.700   7.786  35.106 161.300   1.328   0.697   0.078   0.438 164.528  37.298 106.373
9006  39.789 -68.158 1  8  8  525.9   5.862  34.819 208.400   5.818  35.027 211.600   2.113   1.091   0.134   0.661 232.325  33.998  73.480
9006  39.789 -68.158 1  7  7  678.7   4.993  34.981 237.800   4.939  34.978 238.800   2.794   1.413   0.184   0.881 288.001  31.035  53.638
9006  39.789 -68.158 1  6  6  823.8   4.612  34.969 251.300   4.547  34.969 252.500   2.950   1.460   0.193   0.961 291.610  30.869  52.701
9006  39.789 -68.158 1  5  5  950.6   4.423  34.965 257.400   4.349  34.965 256.600   2.959   1.473   0.186   0.948 291.255  30.885  52.792
9006  39.789 -68.158 1  4  4 1075.2   4.292  34.961 260.200   4.208  34.959 260.700   2.992   1.469   0.195   0.719 288.431  31.015  53.525
9006  39.789 -68.158 1  3  3 1200.3   4.124  34.957 262.000   4.031  34.956 263.100   2.800   1.384   0.193   0.716 269.301  32.071  59.902
9006  39.789 -68.158 1  2  2 1323.5   3.981  34.954 264.200   3.878  34.954 263.900   2.625   1.278   0.165   0.568 246.767  33.272  68.021
9006  39.789 -68.158 1  1  1 1494.6   3.822  34.950 266.500   3.706  34.949 265.900   2.330   1.126   0.145   0.429 215.560  34.807  80.267
9007  39.706 -68.203 1 19 19    6.7  26.135  34.891 214.100  26.139  34.910 215.900   1.681   1.075   0.144   1.118  -9.000  -9.000  -9.000
9007  39.706 -68.203 1 18 18   50.6  20.449  36.179 172.100  20.444  36.151 190.100   2.043   1.221   0.107   1.097 514.435  17.399   8.378
9007  39.706 -68.203 1 17 17  100.5  15.908  36.035 160.200  15.896  36.037 145.700   2.065   1.169   0.030   0.866 406.461  24.063  26.278
9007  39.706 -68.203 1 16 16  225.6  12.008  35.533 145.500  11.981  35.545 145.900   1.685   0.926   0.036   0.709 268.724  32.104  60.115
9007  39.706 -68.203 1 15 15  350.9   8.884  35.170 144.900   8.848  35.173 145.600   1.199   0.647   0.044   0.500 161.085  37.492 108.605
9007  39.706 -68.203 1 14 14  475.2   6.591  35.041 189.400   6.549  35.044 192.300   1.786   0.940   0.095   0.582 208.307  35.152  83.449
9007  39.706 -68.203 1 13 13  600.7   5.470  35.016 224.100   5.421  35.015 223.700   2.320   1.176   0.132   0.743 245.857  33.318  68.350
9007  39.706 -68.203 1 12 12  749.7   4.859  34.997 244.300   4.799  34.998 244.000   2.617   1.334   0.170   0.762 270.028  32.029  59.635
9007  39.706 -68.203 1 11 11  875.1   4.656  34.996 251.700   4.587  34.996 249.800   2.587   1.318   0.158   0.733 263.938  32.367  61.813
9007  39.706 -68.203 1 10 10 1000.7   4.395  34.982 260.600   4.317  34.980 257.100   2.736   1.383   0.174   0.750 273.101  31.852  58.517
9007  39.706 -68.203 1  9  9 1124.7   4.139  34.962 263.900   4.052  34.960 263.500   2.832   1.415   0.188   0.653 275.569  31.709  57.633
9007  39.706 -68.203 1  8  8 1250.6   4.021  34.958 265.700   3.924  34.956 264.400   2.691   1.335   0.178   0.694 258.338  32.663  63.784
9007  39.706 -68.203 1  7  7 1376.3   3.876  34.953 267.600   3.769  34.951 266.200   2.521   1.247   0.155   0.551 239.428  33.641  70.732
9007  39.706 -68.203 1  6  6 1499.8   3.787  34.953 267.900   3.670  34.953 266.800   2.206   1.082   0.137  -9.000 206.751  35.226  84.154
9007  39.706 -68.203 1  5  5 1625.2   3.752  34.957 267.700   3.624  34.957 266.700   2.026   0.999   0.128   0.326 190.543  35.984  91.805
9007  39.706 -68.203 1  4  4 1750.1   3.631  34.949 269.400   3.493  34.947 268.100   1.994   0.987   0.127   0.418 187.014  36.149  93.557
9007  39.706 -68.203 1  3  3 1876.2   3.543  34.946 270.000   3.394  34.945 269.600   1.906   0.946   0.109   0.407 178.390  36.583  98.291
9007  39.706 -68.203 1  2  2 1975.3   3.448  34.944 270.600   3.292  34.944 270.200   1.779   0.881   0.108   0.279 165.278  37.256 105.890
9007  39.706 -68.203 1  1  1 2078.0   3.348  34.942 270.700   3.183  34.947 268.600   1.658   0.828   0.098   0.310 154.491  37.862 112.918
9008  39.479 -68.367 1 22 24   42.6  20.558  36.368 216.400  20.555  36.406 196.900   2.071   1.198   0.109   1.029 507.914  18.026   8.871
9008  39.479 -68.367 1 21 21   77.6  17.621  36.272 165.800  17.612  36.263 157.400   2.210   1.299   0.056   1.041 487.299  19.948  12.546
9008  39.479 -68.367 1 20 20  127.6  16.507  36.200 180.300  16.490  36.194 177.100   2.333   1.349   0.020   1.006 482.176  20.288  13.459
9008  39.479 -68.367 1 19 19  149.1  15.952  36.114 175.000  15.932  36.118 172.300   2.320   1.323   0.043   0.943 461.250  21.404  16.845
9008  39.479 -68.367 1 18 18  249.3  13.301  35.690 161.500  13.269  35.694 165.600   2.117   1.194   0.078   0.964 368.347  26.251  33.880
9008  39.479 -68.367 1 17 17  375.9   9.717  35.246 140.300   9.676  35.257 139.100   1.199   0.642   0.031   0.565 166.603  37.184 105.068
9008  39.479 -68.367 1 16 16  524.6   6.897  35.060 186.500   6.849  35.061 184.800   1.661   0.868   0.075   0.564 195.423  35.756  89.428
9008  39.479 -68.367 1 15 15  675.3   5.463  35.021 226.100   5.407  35.025 226.600   2.190   1.120   0.122   0.622 234.078  33.910  72.789
9008  39.479 -68.367 1 14 14  824.5   4.862  34.999 243.600   4.795  34.998 245.500   2.632   1.330   0.156   0.713 269.266  32.073  59.915
9008  39.479 -68.367 1 13 13  949.9   4.517  34.980 254.400   4.442  34.979 256.500   2.860   1.440   0.177   0.830 286.199  31.118  54.113
9008  39.479 -68.367 1 12 12 1070.1   4.371  34.981 257.100   4.287  34.980 257.200   2.681   1.333   0.163   0.676 262.888  32.422  62.179
9008  39.479 -68.367 1 11 11 1199.6   4.166  34.966 262.900   4.072  34.966 265.400   2.711   1.354   0.167   0.631 264.082  32.359  61.764
9008  39.479 -68.367 1 10 10 1324.0   4.049  34.964 263.500   3.945  34.963 264.200   2.509   1.241   0.152   0.552 240.525  33.586  70.319
9008  39.479 -68.367 1  9  9 1450.9   3.940  34.963 264.100   3.826  34.964 262.700   2.232   1.112   0.122   0.507 214.263  34.869  80.822
9008  39.479 -68.367 1  8  8 1571.3   3.832  34.958 266.200   3.708  34.958 267.700   2.113   1.042   0.118   0.446 199.603  35.560  87.439
9008  39.479 -68.367 1  7  7 1700.9   3.689  34.950 267.700   3.555  34.950 267.900   1.996   0.979   0.113   0.409 186.081  36.192  94.025
9008  39.479 -68.367 1  6  6 1822.1   3.567  34.946 268.600   3.424  34.947 270.200   1.830   0.901   0.105   0.347 170.125  37.005 103.020
9008  39.479 -68.367 1  5  5 1951.7   3.474  34.945 269.000   3.319  34.944 269.800   1.559   0.767   0.082   0.335 144.094  38.468 120.088
9008  39.479 -68.367 1  4  4 2078.2   3.374  34.943 269.400   3.209  34.942 270.400   1.556   0.765   0.070   0.339 142.940  38.539 120.936
9008  39.479 -68.367 1  3  3 2204.7   3.267  34.941 269.300   3.092  34.941 269.600   1.391   0.697   0.068   0.256 129.478  39.375 131.136
9008  39.479 -68.367 1  2  2 2305.2   3.158  34.938 269.800   2.975  34.938 270.700   1.347   0.673   0.064   0.261 124.275  39.715 135.396
9008  39.479 -68.367 1  1  1 2365.2   3.075  34.934 269.900   2.887  34.934 271.500   1.355   0.684   0.078   0.262 125.732  39.620 134.196
9009  39.344 -68.460 1 22 24    9.4  24.906  35.589 206.400  24.910  35.595 220.900  -9.000  -9.000  -9.000  -9.000  -9.000  -9.000  -9.000
9009  39.344 -68.460 1 21 21  101.0  18.463  36.568 199.800  18.450  36.571 199.500   2.298   1.361   0.072   1.104 530.499  14.890   7.438
9009  39.344 -68.460 1 20 20  224.2  16.551  36.257 184.500  16.518  36.263 180.500   2.295   1.319   0.044   0.975 472.614  20.814  14.987
9009  39.344 -68.460 1 19 19  349.8  12.554  35.606 157.600  12.510  35.609 154.500   1.849   1.031   0.057   0.817 307.096  30.140  48.850
9009  39.344 -68.460 1 18 18  401.6  10.525  35.336 140.900  10.479  35.339 136.900   1.385   0.764   0.032   0.634 206.318  35.247  84.349
9009  39.344 -68.460 1 17 17  480.5   8.926  35.174 144.600   8.876  35.180 146.900   1.181   0.636   0.040   0.499 158.678  37.627 110.173
9009  39.344 -68.460 1 16 16  600.1   6.402  35.040 190.400   6.348  35.042 201.300   1.846   0.972   0.092   0.488 213.317  34.914  81.231
9009  39.344 -68.460 1 15 15  752.3   5.097  35.004 234.400   5.036  35.008 232.100   2.384   1.235   0.143   0.700 253.162  32.937  65.656
9009  39.344 -68.460 1 14 14  870.4   4.778  34.990 250.900   4.708  34.989 244.000   2.681   1.361   0.168   0.730 274.293  31.783  58.088
9009  39.344 -68.460 1 13 13  999.1   4.485  34.973 255.900   4.406  34.972 256.400   2.907   1.467   0.185   0.830 291.049  30.894  52.845
9009  39.344 -68.460 1 12 12 1123.1   4.323  34.975 259.600   4.234  34.975 257.400   2.700   1.368   0.174   0.718 269.083  32.084  59.982
9009  39.344 -68.460 1 11 11 1249.3   4.148  34.970 263.500   4.050  34.969 262.600   2.539   1.260   0.161   0.607 245.522  33.334  68.472
9009  39.344 -68.460 1 10 10 1375.1   3.973  34.954 265.900   3.865  34.953 265.500   2.613   1.299   0.175   0.671 250.717  33.066  66.558
9009  39.344 -68.460 1  9  9 1501.5   3.901  34.955 266.100   3.782  34.955 268.800  -9.000  -9.000  -9.000  -9.000  -9.000  -9.000  -9.000
9009  39.344 -68.460 1  8  8 1625.7   3.769  34.949 267.900   3.641  34.949 273.500   2.247   1.103   0.132   0.457 210.555  35.045  82.442
9009  39.344 -68.460 1  7  7 1750.6   3.698  34.949 268.300   3.560  34.949 267.900   2.019   0.992   0.118   0.439 188.644  36.072  92.745
9009  39.344 -68.460 1  6  6 1872.6   3.612  34.948 269.100   3.463  34.948 267.900   1.839   0.909   0.101   0.380 172.058  36.906 101.904
9009  39.344 -68.460 1  5  5 2003.2   3.475  34.943 269.800   3.316  34.943 268.100   1.697   0.833   0.087   0.332 156.500  37.749 111.598
9009  39.344 -68.460 1  4  4 2133.2   3.402  34.943 269.800   3.232  34.943 270.600   1.537   0.757   0.077   0.288 141.659  38.617 121.881
9009  39.344 -68.460 1  3  3 2251.1   3.328  34.942 269.700   3.148  34.943 266.300   1.451   0.720   0.070   0.281 134.193  39.075 127.442
9009  39.344 -68.460 1  2  2 2370.4   3.250  34.941 268.900   3.059  34.941 269.600   1.331   0.671   0.068   0.265 124.530  39.698 135.185
9009  39.344 -68.460 1  1  1 2512.4   3.088  34.934 269.800   2.885  34.933 268.800   1.432   0.722   0.068   0.267 132.811  39.160 128.484
9010  39.092 -68.638 1 22 24    3.7  25.017  35.343 205.200  25.022  35.342 213.200   1.714   1.059   0.129   1.151 528.786  15.230   7.872
9010  39.092 -68.638 1 21 21  129.9  18.799  36.603 210.600  18.780  36.602 208.400   2.246   1.322   0.108   1.272 522.741  16.277   8.270
9010  39.092 -68.638 1 20 20  253.5  17.465  36.440 193.500  17.426  36.447 192.400   2.303   1.315   0.023   1.066 490.860  19.695  11.913
9010  39.092 -68.638 1 19 19  406.9  12.344  35.585 157.800  12.292  35.606 150.900   1.795   0.967   0.045   0.779 285.186  31.165  54.383
9010  39.092 -68.638 1 18 18  508.8   9.521  35.228 142.600   9.465  35.234 143.000   1.270   0.661   0.035   0.550 169.879  37.017 103.163
9010  39.092 -68.638 1 17 17  602.9   7.150  35.069 171.000   7.093  35.072 188.800   1.550   0.781   0.062   0.572 178.125  36.596  98.441
9010  39.092 -68.638 1 16 16  751.6   5.390  35.011 226.700   5.327  35.012 227.000   2.323   1.154   0.125   0.721 240.238  33.600  70.426
9010  39.092 -68.638 1 15 15  897.9   4.819  35.001 242.700   4.746  35.001 245.100   2.495   1.239   0.121   0.709 250.280  33.089  66.721
9010  39.092 -68.638 1 14 14 1045.8   4.522  34.988 252.300   4.438  34.987 262.200   2.602   1.288   0.137   0.763 256.079  32.782  64.594
9010  39.092 -68.638 1 13 13 1197.2   4.250  34.975 259.100   4.155  34.975 263.200   2.595   1.276   0.147   0.647 250.012  33.104  66.821
9010  39.092 -68.638 1 12 12 1347.9   4.054  34.967 262.700   3.948  34.965 256.800   2.456   1.209   0.133   0.542 234.395  33.894  72.666
9010  39.092 -68.638 1 11 11 1497.3   3.878  34.955 266.700   3.761  34.955 262.000   2.364   1.151   0.123   0.542 221.021  34.547  77.991
9010  39.092 -68.638 1 10 10 1646.8   3.742  34.952 268.000   3.612  34.950 266.400   2.103   1.015   0.103   0.423 193.480  35.846  90.368
9010  39.092 -68.638 1  9  9 1796.6   3.610  34.947 268.700   3.468  34.946 264.600   1.911   0.920   0.097   0.355 174.120  36.801 100.720
9010  39.092 -68.638 1  8  8 1942.4   3.502  34.944 269.300   3.348  34.943 267.700   1.746   0.832   0.071   0.289 156.541  37.747 111.570
9010  39.092 -68.638 1  7  7 2101.2   3.412  34.943 269.500   3.244  34.941 269.500   1.619   0.777   0.077   0.281 145.480  38.383 119.072
9010  39.092 -68.638 1  6  6 2247.3   3.287  34.942 269.500   3.107  34.941 270.600   1.434   0.693   0.068   0.263 128.874  39.414 131.626
9010  39.092 -68.638 1  5  5 2451.0   3.095  34.936 269.300   2.898  34.935 275.200   1.346   0.660   0.052   0.206 121.454  39.899 137.736
9010  39.092 -68.638 1  4  4 2651.0   2.827  34.923 271.700   2.616  34.922 281.700   1.509   0.744   0.066   0.380 134.904  39.032 126.907
9010  39.092 -68.638 1  3  3 2776.8   2.718  34.918 273.200   2.497  34.917 275.900   1.574   0.773   0.072   0.362 139.320  38.761 123.611
9010  39.092 -68.638 1  2  2 2923.3   2.523  34.909 275.200   2.291  34.909 270.500   1.748   0.847   0.087   0.433 151.015  38.057 115.213
9010  39.092 -68.638 1  1  1 2991.9   2.473  34.907 275.500   2.235  34.908 275.200   1.772   0.871   0.102   0.449 154.865  37.841 112.672
9011  38.827 -68.814 1 22 24    4.3  25.123  34.825 204.100  25.128  34.826 217.800   1.852   1.086   0.114   1.161 541.681  11.619  -4.247
9011  38.827 -68.814 1 21 21  151.7  18.273  36.539 202.400  18.251  36.539 207.300   2.320   1.363   0.083   1.252 526.923  15.557   8.115
9011  38.827 -68.814 1 20 20  301.7  15.304  36.022 173.800  15.261  36.029 175.400   2.281   1.275   0.037  -9.000 431.683  22.835  21.790
9011  38.827 -68.814 1 19 19  451.1   9.916  35.270 135.800   9.865  35.283 138.900   1.245   0.655   0.012   0.546 171.663  36.926 102.132
9011  38.827 -68.814 1 18 18  599.1   6.486  35.048 180.900   6.432  35.047 195.300   1.806   0.921   0.069   0.599 203.017  35.401  85.851
9011  38.827 -68.814 1 17 17  751.8   5.174  34.999 227.500   5.113  34.998 228.600   2.540   1.289   0.124   0.752 265.291  32.295  61.346
9011  38.827 -68.814 1 16 16  875.4   4.740  34.999 238.900   4.670  34.999 252.500   2.576   1.298   0.131   0.693 261.098  32.517  62.806
9011  38.827 -68.814 1 15 15  997.7   4.477  34.986 252.900   4.399  34.986 253.800   2.641   1.296   0.142   0.634 257.046  32.731  64.246
9011  38.827 -68.814 1 14 14 1150.1   4.260  34.976 259.000   4.170  34.977 263.600   2.582   1.264   0.133   0.675 247.793  33.220  67.651
9011  38.827 -68.814 1 13 13 1298.7   4.038  34.968 262.700   3.937  34.969 267.300   2.376   1.170   0.118   0.496 226.638  34.280  75.748
9011  38.827 -68.814 1 12 12 1449.9   3.855  34.958 265.900   3.742  34.958 257.800   2.205   1.066   0.105   0.452 204.453  35.334  85.192
9011  38.827 -68.814 1 11 11 1599.8   3.723  34.951 267.000   3.598  34.950 271.700   2.097   1.018   0.105   0.403 193.852  35.829  90.188
9011  38.827 -68.814 1 10 10 1751.3   3.598  34.946 268.900   3.461  34.944 266.800   1.960   0.948   0.092   0.343 179.298  36.537  97.779
9011  38.827 -68.814 1  9  9 1874.7   3.532  34.944 269.100   3.384  34.944 266.800   1.832   0.891   0.077   0.296 167.916  37.117 104.302
9011  38.827 -68.814 1  8  8 1999.7   3.435  34.943 269.500   3.276  34.942 264.200   1.689   0.826   0.075   0.316 154.849  37.842 112.682
9011  38.827 -68.814 1  7  7 2150.3   3.305  34.938 270.600   3.134  34.939 267.100   1.663   0.813   0.068   0.279 151.334  38.040 115.001
9011  38.827 -68.814 1  6  6 2399.0   3.136  34.934 270.500   2.944  34.933 272.000   1.514   0.719   0.049   0.313 132.604  39.173 128.639
9011  38.827 -68.814 1  5  5 2649.8   2.965  34.930 271.100   2.751  34.930 271.300   1.450   0.685   0.057   0.293 125.156  39.657 134.671
9011  38.827 -68.814 1  4  4 2848.1   2.789  34.922 272.300   2.559  34.921 279.900   1.535   0.743   0.057   0.310 134.442  39.060 127.255
9011  38.827 -68.814 1  3  3 2999.5   2.648  34.915 273.600   2.406  34.914 269.800   1.645   0.796   0.082   0.402 142.912  38.541 120.957
9011  38.827 -68.814 1  2  2 3126.6   2.556  34.911 274.300   2.302  34.910 277.600   1.730   0.826   0.085   0.392 147.543  38.256 117.565
9011  38.827 -68.814 1  1  1 3265.0   2.409  34.904 275.400   2.145  34.902 272.700   1.852   0.901   0.099   0.483 159.627  37.574 109.554
9012  38.561 -67.029 1 22 24    4.6  28.254  36.095 197.300  28.260  36.092 217.400   1.550   0.963   0.125   1.063 545.381   9.499 -10.645
9012  38.561 -67.029 1 21 21  124.9  19.751  36.526 160.800  19.733  36.533 186.200   2.164   1.283   0.089   1.172 527.218  15.505   8.086
9012  38.561 -67.029 1 20 20  281.2  13.334  35.678 175.000  13.298  35.684 186.800   2.396   1.342   0.112   1.158 414.580  23.675  24.856
9012  38.561 -67.029 1 19 19  417.5   9.942  35.264 137.000   9.895  35.290 133.400   1.329   0.678   0.030   0.623 177.904  36.608  98.565
9012  38.561 -67.029 1 18 18  579.7   6.462  35.041 186.400   6.410  35.045 197.800   1.842   0.939   0.075   0.611 206.713  35.228  84.170
9012  38.561 -67.029 1 17 17  729.7   5.401  35.013 228.900   5.340  35.012 226.600   2.403   1.197   0.127   0.770 249.341  33.139  67.072
9012  38.561 -67.029 1 16 16  878.2   4.729  34.994 248.100   4.659  34.994 243.100   2.725   1.341   0.154   0.791 269.579  32.055  59.800
9012  38.561 -67.029 1 15 15 1031.2   4.344  34.970 260.600   4.263  34.971 258.500   2.950   1.467   0.168  -9.000 288.863  30.995  53.412
9012  38.561 -67.029 1 14 14 1180.0   4.149  34.961 264.000   4.057  34.960 258.200   2.841   1.411   0.159   0.800 274.932  31.746  57.859
9012  38.561 -67.029 1 13 13 1331.2   4.020  34.958 265.900   3.916  34.957 265.000   2.722   1.327   0.135   0.582 256.777  32.746  64.343
9012  38.561 -67.029 1 12 12 1478.9   3.870  34.952 266.700   3.754  34.951 266.100   2.535   1.239   0.132   0.566 237.813  33.722  71.346
9012  38.561 -67.029 1 11 11 1630.0   3.713  34.947 268.400   3.585  34.946 268.700   2.249   1.076   0.117   0.487 204.778  35.318  85.045
9012  38.561 -67.029 1 10 10 1776.8   3.523  34.942 269.800   3.384  34.940 272.000   2.001   0.962   0.104   0.396 181.203  36.439  96.710
9012  38.561 -67.029 1  9  9 1955.7   3.362  34.944 269.400   3.209  34.944 270.200   1.624   0.787   0.074   0.321 146.957  38.292 117.993
9012  38.561 -67.029 1  8  8 2151.2   3.175  34.938 269.400   3.006  34.936 271.200   1.562   0.759   0.066   0.344 140.284  38.702 122.897
9012  38.561 -67.029 1  7  7 2400.0   3.056  34.933 271.000   2.866  34.933 270.300   1.550   0.749   0.064   0.304 137.535  38.870 124.939
9012  38.561 -67.029 1  6  6 2674.3   2.928  34.928 271.700   2.712  34.928 271.000   1.576   0.762   0.062   0.389 138.941  38.784 123.894
9012  38.561 -67.029 1  5  5 2865.2   2.831  34.924 272.300   2.598  34.930 274.200   1.605   0.780   0.070   0.358 141.467  38.629 122.022
9012  38.561 -67.029 1  4  4 3018.1   2.727  34.921 273.300   2.480  34.920 271.500   1.508   0.736   0.072   0.322 132.720  39.166 128.552
9012  38.561 -67.029 1  3  3 3143.7   2.564  34.913 274.300   2.308  -9.000  -9.000  -9.000  -9.000  -9.000  -9.000  -9.000  -9.000  -9.000
9012  38.561 -67.029 1  2  2 3287.8   2.422  34.906 275.700   2.155  34.905 280.000   1.822   0.900   0.104   0.499 159.570  37.577 109.591
9012  38.561 -67.029 1  1  1 3535.5   2.188  34.892 271.900   1.900  34.892 269.000   1.474   0.729   0.089   0.378 127.571  39.499 132.689
9013  38.317 -67.134 1 22 24    3.9  28.189  36.124 197.900  28.195  36.124 221.700   1.540   0.953   0.097   1.042 538.624  12.857   1.275
9013  38.317 -67.134 1 21 21  153.9  20.140  36.703 143.600  20.116  36.715 198.300   2.157   1.275   0.053   1.131 533.239  14.342   6.312
9013  38.317 -67.134 1 20 20  254.5  18.237  36.558 187.600  18.197  36.561 197.200   2.342   1.349   0.016   1.082 520.823  16.559   8.266
9013  38.317 -67.134 1 19 19  507.0  11.477  35.459 133.000  11.414  35.460 141.800   1.543   0.814   0.021   0.634 230.253  34.102  74.307
9013  38.317 -67.134 1 18 18  701.0   6.428  34.995 198.400   6.365  35.001 198.700   2.095   1.061   0.087   0.745 233.055  33.961  73.191
9013  38.317 -67.134 1 17 17  902.3   4.803  34.969 247.800   4.731  34.970 247.000   3.061   1.516   0.166   0.998 305.870  30.211  49.207
9013  38.317 -67.134 1 16 16 1103.3   4.359  34.958 260.500   4.272  34.958 262.600   3.222   1.591   0.192   0.942 313.492  29.766  47.052
9013  38.317 -67.134 1 15 15 1254.3   4.188  34.956 263.800   4.089  -9.000  -9.000  -9.000  -9.000  -9.000  -9.000  -9.000  -9.000  -9.000
9013  38.317 -67.134 1 14 14 1405.0   4.049  34.955 263.800   3.938  34.955 262.500   2.880   1.406   0.162   0.740 272.480  31.887  58.741
9013  38.317 -67.134 1 13 13 1606.5   3.911  34.960 267.100   3.783  34.958 278.600   2.328   1.111   0.100   0.524 213.732  34.894  81.051
9013  38.317 -67.134 1 12 12 1797.3   3.690  34.951 268.500   3.547  34.951 275.200   2.020   0.957   0.084   0.403 181.913  36.403  96.313
9013  38.317 -67.134 1 11 11 2002.4   3.497  34.940 270.700   3.337  34.941 271.500   1.950   0.917   0.078   0.425 172.482  36.884 101.660
9013  38.317 -67.134 1 10 10 2204.8   3.343  34.940 270.300   3.167  34.940 273.700   1.666   0.797   0.051   0.348 148.663  38.190 116.773
9013  38.317 -67.134 1  9  9 2398.4   3.219  34.944 268.900   3.026  34.942 269.400   1.316   0.623   0.043   0.261 115.433  40.301 142.922
9013  38.317 -67.134 1  8  8 2603.4   3.059  34.937 269.400   2.849  34.937 269.400   1.272   0.611   0.041   0.300 112.220  40.532 145.954
9013  38.317 -67.134 1  7  7 2799.1   2.960  34.934 270.000   2.731  34.934 265.400   1.209   0.580   0.041   0.257 105.948  40.984 151.982
9013  38.317 -67.134 1  6  6 3001.8   2.747  34.923 271.800   2.503  34.922 267.000   1.359   0.659   0.054   0.269 118.969  40.062 139.818
9013  38.317 -67.134 1  5  5 3149.3   2.626  34.917 273.000   2.368  34.918 267.600   1.417   0.680   0.060   0.335 121.940  39.868 137.333
9013  38.317 -67.134 1  4  4 3300.3   2.518  34.911 274.300   2.247  34.901 275.500   1.537   0.738   0.068   0.335 131.547  39.240 129.461
9013  38.317 -67.134 1  3  3 3479.7   2.359  34.902 274.200   2.073  34.910 277.300   1.531   0.735   0.078   0.387 129.856  39.350 130.830
9013  38.317 -67.134 1  2  2 3648.5   2.187  34.891 270.500   1.887  34.891 277.800   1.323   0.636   0.060   0.314 111.290  40.599 146.839
9013  38.317 -67.134 1  1  1 3890.0   2.168  34.887 269.000   1.842  34.919 264.400   1.396   0.673   0.059   0.318 117.635  40.149 140.945
9014  38.092 -67.333 1 22 24    7.5  27.398  36.089 198.900  27.402  36.089 219.900   1.559   0.977   0.113   1.111 536.505  13.506   3.769
9014  38.092 -67.333 1 21 21  104.0  21.150  36.743 222.300  21.135  36.743 219.200   2.071   1.237   0.129   1.282 539.039  12.714   0.676
9014  38.092 -67.333 1 20 20  287.8  18.440  36.587 196.900  18.394  36.584 197.000   2.326   1.334   0.024   1.184 519.571  16.744   8.263
9014  38.092 -67.333 1 19 19  499.0  16.062  36.180 173.100  15.985  36.183 176.900   2.295   1.261   0.027   0.958 442.024  22.310  19.919
9014  38.092 -67.333 1 18 18  650.7  11.676  35.452 136.200  11.593  35.461 133.700   1.490   0.793   0.017   0.643 226.403  34.291  75.841
9014  38.092 -67.333 1 17 17  901.9   5.820  35.029 212.700   5.740  35.027 212.100   2.132   1.085   0.094   0.662 231.037  34.062  73.993
9014  38.092 -67.333 1 16 16 1102.8   4.840  35.003 247.000   4.749  35.003 244.000   2.590   1.270   0.131   0.688 256.830  32.743  64.324
9014  38.092 -67.333 1 15 15 1252.1   4.483  34.988 255.000   4.381  34.987 260.900   2.628   1.294   0.120   0.723 256.739  32.748  64.356
9014  38.092 -67.333 1 14 14 1405.2   4.244  34.977 260.000   4.131  34.977 262.100   2.591   1.260   0.115   0.677 246.802  33.270  68.008
9014  38.092 -67.333 1 13 13 1604.4   3.986  34.964 263.700   3.858  34.963 264.700   2.350   1.134   0.109   0.552 219.045  34.641  78.803
9014  38.092 -67.333 1 12 12 1854.2   3.763  34.955 266.600   3.614  34.953 266.000   2.005   0.961   0.085   0.420 183.399  36.327  95.487
9014  38.092 -67.333 1 11 11 2103.5   3.500  34.940 270.300   3.331  34.939 277.300   1.929   0.920   0.074   0.430 173.073  36.854 101.319
9014  38.092 -67.333 1 10 10 2352.2   3.312  34.939 269.300   3.122  34.937 268.100   1.632   0.775   0.053   0.300 144.315  38.454 119.926
9014  38.092 -67.333 1  9  9 2601.5   3.099  34.935 269.900   2.888  34.933 280.900   1.420   0.679   0.048   0.314 124.978  39.669 134.817
9014  38.092 -67.333 1  8  8 2852.0   2.836  34.926 271.300   2.604  34.925 269.500   1.363   0.657   0.049   0.270 119.193  40.047 139.630
9014  38.092 -67.333 1  7  7 3051.8   2.643  34.919 271.000   2.396  34.918 260.700   1.282   0.642   0.059   0.302 115.236  40.315 143.106
9014  38.092 -67.333 1  6  6 3200.0   2.503  34.911 272.200   2.243  34.909 275.200   1.465   0.710   0.062   0.349 126.453  39.573 133.605
9014  38.092 -67.333 1  5  5 3350.6   2.397  34.905 273.700   2.124  34.904 278.600   1.554   0.754   0.070   0.371 133.498  39.118 127.965
9014  38.092 -67.333 1  4  4 3499.6   2.299  34.899 272.100   2.012  34.955 267.100   1.981   0.941   0.090   0.443 165.700  37.232 105.618
9014  38.092 -67.333 1  3  3 3697.7   2.234  34.894 272.100   1.928  34.892 275.100   1.280   0.618   0.063   0.337 108.424  40.805 149.586
9014  38.092 -67.333 1  2  2 3897.7   2.192  34.889 268.600   1.864  34.888 268.900   1.191   0.585   0.066   0.288 102.392  41.243 155.507
9014  38.092 -67.333 1  1  1 4181.3   2.162  34.883 265.300   1.803  34.883 263.300   1.021   0.496   0.050   0.274  86.664  42.537 173.864
9015  37.859 -67.496 1 22 24    1.8  26.908  35.939 198.700  26.914  35.927 213.600   1.596   0.992   0.119   1.086 534.352  14.088   5.632
9015  37.859 -67.496 1 21 21  200.7  19.316  36.631 209.800  19.285  36.631 212.600   2.204   1.287   0.119   1.238 520.041  16.674   8.263
9015  37.859 -67.496 1 20 20  397.3  18.127  36.556 198.700  18.061  36.555 201.700   2.312   1.334   0.031   1.128 512.654  17.570   8.469
9015  37.859 -67.496 1 19 19  578.5  16.351  36.212 160.200  16.260  -9.000  -9.000  -9.000  -9.000  -9.000  -9.000  -9.000  -9.000  -9.000
9015  37.859 -67.496 1 18 18  849.5   9.204  35.150 131.500   9.109  35.168 133.500   0.920   0.477   0.005   0.455 120.614  39.954 138.440
9015  37.859 -67.496 1 17 17 1004.3   6.364  35.073 197.400   6.270  35.076 200.700   1.509   0.764   0.050   0.397 167.400  37.144 104.603
9015  37.859 -67.496 1 16 16 1154.0   4.989  35.008 238.100   4.892  35.010 240.800   2.382   1.185   0.117   0.702 241.547  33.534  69.936
9015  37.859 -67.496 1 15 15 1303.8   4.634  34.996 249.700   4.526  34.998 252.100   2.424   1.207   0.119   0.675 241.425  33.540  69.982
9015  37.859 -67.496 1 14 14 1506.3   4.231  34.973 259.800   4.109  -9.000  -9.000  -9.000  -9.000  -9.000  -9.000  -9.000  -9.000  -9.000
9015  37.859 -67.496 1 13 13 1701.8   4.033  34.964 263.700   3.895  34.962 265.300   2.412   1.163   0.128   0.554 225.216  34.347  76.308
9015  37.859 -67.496 1 12 12 1902.4   3.854  34.959 265.000   3.699  34.958 268.100   2.058   0.983   0.098   0.420 188.527  36.078  92.803
9015  37.859 -67.496 1 11 11 2050.7   3.700  34.953 267.200   3.533  34.951 262.800   1.876   0.897   0.075   0.316 170.600  36.980 102.745
9015  37.859 -67.496 1 10 10 2298.5   3.460  34.943 269.200   3.273  34.942 273.700   1.679   0.800   0.067   0.301 150.177  38.104 115.767
9015  37.859 -67.496 1  9  9 2599.5   3.187  34.937 269.300   2.974  34.936 278.900   1.463   0.705   0.056   0.303 130.388  39.315 130.399
9015  37.859 -67.496 1  8  8 2901.5   2.940  34.934 270.000   2.702  34.941 273.200   1.085   0.516   0.034   0.207  94.154  41.902 164.687
9015  37.859 -67.496 1  7  7 3149.3   2.712  34.922 270.400   2.453  34.922 277.500   1.208   0.582   0.053   0.253 104.867  41.061 153.035
9015  37.859 -67.496 1  6  6 3399.2   2.493  34.910 271.400   2.212  34.910 276.100   1.240   0.591   0.065   0.225 105.201  41.037 152.709
9015  37.859 -67.496 1  5  5 3597.3   2.360  34.902 271.600   2.061  34.903 277.100   1.243   0.597   0.058   0.259 105.482  41.017 152.434
9015  37.859 -67.496 1  4  4 3748.0   2.294  34.897 270.400   1.980  34.896 275.000   1.198   0.580   0.062   0.333 102.099  41.266 155.828
9015  37.859 -67.496 1  3  3 3898.6   2.250  34.893 269.500   1.921  34.892 277.900   1.148   0.552   0.059   0.249  96.930  41.680 161.558
9015  37.859 -67.496 1  2  2 4095.6   2.224  34.889 267.200   1.873  34.888 269.500   0.970   0.470   0.052   0.217  82.410  42.921 179.559
9015  37.859 -67.496 1  1  1 4443.0   2.199  34.883 264.900   1.808  34.882 266.500   0.941   0.462   0.050   0.238  80.889  43.058 181.622
9016  37.622 -67.627 1 22 24    2.0  27.144  35.775 198.300  27.150  35.764 208.500   1.557   0.991   0.120   1.141 537.550  13.223   2.731
9016  37.622 -67.627 1 21 21  101.5  20.552  36.688 202.400  20.538  36.693 216.500   2.102   1.274   0.134   1.275 541.699  11.610  -4.286
9016  37.622 -67.627 1 20 20  304.8  18.981  36.623 207.100  18.931  36.627 205.700   2.172   1.291   0.056   1.278 514.453  17.397   8.377
9016  37.622 -67.627 1 19 19  498.6  17.959  36.528 197.400  17.876  36.528 198.900   2.324   1.360   0.034   1.165 518.819  16.854   8.265
9016  37.622 -67.627 1 18 18  749.5  15.166  36.021 168.700  15.052  36.019 168.300   2.222   1.225   0.024   0.893 412.232  23.787  25.268
9016  37.622 -67.627 1 17 17  896.8  10.132  35.281 132.400  10.026  35.278 137.000   1.198   0.638   0.020   0.532 168.979  37.063 103.685
9016  37.622 -67.627 1 16 16 1249.5   5.316  35.045 230.700   5.207  35.046 232.500   1.984   1.009   0.090   0.558 209.313  35.105  82.997
9016  37.622 -67.627 1 15 15 1389.0   4.765  35.012 247.600   4.648  35.015 245.800   2.361   1.197   0.120   0.670 241.134  33.555  70.091
9016  37.622 -67.627 1 14 14 1600.0   4.319  34.982 257.900   4.187  -9.000  -9.000  -9.000  -9.000  -9.000  -9.000  -9.000  -9.000  -9.000
9016  37.622 -67.627 1 13 13 1848.3   3.970  34.960 264.500   3.818  34.960 261.400   2.333   1.152   0.122   0.560 222.323  34.485  77.464
9016  37.622 -67.627 1 12 12 2048.9   3.761  34.952 266.300   3.593  34.952 266.900   2.031   0.992   0.101   0.456 189.288  36.042  92.426
9016  37.622 -67.627 1 11 11 2400.2   3.487  34.943 268.400   3.289  34.942 267.700   1.693   0.820   0.071   0.366 154.157  37.881 113.138
9016  37.622 -67.627 1 10 10 2599.9   3.350  34.943 266.800   3.134  34.942 268.000   1.465   0.715   0.063   0.272 133.423  39.123 128.022
9016  37.622 -67.627 1  9  9 2900.6   3.095  34.938 267.600   2.853  34.948 274.300   1.191   0.581   0.047   0.253 106.919  40.914 151.040
9016  37.622 -67.627 1  8  8 3148.9   2.806  34.924 269.800   2.544  34.924 269.300   1.261   0.619   0.056   0.281 112.110  40.540 146.059
9016  37.622 -67.627 1  7  7 3350.7   2.626  34.917 270.800   2.348  34.916 274.900   1.236   0.601   0.055   0.320 107.773  40.852 150.213
9016  37.622 -67.627 1  6  6 3550.2   2.450  34.907 271.100   2.154  34.918 268.800   1.243   0.609   0.058   0.252 108.144  40.826 149.856
9016  37.622 -67.627 1  5  5 3750.1   2.353  34.901 270.100   2.038  34.912 269.500   1.159   0.567   0.062   0.331 100.141  41.423 157.984
9016  37.622 -67.627 1  4  4 3949.2   2.292  34.896 269.300   1.955  -9.000  -9.000  -9.000  -9.000  -9.000  -9.000  -9.000  -9.000  -9.000
9016  37.622 -67.627 1  3  3 4169.9   2.256  34.891 267.000   1.895  34.891 264.900   0.949   0.469   0.056   0.281  82.382  42.923 179.598
9016  37.622 -67.627 1  2  2 4400.8   2.237  34.887 266.300   1.850  34.887 275.700   0.980   0.480   0.059   0.259  84.222  42.758 177.120
9016  37.622 -67.627 1  1  1 4670.6   2.229  34.883 264.400   1.810  34.882 267.800   0.934   0.477   0.057   0.244  83.655  42.809 177.880
9017  37.383 -67.797 1 22 24    3.7  27.041  35.809 217.300  27.046  35.809 213.400   1.582   1.002   0.118   0.857 541.667  11.627  -4.213
9017  37.383 -67.797 1 21 21  248.3  19.193  36.630 224.300  19.152  36.629 209.200   2.208   1.319   0.097   0.990 530.278  14.934   7.507
9017  37.383 -67.797 1 20 20  399.9  18.358  36.573 204.300  18.292  36.574 203.600   2.305   1.349   0.041   0.971 523.550  16.149   8.267
9017  37.383 -67.797 1 19 19  601.4  17.233  36.397 199.400  17.135  36.399 193.900   2.350   1.337   0.022   0.856 493.962  19.475  11.395
9017  37.383 -67.797 1 18 18  804.3  13.684  35.768 160.900  13.570  35.804 161.900   2.022   1.101   0.022   0.657 345.889  27.751  38.984
9017  37.383 -67.797 1 17 17 1003.9   9.229  35.172 137.500   9.115  35.179 135.900   1.015   0.537   0.016   0.373 135.981  38.966 126.100
9017  37.383 -67.797 1 16 16 1255.2   5.593  35.039 226.500   5.481  35.040 230.400   2.064   1.043   0.081   0.487 219.509  34.619  78.612
9017  37.383 -67.797 1 15 15 1455.2   4.717  34.993 251.500   4.594  34.997 246.000   2.546   1.280   0.136   0.540 257.148  32.726  64.210
9017  37.383 -67.797 1 14 14 1654.7   4.387  34.988 260.900   4.249  34.983 260.800   2.494   1.232   0.130   0.450 243.190  33.452  69.327
9017  37.383 -67.797 1 13 13 1907.3   4.022  34.971 265.400   3.865  34.971 277.800   2.155   1.048   0.109   0.365 202.840  35.409  85.933
9017  37.383 -67.797 1 12 12 2103.4   3.791  34.953 268.000   3.617  34.953 267.700   2.071   1.004   0.097   0.340 191.893  35.921  91.141
9017  37.383 -67.797 1 11 11 2350.4   3.571  34.947 270.200   3.377  34.948 280.600   1.707   0.830   0.075   0.244 156.754  37.735 111.431
9017  37.383 -67.797 1 10 10 2650.7   3.333  34.945 270.400   3.112  34.944 278.100   1.362   0.656   0.055   0.211 122.303  39.844 137.030
9017  37.383 -67.797 1  9  9 2948.2   3.086  34.940 269.400   2.840  34.939 262.600   1.085   0.529   0.045   0.195  97.304  41.650 161.139
9017  37.383 -67.797 1  8  8 3199.0   2.875  34.933 268.300   2.606  34.933 264.100   0.853   0.408   0.029   0.214  74.182  43.717 191.720
9017  37.383 -67.797 1  7  7 3399.6   2.658  34.920 270.400   2.373  34.919 267.000   0.995   0.480   0.043   0.170  86.230  42.577 174.441
9017  37.383 -67.797 1  6  6 3596.6   2.501  34.911 271.400   2.198  34.913 269.700   1.064   0.514   0.049   0.151  91.534  42.111 167.675
9017  37.383 -67.797 1  5  5 3796.6   2.391  34.903 270.800   2.069  34.904 271.600   1.014   0.494   0.050   0.115  87.434  42.468 172.847
9017  37.383 -67.797 1  4  4 3995.4   2.314  34.897 270.200   1.972  34.898 284.700   1.124   0.556   0.057   0.192  97.983  41.595 160.381
9017  37.383 -67.797 1  3  3 4246.6   2.267  34.891 268.800   1.897  34.891 269.600   0.939   0.463   0.051   0.152  81.377  43.014 180.958
9017  37.383 -67.797 1  2  2 4492.0   2.250  34.888 267.400   1.852  34.888 266.300   0.949   0.467   0.047   0.192  82.000  42.958 180.115
9017  37.383 -67.797 1  1  1 4814.5   2.227  34.881 265.400   1.790  34.893 263.900   0.908   0.441   0.046   0.164  77.331  43.399 186.814
9018  37.138 -67.943 1 22 24    2.5  27.333  36.002 215.300  27.339  36.001 215.800   1.592   0.980   0.127   0.898 536.439  13.524   3.832
9018  37.138 -67.943 1 21 21  128.4  20.002  36.663 202.900  19.983  -9.000  -9.000  -9.000  -9.000  -9.000  -9.000  -9.000  -9.000  -9.000
9018  37.138 -67.943 1 20 20  254.4  19.127  36.629 217.700  19.086  36.629 217.700   2.173   1.302   0.113   1.141 522.008  16.385   8.270
9018  37.138 -67.943 1 19 19  503.3  17.985  36.537 206.800  17.901  36.536 200.400   2.348   1.349   0.023   1.071 515.230  17.322   8.348
9018  37.138 -67.943 1 18 18  752.1  15.046  35.999 171.800  14.933  36.002 174.500   2.253   1.243   0.032   0.823 415.988  23.608  24.609
9018  37.138 -67.943 1 17 17  952.7  10.697  35.368 145.800  10.579  35.377 149.600   1.520   0.803   0.026   0.595 218.707  34.657  78.944
9018  37.138 -67.943 1 16 16 1201.7   6.466  35.063 201.600   6.351  35.064 200.000   1.834   0.916   0.069   0.492 201.736  35.461  86.442
9018  37.138 -67.943 1 15 15 1401.6   5.221  35.034 238.600   5.098  35.035 242.400   2.362   1.178   0.110   0.602 243.132  33.455  69.349
9018  37.138 -67.943 1 14 14 1599.3   4.646  34.999 255.800   4.510  35.003 262.400   2.671   1.302   0.138   0.665 260.603  32.543  62.980
9018  37.138 -67.943 1 13 13 1848.5   4.209  34.974 262.800   4.054  34.973 271.500   2.468   1.213   0.124   0.559 237.143  33.755  71.601
9018  37.138 -67.943 1 12 12 2049.8   3.960  34.961 266.300   3.789  34.960 273.400   2.215   1.078   0.105   0.482 207.932  35.170  83.618
9018  37.138 -67.943 1 11 11 2302.1   3.747  34.954 268.800   3.554  34.954 273.800   1.884   0.903   0.094   0.309 172.181  36.900 101.833
9018  37.138 -67.943 1 10 10 2608.9   3.487  34.945 270.600   3.267  34.944 277.400   1.664   0.800   0.072   0.261 150.400  38.092 115.620
9018  37.138 -67.943 1  9  9 2899.8   3.303  34.952 267.200   3.057  34.951 278.700   1.018   0.480   0.037   0.208  89.351  42.296 170.333
9018  37.138 -67.943 1  8  8 3102.8   3.131  34.945 268.300   2.867  34.944 273.900   0.945   0.446   0.041   0.201  82.243  42.936 179.784
9018  37.138 -67.943 1  7  7 3345.3   2.905  34.932 269.100   2.620  34.932 297.200   0.968   0.468   0.041   0.199  85.232  42.667 175.770
9018  37.138 -67.943 1  6  6 3599.3   2.690  34.922 269.300   2.382  34.923 278.600   0.839   0.398   0.039   0.188  71.625  43.975 195.747
9018  37.138 -67.943 1  5  5 3798.4   2.536  34.911 272.200   2.210  34.911 270.900   1.104   0.540   0.055   0.225  96.350  41.726 162.208
9018  37.138 -67.943 1  4  4 4050.5   2.404  34.902 272.000   2.053  34.902 274.200   1.179   0.562   0.060   0.237  99.539  41.471 158.650
9018  37.138 -67.943 1  3  3 4348.1   2.309  34.894 270.100   1.926  34.894 279.600   1.045   0.510   0.056   0.235  89.850  42.250 169.681
9018  37.138 -67.943 1  2  2 4649.3   2.268  34.888 268.000   1.850  34.890 278.100   0.951   0.465   0.052   0.207  81.731  42.982 180.478
9018  37.138 -67.943 1  1  1 4979.5   2.260  34.882 264.400   1.801  34.883 264.000   0.789   0.392   0.046   0.181  68.865  44.259 200.209
9019  36.895 -66.090 1 22 24    2.0  26.874  36.279 218.300  26.880  36.278 215.700   1.629   0.990   0.128   1.081 534.393  14.077   5.600
9019  36.895 -66.090 1 21 21  150.7  19.462  36.624 233.300  19.439  36.622 220.000   2.201   1.282   0.135   1.234 521.106  16.518   8.267
9019  36.895 -66.090 1 20 20  300.2  18.493  36.577 212.400  18.444  36.576 212.300   2.207   1.297   0.076   1.232 506.235  18.187   9.064
9019  36.895 -66.090 1 19 19  601.7  16.940  36.335 195.700  16.843  36.337 195.800   2.357   1.322   0.033   1.025 482.047  20.295  13.479
9019  36.895 -66.090 1 18 18  940.8   8.868  35.092 127.300   8.764  35.097 125.400   1.339   0.665   0.038   0.524 165.306  37.255 105.873
9019  36.895 -66.090 1 17 17 1152.2   7.546  35.095 148.700   7.428  35.099 175.000   0.792   0.379   0.003   0.459  88.211  42.398 171.825
9019  36.895 -66.090 1 16 16 1301.9   5.892  35.060 216.800   5.772  35.060 221.100   2.028   1.007   0.077   0.533 215.300  34.819  80.377
9019  36.895 -66.090 1 15 15 1501.4   4.893  35.016 245.600   4.764  35.016 246.600   2.478   1.226   0.132   0.750 248.660  33.175  67.328
9019  36.895 -66.090 1 14 14 1650.1   4.539  34.997 255.800   4.400  34.997 268.300   2.600   1.261   0.143   0.670 250.963  33.053  66.467
9019  36.895 -66.090 1 13 13 1897.1   4.186  34.982 263.500   4.026  34.980 261.800   2.340   1.109   0.125   0.524 216.563  34.759  79.842
9019  36.895 -66.090 1 12 12 2100.4   3.954  34.964 265.300   3.778  34.963 284.600   2.154   1.004   0.112   0.468 193.602  35.841  90.308
9019  36.895 -66.090 1 11 11 2352.1   3.746  34.953 268.300   3.549  34.953 298.600   1.904   0.889   0.092   0.359 169.500  37.036 103.382
9019  36.895 -66.090 1 10 10 2652.3   3.531  34.954 268.500   3.307  34.952 268.500   1.456   0.667   0.059   0.255 125.707  39.621 134.216
9019  36.895 -66.090 1  9  9 2953.4   3.338  34.950 268.500   3.086  34.950 273.500   1.137   0.514   0.039   0.165  95.859  41.765 162.761
9019  36.895 -66.090 1  8  8 3100.5   3.213  34.943 268.600   2.948  34.942 277.000   1.177   0.536   0.042   0.218  99.280  41.492 158.937
9019  36.895 -66.090 1  7  7 3348.3   3.054  34.936 269.100   2.765  34.935 312.300   1.197   0.558   0.047   0.241 102.456  41.238 155.437
9019  36.895 -66.090 1  6  6 3553.2   2.870  34.928 270.500   2.563  34.926 291.200   1.149   0.544   0.043   0.192  98.876  41.524 159.385
9019  36.895 -66.090 1  5  5 3747.6   2.704  34.919 271.500   2.379  34.918 300.600   1.221   0.578   0.050   0.298 104.096  41.117 153.788
9019  36.895 -66.090 1  4  4 4000.2   2.541  34.910 273.400   2.192  34.908 291.200   1.418   0.654   0.071   0.250 116.720  40.209 141.718
9019  36.895 -66.090 1  3  3 4300.7   2.379  34.899 272.200   1.999  34.899 276.000   1.437   0.688   0.084   0.246 121.684  39.884 137.545
9019  36.895 -66.090 1  2  2 4596.5   2.287  34.890 270.500   1.875  34.889 264.200   1.247   0.593   0.064   0.268 104.341  41.099 153.548
9019  36.895 -66.090 1  1  1 5008.3   2.275  34.884 265.400   1.812  36.227 218.000   2.366   1.305   0.041   0.897 229.453  34.142  74.630
9020  36.621 -66.208 1 20 20    7.9  27.115  36.384 217.800  27.120  36.384 223.300   1.640   1.010   0.119   1.075  -9.000  -9.000  -9.000
9020  36.621 -66.208 1 19 19  102.7  20.612  36.680 224.300  20.598  36.680 214.100   2.147   1.273   0.135   1.124 542.546  11.181  -6.160
9020  36.621 -66.208 1 18 18  303.0  18.386  36.572 206.600  18.337  36.571 218.900   2.217   1.328   0.053   1.134 515.992  17.249   8.324
9020  36.621 -66.208 1 17 17  554.4  17.232  36.397 196.300  17.142  36.406 196.200   2.354   1.309   0.021   0.971 483.593  20.210  13.244
9020  36.621 -66.208 1 16 16 1052.0   7.859  35.123 173.700   7.749  35.126 172.600   1.555   0.783   0.049   0.483 185.183  36.236  94.501
9020  36.621 -66.208 1 15 15 1202.0   5.884  35.050 214.400   5.774  35.051 212.000   2.101   1.040   0.087   0.517 222.242  34.489  77.496
9020  36.621 -66.208 1 14 14 1402.7   4.993  35.020 241.000   4.872  35.021 241.300   2.486   1.211   0.124   0.596 246.928  33.264  67.962
9020  36.621 -66.208 1 13 13 1750.6   4.297  34.986 260.800   4.151  34.986 260.900   2.421   1.161   0.119   0.525 228.077  34.211  75.189
9020  36.621 -66.208 1 12 12 2001.0   3.961  34.963 265.100   3.795  34.961 273.500   2.181   1.050   0.107   0.435 202.549  35.423  86.066
9020  36.621 -66.208 1 11 11 2254.5   3.753  34.957 268.100   3.565  34.957 267.000   1.827   0.869   0.082   0.362 165.756  37.229 105.582
9020  36.621 -66.208 1 10 10 2548.9   3.525  34.950 270.000   3.311  34.952 266.000   1.503   0.720   0.060   0.257 135.646  38.986 126.352
9020  36.621 -66.208 1  9  9 2851.5   3.323  34.942 269.000   3.082  34.953 278.200   1.353   0.638   0.053   0.233 118.878  40.068 139.895
9020  36.621 -66.208 1  8  8 3101.4   3.152  34.939 268.800   2.888  34.938 285.700   1.170   0.559   0.042   0.208 103.192  41.182 154.674
9020  36.621 -66.208 1  7  7 3349.7   2.957  34.931 269.700   2.670  34.930 280.800   1.225   0.584   0.045   0.218 106.657  40.932 151.293
9020  36.621 -66.208 1  6  6 3580.0   2.766  34.921 271.600   2.459  34.920 277.900   1.162   0.542   0.048   0.224  97.946  41.598 160.421
9020  36.621 -66.208 1  5  5 3801.4   2.575  34.911 272.300   2.248  34.910 279.000   1.242   0.578   0.059   0.201 103.352  41.170 154.518
9020  36.621 -66.208 1  4  4 4046.0   2.441  34.903 272.800   2.090  34.900 275.200   1.258   0.613   0.071   0.316 108.795  40.779 149.228
9020  36.621 -66.208 1  3  3 4344.7   2.341  34.895 271.600   1.957  34.893 281.900   1.195   0.581   0.069   0.275 102.538  41.231 155.345
9020  36.621 -66.208 1  2  2 4644.3   2.282  34.888 268.600   1.865  34.887 269.200   1.053   0.498   0.057  -9.000  87.599  42.453 172.629
9020  36.621 -66.208 1  1  1 5021.9   2.275  34.882 265.500   1.811  34.895 266.900   0.909   0.422   0.047   0.167  74.197  43.715 191.698
9021  36.200 -66.543 1 22 24    6.6  26.836  36.389 217.000  26.841  36.424 222.200   1.665   1.041   0.132   0.982  -9.000  -9.000  -9.000
9021  36.200 -66.543 1 21 21  202.8  18.256  36.533 215.700  18.225  -9.000  -9.000  -9.000  -9.000  -9.000  -9.000  -9.000  -9.000  -9.000
9021  36.200 -66.543 1 20 20  352.4  17.889  36.512 212.200  17.832  36.514 213.900   2.343   1.349   0.058   1.168 513.027  17.534   8.447
9021  36.200 -66.543 1 19 19  603.1  14.557  35.916 172.600  14.469  35.923 167.300   2.186   1.208   0.019   0.843 395.263  24.670  28.471
9021  36.200 -66.543 1 18 18  849.2   9.002  35.182 148.500   8.908  35.184 144.400   1.223   0.644   0.019   0.470 161.289  37.480 108.472
9021  36.200 -66.543 1 17 17 1099.6   5.907  35.041 213.600   5.807  35.041 216.600   2.073   1.056   0.089   0.566 225.910  34.314  76.034
9021  36.200 -66.543 1 16 16 1302.1   5.070  35.041 241.900   4.958  35.042 238.200   2.305   1.165   0.104   0.669 238.568  33.684  71.058
9021  36.200 -66.543 1 15 15 1499.1   4.321  34.977 258.200   4.198  34.977 265.400   2.600   1.273   0.145   0.724 250.376  33.084  66.685
9021  36.200 -66.543 1 14 14 1649.9   4.100  34.967 263.000   3.966  34.967 256.100   2.369   1.154   0.119   0.495 224.282  34.392  76.678
9021  36.200 -66.543 1 13 13 1851.4   3.903  34.961 265.400   3.752  34.961 264.800   2.148   1.044   0.085   0.448 200.758  35.506  86.898
9021  36.200 -66.543 1 12 12 2049.1   3.676  34.953 267.700   3.510  34.952 267.900   1.833   0.894   0.078   0.323 169.812  37.021 103.201
9021  36.200 -66.543 1 11 11 2299.5   3.552  34.960 265.600   3.363  34.960 264.100   1.346   0.655   0.041   0.191 123.593  39.759 135.960
9021  36.200 -66.543 1 10 10 2599.0   3.321  34.959 264.700   3.106  34.958 263.700   0.833   0.407   0.020   0.158  75.842  43.549 189.127
9021  36.200 -66.543 1  9  9 2900.1   3.073  34.946 264.700   2.832  34.945 265.700   0.728   0.355   0.020   0.124  65.256  44.664 206.650
9021  36.200 -66.543 1  8  8 3199.8   2.819  34.930 266.600   2.551  34.928 263.100   0.793   0.381   0.017   0.134  69.059  44.237 199.866
9021  36.200 -66.543 1  7  7 3451.0   2.612  34.917 268.300   2.322  34.916 270.000   0.819   0.399   0.036   0.141  71.495  43.988 195.954
9021  36.200 -66.543 1  6  6 3651.2   2.472  34.908 268.400   2.164  34.914 269.900   0.861   0.427   0.035   0.170  75.917  43.542 189.010
9021  36.200 -66.543 1  5  5 3851.0   2.377  34.901 268.400   2.049  34.900 272.200   0.851   0.409   0.052   0.177  72.332  43.904 194.631
9021  36.200 -66.543 1  4  4 4098.0   2.313  34.895 267.400   1.960  34.893 267.100   0.906   0.448   0.047   0.196  78.945  43.236 184.321
9021  36.200 -66.543 1  3  3 4398.7   2.276  34.889 266.600   1.889  34.888 269.800   0.791   0.388   0.046   0.203  68.227  44.330 201.342
9021  36.200 -66.543 1  2  2 4698.3   2.257  34.884 264.200   1.834  34.883 262.100   0.735   0.370   0.038   0.177  64.991  44.694 207.128
9021  36.200 -66.543 1  1  1 5066.2   2.273  34.880 262.700   1.803  34.879 270.700   0.676   0.337   0.038   0.133  59.244  45.356 217.789
9022  35.698 -66.811 1 22 24    3.5  26.760  36.419 219.000  26.765  36.419 224.500  -9.000  -9.000  -9.000  -9.000  -9.000  -9.000  -9.000
9022  35.698 -66.811 1 21 21  100.6  19.874  36.606 228.700  19.860  36.604 225.700   2.180   1.313   0.162   1.190 542.694  11.089  -6.543
9022  35.698 -66.811 1 20 20  304.8  17.937  36.522 211.500  17.889  36.524 211.400   2.269   1.335   0.070   1.144 508.777  17.943   8.781
9022  35.698 -66.811 1 19 19  554.8  14.218  35.863 169.100  14.139  35.886 167.100   2.123   1.168   0.036   0.847 376.222  25.777  32.295
9022  35.698 -66.811 1 18 18  726.9  10.316  35.316 142.500  10.230  35.324 144.700   1.406   0.755   0.037   0.603 201.812  35.457  86.407
9022  35.698 -66.811 1 17 17 1052.0   5.537  35.043 223.000   5.445  35.052 227.800   2.228   1.143   0.129   0.635 239.864  33.619  70.567
9022  35.698 -66.811 1 16 16 1254.3   4.661  34.997 249.900   4.557  34.995 250.800   2.591   1.294   0.159   0.634 259.202  32.617  63.476
9022  35.698 -66.811 1 15 15 1404.1   4.319  34.977 257.300   4.205  34.996 259.200   2.606   1.291   0.157   0.696 253.890  32.898  65.389
9022  35.698 -66.811 1 14 14 1552.4   4.199  34.985 262.900   4.072  34.887 259.400   2.224   1.108   0.129   0.512 216.525  34.761  79.857
9022  35.698 -66.811 1 13 13 1755.0   3.948  34.971 265.100   3.805  34.970 263.200   2.032   0.991   0.125   0.389 191.048  35.960  91.556
9022  35.698 -66.811 1 12 12 2003.4   3.668  34.952 267.000   3.506  34.952 267.100   1.816   0.886   0.096   0.315 168.219  37.102 104.127
9022  35.698 -66.811 1 11 11 2304.5   3.461  34.951 264.300   3.273  34.954 268.000   1.441   0.702   0.068   0.237 131.798  39.223 129.259
9022  35.698 -66.811 1 10 10 2606.0   3.253  34.951 264.500   3.039  34.952 265.400   0.965   0.473   0.041   0.175  87.808  42.434 172.354
9022  35.698 -66.811 1  9  9 2870.9   3.050  34.944 264.500   2.812  34.947 265.100   0.766   0.373   0.037   0.181  68.478  44.302 200.898
9022  35.698 -66.811 1  8  8 3191.9   2.746  34.926 266.500   2.481  34.924 267.700   0.806   0.392   0.042   0.151  70.766  44.062 197.108
9022  35.698 -66.811 1  7  7 3452.3   2.547  34.914 268.900   2.259  34.913 269.400   0.869   0.424   0.046   0.182  75.701  43.563 189.345
9022  35.698 -66.811 1  6  6 3649.6   2.421  34.905 268.400   2.115  34.903 269.200   0.845   0.413   0.049   0.161  73.219  43.814 193.233
9022  35.698 -66.811 1  5  5 3887.4   2.310  34.896 267.300   1.981  34.897 267.900   0.834   0.411   0.046   0.198  72.414  43.895 194.501
9022  35.698 -66.811 1  4  4 4188.1   2.261  34.890 265.600   1.898  34.891 265.700   0.791   0.389   0.053   0.161  68.347  44.317 201.130
9022  35.698 -66.811 1  3  3 4546.6   2.262  34.886 264.500   1.857  34.885 264.700   0.743   0.371   0.044   0.181  65.185  44.672 206.777
9022  35.698 -66.811 1  2  2 4888.3   2.286  34.884 264.600   1.839  34.887 263.900   0.722   0.355   0.041   0.162  62.456  44.979 211.692
9022  35.698 -66.811 1  1  1 5217.6   2.326  34.883 265.300   1.836  34.883 263.500   0.727   0.357   0.045   0.187  62.947  44.924 210.807
9023  35.228 -65.128 1 22 24    4.6  26.948  36.375 218.600  26.953  36.374 231.200   1.664   1.049   0.137   1.044  -9.000  -9.000  -9.000
9023  35.228 -65.128 1 21 21  200.1  18.187  36.541 218.000  18.156  36.540 215.400   2.345   1.360   0.087   1.224 523.884  16.090   8.263
9023  35.228 -65.128 1 20 20  398.7  16.719  36.296 189.800  16.657  36.306 187.300   2.352   1.326   0.027   0.981 478.752  20.476  13.991
9023  35.228 -65.128 1 19 19  600.1  12.518  35.612 158.800  12.439  35.769 162.600   1.908   1.033   0.042   0.776 307.195  30.134  48.821
9023  35.228 -65.128 1 18 18  851.4   7.397  35.099 177.300   7.312  35.100 183.200   1.572   0.808   0.059   0.453 186.659  36.165  93.735
9023  35.228 -65.128 1 17 17 1001.0   5.635  35.031 222.700   5.548  35.033 227.000   2.157   1.088   0.111   0.601 229.462  34.141  74.626
9023  35.228 -65.128 1 16 16 1101.3   5.108  35.020 238.600   5.015  35.023 250.400   2.404   1.200   0.130   0.625 246.170  33.302  68.237
9023  35.228 -65.128 1 15 15 1301.4   4.537  34.993 254.500   4.431  34.992 254.100   2.612   1.300   0.147   0.633 258.681  32.645  63.662
9023  35.228 -65.128 1 14 14 1500.6   4.229  34.979 260.500   4.107  34.979 260.600   2.471   1.208   0.143   0.589 236.433  33.791  71.875
9023  35.228 -65.128 1 13 13 1651.0   4.061  34.974 262.600   3.927  34.974 264.800   2.178   1.059   0.117   0.458 205.404  35.289  84.760
9023  35.228 -65.128 1 12 12 1850.2   3.851  34.964 265.800   3.701  34.963 270.500   1.954   0.944   0.103   0.351 181.027  36.448  96.808
9023  35.228 -65.128 1 11 11 2050.1   3.662  34.958 266.600   3.496  34.958 269.600   1.674   0.816   0.088   0.301 154.887  37.840 112.657
9023  35.228 -65.128 1 10 10 2302.0   3.464  34.955 266.200   3.276  34.954 271.100   1.283   0.627   0.058   0.212 117.742  40.142 140.853
9023  35.228 -65.128 1  9  9 2601.9   3.209  34.951 263.900   2.996  34.950 269.000   0.878   0.429   0.034   0.146  79.449  43.188 183.590
9023  35.228 -65.128 1  8  8 2903.7   2.984  34.942 263.400   2.744  34.942 267.300   0.583   0.278   0.016   0.105  50.853  46.456 235.770
9023  35.228 -65.128 1  7  7 3200.3   2.726  34.926 266.200   2.461  34.925 280.500   0.672   0.329   0.028   0.141  59.328  45.346 217.616
9023  35.228 -65.128 1  6  6 3449.0   2.556  34.915 267.300   2.269  34.914 289.300   0.678   0.325   0.031   0.124  58.055  45.507 220.230
9023  35.228 -65.128 1  5  5 3649.2   2.433  34.907 267.600   2.126  34.905 278.900   0.715   0.344   0.037   0.151  61.029  45.139 214.277
9023  35.228 -65.128 1  4  4 4197.0   2.299  34.894 265.800   1.934  34.893 272.900   0.692   0.334   0.036   0.140  58.811  45.411 218.678
9023  35.228 -65.128 1  3  3 4499.3   2.271  34.887 264.200   1.871  34.886 268.000   0.682   0.345   0.035   0.140  60.649  45.182 214.967
9023  35.228 -65.128 1  2  2 4799.2   2.266  34.883 262.800   1.830  34.882 269.800   0.637   0.316   0.031   0.135  55.533  45.826 225.436
9023  35.228 -65.128 1  1  1 5186.4   2.242  34.874 258.800   1.758  34.875 257.300   0.389   0.198   0.023   0.126  34.746  49.266 282.546
9024  34.740 -65.424 1 22 24    1.6  26.785  36.456 214.300  26.792  36.456 217.800   1.661   1.036   0.126   1.120  -9.000  -9.000  -9.000
9024  34.740 -65.424 1 21 21  100.8  19.318  36.630 225.800  19.305  36.628 212.000   2.191   1.303   0.135   1.206 526.553  15.622   8.147
9024  34.740 -65.424 1 20 20  301.9  17.921  36.519 219.100  17.873  36.519 211.200   2.345   1.367   0.061   1.142 520.609  16.591   8.265
9024  34.740 -65.424 1 19 19  551.6  14.940  35.976 177.200  14.859  35.979 178.000   2.218   1.212   0.030   0.853 403.624  24.199  26.773
9024  34.740 -65.424 1 18 18  851.9   8.354  35.130 155.200   8.264  35.134 158.800   1.212   0.630   0.037   0.450 152.733  37.961 114.076
9024  34.740 -65.424 1 17 17 1053.4   5.690  35.036 223.300   5.597  35.030 219.600   2.144   1.098   0.104   0.657 232.248  34.001  73.510
9024  34.740 -65.424 1 16 16 1252.1   5.100  35.055 248.500   4.993  35.054 261.400   1.855   0.934   0.089   0.477 191.593  35.935  91.288
9024  34.740 -65.424 1 15 15 1401.6   4.745  35.044 255.100   4.627  35.044 249.400   1.765   0.874   0.081   0.362 175.936  36.708  99.683
9024  34.740 -65.424 1 14 14 1550.5   4.505  35.034 259.500   4.375  35.034 254.500   1.569   0.777   0.079   0.266 154.416  37.866 112.966
9024  34.740 -65.424 1 13 13 1751.8   4.209  35.016 263.800   4.063  35.019 256.000   1.312   0.649   0.060   0.243 126.935  39.541 133.210
9024  34.740 -65.424 1 12 12 2002.1   3.853  34.985 265.900   3.689  34.985 272.300   1.321   0.640   0.059   0.243 122.771  39.813 136.641
9024  34.740 -65.424 1 11 11 2301.3   3.538  34.965 265.200   3.349  34.963 264.700   1.150   0.563   0.054   0.157 106.158  40.968 151.777
9024  34.740 -65.424 1 10 10 2599.4   3.284  34.957 262.500   3.069  34.956 264.300   0.795   0.394   0.025   0.143  73.270  43.809 193.153
9024  34.740 -65.424 1  9  9 2901.3   3.029  34.944 262.800   2.789  34.944 278.900   0.631   0.299   0.016   0.105  54.829  45.915 226.891
9024  34.740 -65.424 1  8  8 3200.5   2.748  34.927 265.600   2.483  34.926 285.500   0.634   0.307   0.025   0.096  55.428  45.839 225.653
9024  34.740 -65.424 1  7  7 3449.9   2.538  34.913 267.700   2.250  34.912 294.100   0.754   0.361   0.036   0.126  64.421  44.758 208.151
9024  34.740 -65.424 1  6  6 3650.8   2.430  34.906 267.500   2.123  34.904 286.500   0.759   0.371   0.033   0.138  65.807  44.602 205.662
9024  34.740 -65.424 1  5  5 3902.2   2.328  34.897 266.800   1.996  34.896 283.600   0.759   0.370   0.040   0.155  65.255  44.664 206.652
9024  34.740 -65.424 1  4  4 4199.8   2.277  34.891 265.300   1.912  34.889 275.900   0.692   0.335   0.038   0.106  58.912  45.398 218.470
9024  34.740 -65.424 1  3  3 4500.7   2.257  34.886 263.700   1.858  34.884 269.800   0.627   0.316   0.040   0.144  55.507  45.829 225.489
9024  34.740 -65.424 1  2  2 4801.5   2.244  34.881 261.600   1.809  34.879 275.500   0.559   0.287   0.038   0.121  50.374  46.527 236.946
9024  34.740 -65.424 1  1  1 5255.5   2.216  34.870 257.100   1.724  34.869 257.600   0.304   0.167   0.031   0.099  29.263  50.544 304.328
9025  34.259 -65.706 1 22 24    2.2  27.253  36.297 215.500  27.259  36.300 225.700   1.649   1.015   0.136   1.068  -9.000  -9.000  -9.000
9025  34.259 -65.706 1 21 21  200.3  18.815  36.612 213.500  18.784  36.610 210.500   2.244   1.317   0.093   1.182 521.152  16.511   8.267
9025  34.259 -65.706 1 20 20  399.3  17.980  36.534 204.100  17.915  36.532 202.100   2.362   1.350   0.030   1.072 515.500  17.297   8.339
9025  34.259 -65.706 1 19 19  599.5  15.612  36.098 185.800  15.520  36.101 182.700   2.363   1.296   0.030   0.920 445.106  22.158  19.389
9025  34.259 -65.706 1 18 18  849.9   9.351  35.211 142.900   9.255  35.207 145.700   1.216   0.635   0.025   0.495 161.821  37.450 108.126
9025  34.259 -65.706 1 17 17 1100.6   5.855  35.058 217.000   5.756  35.057 215.000   1.912   0.969   0.088   0.530 206.775  35.225  84.142
9025  34.259 -65.706 1 16 16 1301.1   4.833  35.012 245.100   4.724  35.012 245.500   2.459   1.215   0.140   0.643 245.640  33.328  68.429
9025  34.259 -65.706 1 15 15 1500.5   4.369  34.986 256.600   4.245  34.985 256.100   2.492   1.219   0.138   0.653 240.389  33.592  70.370
9025  34.259 -65.706 1 14 14 1652.0   4.101  34.971 261.200   3.967  34.972 261.000   2.309   1.126   0.131   0.527 218.859  34.650  78.881
9025  34.259 -65.706 1 13 13 1849.3   3.890  34.961 264.200   3.740  34.961 265.500   2.060   1.001   0.114   0.392 192.357  35.899  90.915
9025  34.259 -65.706 1 12 12 2051.3   3.691  34.953 266.200   3.524  34.952 267.000   1.830   0.880   0.094   0.363 167.287  37.149 104.669
9025  34.259 -65.706 1 11 11 2302.2   3.639  34.979 262.400   3.448  34.977 260.300   0.977   0.474   0.041   0.123  89.879  42.248 169.644
9025  34.259 -65.706 1 10 10 2599.3   3.317  34.953 263.600   3.102  34.953 264.300   0.967   0.468   0.037   0.206  87.184  42.491 173.176
9025  34.259 -65.706 1  9  9 2901.0   3.054  34.944 262.900   2.813  34.945 263.400   0.667   0.325   0.023   0.164  59.679  45.301 216.896
9025  34.259 -65.706 1  8  8 3196.1   2.802  34.930 265.000   2.535  34.928 266.000   0.665   0.320   0.025   0.116  57.949  45.520 220.451
9025  34.259 -65.706 1  7  7 3450.9   2.594  34.916 267.000   2.306  34.915 267.600   0.759   0.367   0.036   0.127  65.695  44.615 205.865
9025  34.259 -65.706 1  6  6 3650.8   2.469  34.908 267.500   2.161  34.908 269.100   0.737   0.354   0.043   0.146  62.928  44.926 210.840
9025  34.259 -65.706 1  5  5 3903.7   2.366  34.900 266.900   2.033  34.898 267.900   0.735   0.353   0.040   0.163  62.390  44.986 211.812
9025  34.259 -65.706 1  4  4 4196.1   2.308  34.894 265.700   1.943  34.893 266.600   0.734   0.365   0.040   0.140  64.300  44.772 208.367
9025  34.259 -65.706 1  3  3 4496.3   2.275  34.888 264.000   1.876  35.842 218.100  -9.000  -9.000  -9.000  -9.000  -9.000  -9.000  -9.000
9025  34.259 -65.706 1  2  2 4799.3   2.264  34.882 262.200   1.828  34.882 262.700   0.568   0.277   0.039   0.192  48.674  46.781 241.136
9025  34.259 -65.706 1  1  1 5302.2   2.235  34.871 257.600   1.737  34.870 256.200   0.329   0.172   0.012   0.121  30.171  50.299 300.102
9026  33.788 -66.000 1 21 21    3.6  27.412  36.463 216.600  27.418  36.464 220.500   1.620   1.041   0.135   1.034  -9.000  -9.000  -9.000
9026  33.788 -66.000 1 20 20  101.0  20.331  36.703 235.500  20.317  36.703 229.000   2.113   1.287   0.151   1.222 542.436  11.242  -5.904
9026  33.788 -66.000 1 19 19  549.9  17.108  36.368 201.700  17.019  36.367 194.400   2.311   1.329   0.037   1.137 488.249  19.880  12.373
9026  33.788 -66.000 1 18 18  800.4  11.388  35.444 149.300  11.287  35.447 145.200   1.496   0.821   0.024   0.640 231.225  34.053  73.917
9026  33.788 -66.000 1 17 17 1000.9   7.453  35.117 166.500   7.352  35.119 173.500   1.045   0.555   0.031   0.321 128.600  39.432 131.850
9026  33.788 -66.000 1 16 16 1251.5   5.116  35.009 238.400   5.008  35.010 235.400   2.451   1.249   0.134   0.731 256.303  32.771  64.513
9026  33.788 -66.000 1 15 15 1401.7   4.747  35.014 249.000   4.629  35.016 253.500   2.264   1.155   0.122   0.626 232.454  33.991  73.428
9026  33.788 -66.000 1 14 14 1550.9   4.387  34.992 256.600   4.259  34.992 255.500   2.333   1.155   0.125   0.597 228.000  34.215  75.218
9026  33.788 -66.000 1 13 13 1751.7   4.097  34.980 262.100   3.954  34.981 259.900   2.013   0.989   0.108   0.409 192.208  35.906  90.988
9026  33.788 -66.000 1 12 12 2001.2   3.901  34.988 264.200   3.736  35.001 260.000   1.314   0.656   0.065   0.227 126.169  39.591 133.838
9026  33.788 -66.000 1 11 11 2303.4   3.601  34.975 260.800   3.411  34.976 263.500   0.981   0.494   0.041   0.209  93.477  41.956 165.456
9026  33.788 -66.000 1 10 10 2602.2   3.297  34.952 263.400   3.082  34.952 266.100   0.924   0.468   0.038   0.171  87.088  42.499 173.303
9026  33.788 -66.000 1  9  9 2900.2   3.055  34.942 264.000   2.814  34.942 269.400   0.727   0.372   0.019   0.171  68.312  44.321 201.193
9026  33.788 -66.000 1  8  8 3200.6   2.799  34.929 265.000   2.532  34.929 275.000   0.637   0.314   0.027   0.150  56.852  45.659 222.710
9026  33.788 -66.000 1  7  7 3450.6   2.582  34.915 267.100   2.293  34.915 274.900   0.743   0.371   0.036   0.159  66.367  44.540 204.661
9026  33.788 -66.000 1  6  6 3651.6   2.443  34.906 267.100   2.136  34.906 270.800   0.731   0.364   0.033   0.130  64.611  44.737 207.809
9026  33.788 -66.000 1  5  5 3901.1   2.344  34.898 266.300   2.012  34.897 271.900   0.737   0.369   0.036   0.146  65.137  44.678 206.862
9026  33.788 -66.000 1  4  4 4197.9   2.280  34.890 264.600   1.916  34.890 267.800   0.698   0.354   0.037   0.148  62.263  45.001 212.042
9026  33.788 -66.000 1  3  3 4498.3   2.254  34.885 262.800   1.855  34.884 260.800   0.631   0.324   0.042   0.154  56.902  45.653 222.607
9026  33.788 -66.000 1  2  2 4798.9   2.258  34.881 261.500   1.822  34.882 259.600   0.571   0.288   0.035   0.142  50.589  46.495 236.419
9026  33.788 -66.000 1  1  1 5201.6   2.225  34.871 257.400   1.740  34.873 249.700   0.381   0.213   0.025   0.113  37.343  48.741 273.727
