2006apr
      2006.29
STN   LAT    LON CAST SAMP BTL CTDPRS CTDTMP CTDSAL CTDOXY   THETA   SALNTY  OXYGEN  CFC-11  CFC-12  CFC113  SF6  pCFC-12 CFC12age Mean Age
9001  40.296 -69.790 1  3  3    2.3   5.940  32.647 344.700   5.942  32.648 378.100   4.910   2.729   0.445  -9.000  -9.000  -9.000  -9.000
9001  40.296 -69.790 1  2  2   39.9   5.208  32.741 331.600   5.207  32.737 329.500   4.781   2.677   0.433  -9.000 539.280   9.211   3.297
9001  40.296 -69.790 1  1  1   83.6  11.241  34.917 202.200  11.233  34.859 203.700   2.754   1.630   0.212  -9.000 453.510  18.346  15.624
9002  40.152 -69.879 1  3  3    4.2   5.998  32.709 351.400   5.999  32.708 352.000   4.496   2.592   0.406  -9.000 543.989   6.859   2.415
9002  40.152 -69.879 1  2  2   49.9   5.359  32.822 317.900   5.357  32.768 315.900   4.776   2.686   0.425  -9.000 545.868   5.808   2.104
9002  40.152 -69.879 1  1  1  113.1  13.033  35.528 214.200  13.021  35.525 214.400   2.468   1.473   0.179  -9.000 448.170  18.595  16.364
9003  40.012 -68.007 1  5  5    4.2   6.290  32.875 336.200   6.291  32.868 336.000   4.648   2.652   0.421  -9.000  -9.000  -9.000  -9.000
9003  40.012 -68.007 1  4  4   51.3  15.174  35.992 236.300  15.169  35.995 237.000   2.531   1.543   0.202  -9.000 519.280  13.367   6.681
9003  40.012 -68.007 1  3  3  101.5  12.795  35.470 241.300  12.785  35.469 240.200   2.757   1.651   0.209  -9.000 496.589  15.869   9.998
9003  40.012 -68.007 1  2  2  101.5  12.795  35.470 241.300  12.785  -9.000  -9.000  -9.000  -9.000  -9.000  -9.000  -9.000  -9.000  -9.000
9003  40.012 -68.007 1  1  1  152.8  12.873  35.561 213.300  12.855  35.554 214.200   2.327   1.410   0.166  -9.000 426.006  19.703  19.852
9004  39.906 -68.073 1 11 11    3.4  16.092  35.977 247.800  16.095  35.978 221.400   2.331   1.408   0.176  -9.000 493.216  16.108  10.411
9004  39.906 -68.073 1 10 10   49.8  15.975  35.957 242.400  15.971  35.950 218.400   2.286   1.397   0.167  -9.000 486.780  16.564  11.262
9004  39.906 -68.073 1  9  9  100.2  13.257  35.558 205.400  13.246  35.563 205.000   2.213   1.161   0.141  -9.000 356.982  23.556  31.686
9004  39.906 -68.073 1  8  8  201.1  11.839  35.505 144.900  11.816  35.504 143.000  -9.000  -9.000  -9.000  -9.000  -9.000  -9.000  -9.000
9004  39.906 -68.073 1  7  7  251.6  10.203  35.314 135.300  10.175  35.319 134.600   1.116   0.598   0.019  -9.000 158.977  34.190  97.234
9004  39.906 -68.073 1  6  6  302.2   8.585  35.155 144.300   8.555  35.164 143.500   0.913   0.471   0.019  -9.000 115.529  36.874 127.355
9004  39.906 -68.073 1  5  5  401.8   6.687  35.063 188.600   6.651  35.067 188.900   1.539   0.820   0.075  -9.000 182.651  32.946  84.825
9004  39.906 -68.073 1  4  4  501.1   5.628  35.021 214.800   5.587  35.020 219.900   2.027   1.065   0.125  -9.000 224.507  30.961  67.655
9004  39.906 -68.073 1  3  3  599.9   5.207  35.004 231.200   5.159  35.003 232.400   2.246   1.205   0.139  -9.000 248.446  29.766  59.215
9004  39.906 -68.073 1  2  2  600.6   5.203  35.004 231.300   5.154  -9.000  -9.000  -9.000  -9.000  -9.000  -9.000  -9.000  -9.000  -9.000
9004  39.906 -68.073 1  1  1  708.2   4.951  34.993 239.900   4.894  34.990 240.900   2.349   1.262   0.152  -9.000 256.686  29.330  56.551
9005  39.853 -68.105 1 12 12    3.9  16.756  36.056 222.000  16.759  36.055 217.100   2.292   1.381   0.168  -9.000 498.228  15.726   9.763
9005  39.853 -68.105 1 11 11   76.3  13.845  35.596 147.700  13.837  35.613 229.000   2.506   1.502   0.201  -9.000 474.503  17.290  12.819
9005  39.853 -68.105 1 10 10  254.5   9.321  35.220 136.300   9.294  35.222 137.900   1.013   0.526   0.025  -9.000 133.861  35.676 113.384
9005  39.853 -68.105 1  9  9  354.4   7.522  35.103 171.100   7.489  35.104 171.200   1.299   0.674   0.054  -9.000 156.693  34.318  98.573
9005  39.853 -68.105 1  8  8  475.7   5.620  35.026 217.000   5.581  35.026 219.700   1.962   1.030   0.117  -9.000 217.048  31.316  70.463
9005  39.853 -68.105 1  7  7  603.4   5.053  34.996 237.400   5.005  34.996 237.100   2.345   1.249   0.149  -9.000 255.418  29.398  56.948
9005  39.853 -68.105 1  6  6  725.6   4.665  34.978 248.600   4.609  34.978 249.800   2.520   1.332   0.168  -9.000 266.818  28.794  53.518
9005  39.853 -68.105 1  5  5  852.3   4.517  34.969 253.800   4.451  34.967 253.400   2.609   1.389   0.179  -9.000 276.031  28.262  50.709
9005  39.853 -68.105 1  4  4  947.8   4.421  34.968 255.500   4.347  34.967 256.800   2.608   1.386   0.182  -9.000 274.031  28.378  51.306
9005  39.853 -68.105 1  3  3 1047.2   4.169  34.959 262.300   4.088  34.957 262.500   2.556   1.343   0.174  -9.000 261.959  29.052  54.943
9005  39.853 -68.105 1  2  2 1047.6   4.168  34.959 262.400   4.087  -9.000  -9.000  -9.000  -9.000  -9.000  -9.000  -9.000  -9.000  -9.000
9005  39.853 -68.105 1  1  1 1147.6   4.097  34.956 264.400   4.008  -9.000 264.200   2.534   1.325   0.172  -9.000 257.445  29.290  56.315
9006  39.789 -68.158 1 14 15    2.9  16.529  36.026 231.700  16.533  -9.000  -9.000  -9.000  -9.000  -9.000  -9.000  -9.000  -9.000  -9.000
9006  39.789 -68.158 1 13 13   75.2  13.317  35.489 230.800  13.310  35.478 224.000   2.611   1.545   0.200  -9.000 476.029  17.206  12.624
9006  39.789 -68.158 1 12 12  150.2  12.771  35.612 204.700  12.753  35.611 156.100   1.729   0.968   0.061  -9.000 291.245  27.465  46.764
9006  39.789 -68.158 1 11 11  254.0   9.814  35.273 141.100   9.787  35.285 139.000   1.080   0.561   0.022  -9.000 146.309  34.912 104.906
9006  39.789 -68.158 1 10 10  371.0   7.362  35.105 172.100   7.327  35.106 172.700   1.196   0.607   0.052  -9.000 139.987  35.300 109.167
9006  39.789 -68.158 1  9  9  526.1   5.596  35.017 220.600   5.552  35.020 218.800   2.026   1.059   0.117  -9.000 222.860  31.040  68.264
9006  39.789 -68.158 1  8  8  675.3   4.878  35.003 242.600   4.825  35.001 243.000   2.261   1.185   0.145  -9.000 240.121  30.186  61.986
9006  39.789 -68.158 1  7  7  824.6   4.356  34.960 258.400   4.293  34.961 259.000   2.712   1.439   0.186  -9.000 283.504  27.830  48.540
9006  39.789 -68.158 1  6  6  951.0   4.162  34.954 264.500   4.090  34.952 264.200   2.726   1.442   0.191  -9.000 281.149  27.966  49.215
9006  39.789 -68.158 1  5  5 1077.0   3.999  34.949 267.300   3.917  34.947 266.700   2.592   1.333   0.176  -9.000 257.623  29.281  56.260
9006  39.789 -68.158 1  4  4 1200.5   3.961  34.948 268.200   3.869  34.948 267.700   2.538   1.306   0.170  -9.000 251.893  29.584  58.076
9006  39.789 -68.158 1  3  3 1298.8   3.928  34.948 268.800   3.828  34.948 267.900   2.468   1.285   0.169  -9.000 247.400  29.820  59.558
9006  39.789 -68.158 1  2  2 1299.1   3.928  34.948 268.800   3.828  -9.000  -9.000  -9.000  -9.000  -9.000  -9.000  -9.000  -9.000  -9.000
9006  39.789 -68.158 1  1  1 1364.8   3.896  34.947 269.700   3.790  34.946 268.900   2.439   1.252   0.165  -9.000 240.627  30.161  61.812
9007  39.706 -68.203 1 18 20    4.3  15.098  35.585 239.700  15.101  35.583 238.000   1.244   0.647   0.024  -9.000 216.139  31.360  70.814
9007  39.706 -68.203 1 17 19  100.5  15.360  35.896 159.300  15.348  35.891 182.500   1.224   0.640   0.045  -9.000 216.953  31.321  70.499
9007  39.706 -68.203 1 16 18  225.9  10.724  35.380 140.400  10.699  35.401 140.200  -9.000  -9.000  -9.000  -9.000  -9.000  -9.000  -9.000
9007  39.706 -68.203 1 15 17  349.5   8.086  35.136 161.300   8.052  35.137 161.700   1.680   0.868   0.087  -9.000 207.657  31.764  74.170
9007  39.706 -68.203 1 14 15  478.0   6.217  35.057 198.700   6.176  35.058 203.100  -9.000  -9.000  -9.000  -9.000  -9.000  -9.000  -9.000
9007  39.706 -68.203 1 13 13  601.1   5.244  35.002 232.300   5.195  35.001 228.400   2.252   1.202   0.135  -9.000 248.300  29.774  59.264
9007  39.706 -68.203 1 12 12  750.6   4.723  34.994 248.400   4.665  34.995 246.700   2.350   1.215   0.153  -9.000 244.168  29.983  60.615
9007  39.706 -68.203 1 11 11  876.8   4.450  34.983 253.500   4.382  34.983 255.000   2.430   1.269   0.158  -9.000 251.326  29.614  58.261
9007  39.706 -68.203 1 10 10 1001.8   4.204  34.968 258.800   4.127  34.967 261.200   2.477   1.300   0.158  -9.000 254.069  29.469  57.375
9007  39.706 -68.203 1  9  9 1125.0   4.030  34.956 263.800   3.943  34.955 264.500   2.491   1.298   0.160  -9.000 251.297  29.616  58.270
9007  39.706 -68.203 1  8  8 1251.0   3.927  34.952 266.800   3.831  34.952 267.500   2.376   1.242   0.149  -9.000 239.118  30.236  62.333
9007  39.706 -68.203 1  7  7 1375.8   3.807  34.949 267.800   3.701  34.951 268.600   2.221   1.128   0.138  -9.000 215.770  31.377  70.957
9007  39.706 -68.203 1  6  6 1498.1   3.723  34.946 268.800   3.607  34.945 269.400   2.091   1.065   0.130  -9.000 202.791  31.991  76.127
9007  39.706 -68.203 1  5  5 1626.6   3.631  34.943 269.800   3.504  34.942 271.300   1.976   1.002   0.118  -9.000 189.845  32.596  81.550
9007  39.706 -68.203 1  4  4 1751.1   3.583  34.942 270.700   3.445  34.941 271.800   1.891   0.937   0.112  -9.000 177.068  33.230  87.568
9007  39.706 -68.203 1  3  3 1875.5   3.548  34.941 271.100   3.399  34.940 271.700   1.868   0.932   0.107  -9.000 175.789  33.296  88.204
9007  39.706 -68.203 1  2  2 1977.0   3.523  34.940 271.600   3.366  34.939 270.400   1.826   0.917   0.102  -9.000 172.723  33.452  89.744
9007  39.706 -68.203 1  1  1 2069.9   3.514  34.940 271.200   3.348  34.939 272.000   1.794   0.895   0.103  -9.000 168.496  33.668  91.893
9008  39.479 -68.367 1 21 23    3.4  17.973  36.118 230.500  17.977  36.113 232.800   2.708   1.621   0.220  -9.000  -9.000  -9.000  -9.000
9008  39.479 -68.367 1 20 22   76.2  13.472  35.575 241.900  13.465  35.583 248.000   1.202   0.618   0.023  -9.000 191.924  32.499  80.659
9008  39.479 -68.367 1 19 21  156.2  12.850  35.507 229.600  12.831  35.510 237.500   1.080   0.546   0.026  -9.000 164.701  33.869  93.926
9008  39.479 -68.367 1 18 20  270.2  10.302  35.334 139.500  10.273  35.339 140.000   1.593   0.813   0.073  -9.000 217.210  31.309  70.401
9008  39.479 -68.367 1 17 19  369.8   8.213  35.163 155.100   8.177  35.165 161.800   2.199   1.145   0.132  -9.000 275.737  28.279  50.796
9008  39.479 -68.367 1 16 18  523.1   6.058  35.062 208.200   6.014  35.062 206.900  -9.000  -9.000  -9.000  -9.000  -9.000  -9.000  -9.000
9008  39.479 -68.367 1 15 17  676.3   5.049  35.009 236.300   4.995  35.012 236.700   2.331   1.214   0.144  -9.000 248.241  29.777  59.283
9008  39.479 -68.367 1 14 15  831.0   4.585  34.995 252.500   4.520  34.995 251.200  -9.000  -9.000  -9.000  -9.000  -9.000  -9.000  -9.000
9008  39.479 -68.367 1 13 13  953.1   4.314  34.976 259.300   4.240  34.976 258.900   2.438   1.251   0.151  -9.000 245.954  29.893  60.027
9008  39.479 -68.367 1 12 12 1049.9   4.086  34.951 262.000   4.005  34.952 265.900   2.718   1.440   0.182  -9.000 279.613  28.055  49.659
9008  39.479 -68.367 1 11 11 1224.2   3.920  34.947 268.300   3.826  34.947 268.900   2.550   1.312   0.160  -9.000 252.492  29.552  57.882
9008  39.479 -68.367 1 10 10 1328.9   3.849  34.947 268.100   3.746  34.944 269.000   2.373   1.221   0.147  -9.000 234.077  30.490  64.127
9008  39.479 -68.367 1  9  9 1454.6   3.779  34.948 269.400   3.666  34.949 269.700   2.153   1.093   0.130  -9.000 208.755  31.711  73.726
9008  39.479 -68.367 1  8  8 1576.3   3.682  34.945 271.300   3.560  34.944 270.600   1.985   1.007   0.115  -9.000 191.322  32.527  80.916
9008  39.479 -68.367 1  7  7 1705.3   3.540  34.937 272.900   3.407  34.936 272.700   1.976   1.006   0.114  -9.000 189.657  32.605  81.631
9008  39.479 -68.367 1  6  6 1824.7   3.494  34.941 272.700   3.352  34.941 272.300   1.751   0.869   0.102  -9.000 163.428  33.940  94.656
9008  39.479 -68.367 1  5  5 1949.4   3.390  34.937 273.800   3.237  34.939 273.700   1.686   0.845   0.099  -9.000 158.015  34.244  97.797
9008  39.479 -68.367 1  4  4 2070.6   3.329  34.942 272.200   3.166  34.940 271.700   1.432   0.707   0.073  -9.000 131.777  35.805 114.846
9008  39.479 -68.367 1  3  3 2193.2   3.233  34.939 272.400   3.059  34.937 267.400   1.413   0.703   0.072  -9.000 130.347  35.898 115.915
9008  39.479 -68.367 1  2  2 2295.9   3.120  34.937 272.300   2.939  34.936 268.100   1.314   0.645   0.064  -9.000 118.857  36.649 124.670
9008  39.479 -68.367 1  1  1 2406.2   3.123  34.937 272.000   2.931  34.936 272.300   1.297   0.636   0.063  -9.000 117.220  36.756 125.943
9009  39.344 -68.460 1 22 24    2.6  22.244  36.481 215.500  22.249  36.482 219.700   2.266   1.371   0.038  -9.000  -9.000  -9.000  -9.000
9009  39.344 -68.460 1 21 23  103.9  20.465  36.654 200.200  20.450  36.624 208.600   2.135   1.232   0.026  -9.000 521.829  12.992   6.303
9009  39.344 -68.460 1 20 22  226.1  18.531  36.603 199.700  18.496  36.603 199.800   2.135   1.228   0.095  -9.000 480.179  16.978  12.115
9009  39.344 -68.460 1 19 21  354.8  16.146  36.180 168.100  16.092  36.227 169.700   1.142   0.598   0.026  -9.000 210.389  31.633  73.072
9009  39.344 -68.460 1 18 20  448.9  13.745  35.751 203.300  13.683  35.753 181.000   1.708   0.908   0.090  -9.000 285.994  27.707  47.937
9009  39.344 -68.460 1 17 19  597.7   9.849  35.284 139.600   9.781  35.278 145.600   1.854   0.965   0.098  -9.000 252.127  29.572  58.000
9009  39.344 -68.460 1 16 18  750.0   6.400  35.049 200.600   6.332  35.049 199.500  -9.000  -9.000  -9.000  -9.000  -9.000  -9.000  -9.000
9009  39.344 -68.460 1 15 17  874.8   5.372  35.040 227.500   5.298  35.039 228.200   2.083   1.085   0.126  -9.000 225.730  30.903  67.207
9009  39.344 -68.460 1 14 15  998.2   4.904  35.023 243.800   4.822  35.026 242.800  -9.000  -9.000  -9.000  -9.000  -9.000  -9.000  -9.000
9009  39.344 -68.460 1 13 13 1122.5   4.460  34.989 253.900   4.371  34.987 254.500   2.266   1.193   0.142  -9.000 236.412  30.372  63.287
9009  39.344 -68.460 1 12 12 1250.3   4.207  34.971 260.900   4.108  34.972 260.700   2.325   1.216   0.154  -9.000 237.700  30.308  62.830
9009  39.344 -68.460 1 11 11 1373.5   4.049  34.962 264.900   3.941  34.961 265.300   2.317   1.191   0.153  -9.000 230.830  30.653  65.321
9009  39.344 -68.460 1 10 10 1497.8   3.884  34.952 267.200   3.766  34.956 267.300   2.165   1.114   0.139  -9.000 213.983  31.462  71.652
9009  39.344 -68.460 1  9  9 1622.2   3.792  34.953 268.800   3.664  34.952 268.800   1.949   0.977   0.115  -9.000 186.741  32.741  82.899
9009  39.344 -68.460 1  8  8 1747.1   3.649  34.942 270.500   3.511  34.942 271.300   1.962   0.994   0.116  -9.000 188.509  32.659  82.129
9009  39.344 -68.460 1  7  7 1871.7   3.546  34.941 271.400   3.398  34.941 271.900   1.791   0.905   0.108  -9.000 170.676  33.557  90.780
9009  39.344 -68.460 1  6  6 1997.5   3.461  34.941 271.900   3.302  34.940 272.100   1.627   0.802   0.086  -9.000 150.557  34.663 102.223
9009  39.344 -68.460 1  5  5 2123.6   3.384  34.942 271.400   3.215  34.941 271.800   1.484   0.733   0.079  -9.000 137.034  35.481 111.189
9009  39.344 -68.460 1  4  4 2247.5   3.299  34.940 271.500   3.120  34.939 271.700   1.410   0.698   0.071  -9.000 129.885  35.928 116.262
9009  39.344 -68.460 1  3  3 2373.1   3.221  34.941 271.500   3.031  34.940 271.300   1.298   0.637   0.063  -9.000 118.035  36.703 125.308
9009  39.344 -68.460 1  2  2 2498.5   3.101  34.937 270.800   2.900  34.937 271.000   1.204   0.602   0.060  -9.000 110.819  37.213 131.447
9009  39.344 -68.460 1  1  1 2675.3   2.847  34.926 272.200   2.634  34.925 272.900   1.299   0.645   0.068  -9.000 117.086  36.765 126.047
9010  39.092 -68.638 1 22 24    4.5  19.955  36.614 227.000  19.959  36.613 229.300   2.248   1.403   0.133  -9.000  -9.000  -9.000  -9.000
9010  39.092 -68.638 1 21 23  127.2  19.379  36.674 223.200  19.360  36.674 211.300   2.286   1.352   0.043  -9.000  -9.000  -9.000  -9.000
9010  39.092 -68.638 1 20 22  252.9  18.366  36.621 218.200  18.326  36.622 218.200   2.130   1.223   0.032  -9.000 475.027  17.261  12.752
9010  39.092 -68.638 1 19 21  398.2  17.754  36.492 201.500  17.689  36.120 196.400   1.976   1.139   0.103  -9.000 430.620  19.469  19.096
9010  39.092 -68.638 1 18 20  499.0  15.702  36.121 170.100  15.626  36.122 169.500   1.210   0.648   0.017  -9.000 223.480  31.010  68.034
9010  39.092 -68.638 1 17 19  622.5  12.421  35.534 198.200  12.340  35.530 174.700   1.370   0.714   0.057  -9.000 211.216  31.594  72.743
9010  39.092 -68.638 1 16 18  674.1  11.041  35.400 138.400  10.958  35.403 135.400  -9.000  -9.000  -9.000  -9.000  -9.000  -9.000  -9.000
9010  39.092 -68.638 1 15 17  848.2   6.896  35.086 185.100   6.815  35.088 186.500   2.029   1.059   0.113  -9.000 238.475  30.269  62.558
9010  39.092 -68.638 1 14 15 1046.3   5.126  35.024 234.600   5.038  35.024 235.600  -9.000  -9.000  -9.000  -9.000  -9.000  -9.000  -9.000
9010  39.092 -68.638 1 13 13 1201.6   4.611  34.999 249.800   4.513  34.999 249.900   2.178   1.130   0.137  -9.000 225.756  30.902  67.196
9010  39.092 -68.638 1 12 12 1349.4   4.347  34.981 256.800   4.238  34.979 257.900   2.298   1.195   0.143  -9.000 235.370  30.425  63.660
9010  39.092 -68.638 1 11 11 1498.9   4.139  34.974 262.200   4.019  34.974 261.900   2.147   1.096   0.131  -9.000 213.471  31.487  71.853
9010  39.092 -68.638 1 10 10 1650.2   3.915  34.957 265.500   3.783  34.956 266.800   2.112   1.080   0.130  -9.000 207.806  31.756  74.108
9010  39.092 -68.638 1  9  9 1798.7   3.785  34.951 268.300   3.641  34.951 268.700   1.953   0.986   0.117  -9.000 188.384  32.665  82.183
9010  39.092 -68.638 1  8  8 1951.6   3.687  34.948 269.300   3.530  34.948 269.800   1.804   0.916   0.106  -9.000 174.086  33.383  89.057
9010  39.092 -68.638 1  7  7 2096.7   3.576  34.945 270.700   3.407  34.944 270.800   1.681   0.838   0.097  -9.000 158.304  34.228  97.628
9010  39.092 -68.638 1  6  6 2247.5   3.453  34.942 271.400   3.271  34.941 271.800   1.559   0.780   0.087  -9.000 146.365  34.909 104.869
9010  39.092 -68.638 1  5  5 2449.0   3.324  34.943 270.900   3.124  34.942 271.000   1.290   0.633   0.063  -9.000 117.955  36.708 125.371
9010  39.092 -68.638 1  4  4 2648.0   3.223  34.944 269.900   3.005  34.944 269.800   1.105   0.533   0.045  -9.000  98.778  38.112 142.607
9010  39.092 -68.638 1  3  3 2774.8   3.127  34.938 271.000   2.898  34.938 270.800   1.160   0.568   0.051  -9.000 104.710  37.653 136.848
9010  39.092 -68.638 1  2  2 2926.0   2.910  34.928 272.400   2.670  34.928 272.400   1.237   0.604   0.056  -9.000 110.024  37.270 132.143
9010  39.092 -68.638 1  1  1 3087.5   2.380  34.903 273.800   2.134  34.903 274.800   1.440   0.716   0.085  -9.000 126.648  36.140 118.699
9011  38.827 -68.814 1 22 24    4.0  21.985  36.511 216.300  21.990  36.513 223.200   2.248   1.401   0.121  -9.000  -9.000  -9.000  -9.000
9011  38.827 -68.814 1 21 23  151.4  19.318  36.691 211.800  19.295  36.678 217.600   2.266   1.332   0.025  -9.000 538.594   9.447   3.477
9011  38.827 -68.814 1 20 22  306.4  18.329  36.634 223.300  18.280  36.633 225.400   1.771   1.002   0.016  -9.000 388.638  21.624  26.025
9011  38.827 -68.814 1 19 21  446.3  17.239  36.398 188.800  17.168  36.393 188.500   1.066   0.565   0.027  -9.000 208.795  31.709  73.711
9011  38.827 -68.814 1 18 20  597.3  14.308  35.876 143.300  14.222  35.886 145.500   1.269   0.658   0.047  -9.000 212.833  31.517  72.103
9011  38.827 -68.814 1 17 19  745.6   9.690  35.248 140.000   9.604  35.249 138.600   1.946   1.019   0.110  -9.000 264.099  28.938  54.309
9011  38.827 -68.814 1 16 18  874.1   7.121  35.107 183.100   7.036  35.108 181.700  -9.000  -9.000  -9.000  -9.000  -9.000  -9.000  -9.000
9011  38.827 -68.814 1 15 17 1004.5   5.393  35.026 226.900   5.307  35.029 225.500   2.163   1.133   0.129  -9.000 235.943  30.396  63.454
9011  38.827 -68.814 1 14 15 1151.2   4.759  35.003 244.100   4.664  35.005 245.900  -9.000  -9.000  -9.000  -9.000  -9.000  -9.000  -9.000
9011  38.827 -68.814 1 13 13 1299.8   4.383  34.981 255.100   4.278  34.982  -9.000   2.311   1.227   0.142  -9.000 242.135  30.085  61.297
9011  38.827 -68.814 1 12 12 1450.9   4.200  34.973 260.000   4.083  34.974 259.900   2.225   1.141   0.130  -9.000 222.959  31.035  68.227
9011  38.827 -68.814 1 11 11 1601.1   3.989  34.960 264.100   3.861  34.958 264.100   2.177   1.101   0.126  -9.000 212.699  31.523  72.157
9011  38.827 -68.814 1 10 10 1750.1   3.841  34.958 266.200   3.700  34.957 266.900   1.904   0.968   0.106  -9.000 185.520  32.799  83.440
9011  38.827 -68.814 1  9  9 1876.6   3.720  34.951 268.900   3.570  34.951 269.200   1.809   0.923   0.099  -9.000 175.732  33.299  88.233
9011  38.827 -68.814 1  8  8 2001.7   3.642  34.952 269.300   3.480  34.951 269.100   1.649   0.830   0.094  -9.000 157.366  34.281  98.178
9011  38.827 -68.814 1  7  7 2149.9   3.491  34.942 270.900   3.317  34.942 271.700   1.624   0.806   0.090  -9.000 151.557  34.607 101.623
9011  38.827 -68.814 1  6  6 2401.8   3.334  34.945 270.000   3.139  34.945 270.100   1.270   0.616   0.058  -9.000 114.852  36.923 127.940
9011  38.827 -68.814 1  5  5 2649.7   3.110  34.938 271.800   2.893  34.936 271.400   1.239   0.604   0.054  -9.000 111.243  37.183 131.076
9011  38.827 -68.814 1  4  4 2846.3   2.951  34.935 270.400   2.717  34.934 270.400   1.041   0.498   0.042  -9.000  90.924  38.740 150.673
9011  38.827 -68.814 1  3  3 2996.8   2.809  34.928 271.700   2.563  34.930 271.400   1.027   0.500   0.043  -9.000  90.576  38.768 151.035
9011  38.827 -68.814 1  2  2 3124.6   2.648  34.919 272.900   2.393  34.919 273.300   1.146   0.551   0.064  -9.000  98.930  38.100 142.452
9011  38.827 -68.814 1  1  1 3297.4   2.338  34.901 273.300   2.071  34.901 274.400   1.435   0.719   0.088  -9.000 126.883  36.125 118.523
9012  38.561 -67.029 1 22 24    4.3  20.746  36.540 220.900  20.750  36.537 216.800  -9.000  -9.000  -9.000  -9.000  -9.000  -9.000  -9.000
9012  38.561 -67.029 1 21 23  125.5  20.108  36.653 214.500  20.089  36.658 193.000   2.259   1.313   0.032  -9.000  -9.000  -9.000  -9.000
9012  38.561 -67.029 1 20 22  273.8  18.509  36.608 201.700  18.465  36.604 202.500   2.235   1.282   0.064  -9.000 500.865  15.409   9.262
9012  38.561 -67.029 1 19 21  426.7  17.358  36.417 189.000  17.289  36.421 186.400   1.853   1.037   0.045  -9.000 385.244  21.817  26.626
9012  38.561 -67.029 1 18 20  576.3  15.668  36.116 211.800  15.580  36.119 184.800   1.007   0.508   0.032  -9.000 174.928  33.340  88.635
9012  38.561 -67.029 1 17 19  724.0  12.519  35.613 155.200  12.422  35.628 164.300   2.027   1.066   0.107  -9.000 317.030  26.139  40.688
9012  38.561 -67.029 1 16 18  872.5   8.325  35.143 151.500   8.233  35.143 152.200  -9.000  -9.000  -9.000  -9.000  -9.000  -9.000  -9.000
9012  38.561 -67.029 1 15 17 1024.5   5.650  35.017 206.900   5.560  35.015 218.000   2.269   1.186   0.140  -9.000 250.291  29.669  58.601
9012  38.561 -67.029 1 14 15 1174.6   4.887  35.002 239.400   4.789  35.001 241.100  -9.000  -9.000  -9.000  -9.000  -9.000  -9.000  -9.000
9012  38.561 -67.029 1 13 13 1322.6   4.523  34.982 252.700   4.414  34.983 251.200   2.469   1.284   0.162  -9.000 255.280  29.405  56.992
9012  38.561 -67.029 1 12 12 1478.3   4.150  34.954 262.600   4.031  34.954 263.300   2.641   1.390   0.177  -9.000 270.837  28.562  52.273
9012  38.561 -67.029 1 11 11 1626.4   3.972  34.948 266.400   3.842  34.948 266.400   2.571   1.327   0.168  -9.000 256.092  29.362  56.736
9012  38.561 -67.029 1 10 10 1769.6   3.919  34.954 269.100   3.776  34.952 266.200   2.196   1.111   0.134  -9.000 213.811  31.470  71.720
9012  38.561 -67.029 1  9  9 1951.1   3.742  34.945 269.600   3.584  34.942 269.000   2.070   1.039   0.111  -9.000 198.040  32.213  78.080
9012  38.561 -67.029 1  8  8 2151.0   3.607  34.942 271.100   3.432  34.941 269.700   1.848   0.923   0.094  -9.000 174.651  33.354  88.774
9012  38.561 -67.029 1  7  7 2399.9   3.452  34.944 271.200   3.255  34.942 270.000   1.492   0.739   0.071  -9.000 138.668  35.381 110.068
9012  38.561 -67.029 1  6  6 2677.2   3.272  34.944 270.100   3.050  34.944 268.600   1.168   0.561   0.046  -9.000 104.245  37.686 137.263
9012  38.561 -67.029 1  5  5 2875.4   3.095  34.936 271.600   2.856  34.935 270.700   1.216   0.593   0.051  -9.000 109.125  37.335 132.933
9012  38.561 -67.029 1  4  4 3023.9   2.949  34.930 272.100   2.697  34.932 271.400   1.247   0.607   0.056  -9.000 110.808  37.214 131.457
9012  38.561 -67.029 1  3  3 3150.6   2.812  34.923 273.700   2.550  34.922 272.300   1.307   0.642   0.065  -9.000 116.315  36.818 126.679
9012  38.561 -67.029 1  2  2 3301.6   2.664  34.917 274.200   2.390  34.915 273.000   1.294   0.628   0.060  -9.000 112.851  37.067 129.674
9012  38.561 -67.029 1  1  1 3505.0   2.395  34.903 273.400   2.105  34.902 274.200   1.427  -9.000   0.086  -9.000  -9.000  -9.000  -9.000
9013  38.317 -67.134 1 13 13 1601.5   4.091  34.959 260.600   3.961  34.957 262.300   2.446   1.282   0.163  -9.000 249.019  29.736  59.023
9013  38.317 -67.134 1 12 12 1797.5   3.859  34.949 265.400   3.714  34.949 267.600   2.236   1.139   0.141  -9.000 218.481  31.248  69.914
9013  38.317 -67.134 1 11 11 1996.4   3.714  34.947 269.100   3.552  34.946 269.400   1.916   0.957   0.112  -9.000 182.140  32.972  85.074
9013  38.317 -67.134 1 10 10 2197.4   3.547  34.941 270.300   3.368  34.940 269.000   1.785   0.892   0.095  -9.000 168.235  33.681  92.028
9013  38.317 -67.134 1  9  9 2398.8   3.436  34.944 270.600   3.239  34.943 270.400   1.499   0.756   0.079  -9.000 141.736  35.193 107.979
9013  38.317 -67.134 1  8  8 2600.2   3.260  34.937 271.300   3.046  34.937 270.600   1.445   0.716   0.074  -9.000 132.951  35.732 114.017
9013  38.317 -67.134 1  7  7 2798.9   3.091  34.934 271.400   2.860  34.935 266.500   1.337   0.665   0.068  -9.000 122.345  36.421 121.980
9013  38.317 -67.134 1  6  6 2998.4   2.900  34.930 270.700   2.652  34.931 262.200   1.164   0.544   0.060  -9.000  99.041  38.091 142.340
9013  38.317 -67.134 1  5  5 3149.5   2.779  34.923 272.200   2.518  34.922 269.600   1.285   0.631   0.071  -9.000 114.114  36.976 128.578
9013  38.317 -67.134 1  4  4 3301.7   2.624  34.916 273.600   2.350  34.915 266.900   1.310   0.649   0.078  -9.000 116.368  36.814 126.634
9013  38.317 -67.134 1  3  3 3450.5   2.470  34.907 274.300   2.184  34.907 270.300   1.423   0.692   0.090  -9.000 123.018  36.377 121.464
9013  38.317 -67.134 1  2  2 3650.8   2.345  34.900 273.800   2.040  34.899 274.000   1.399   0.692   0.090  -9.000 122.163  36.433 122.120
9013  38.317 -67.134 1  1  1 3846.0   2.218  34.891 269.700   1.896  34.889 268.400   1.252   0.626   0.070  -9.000 109.728  37.292 132.404
9014  38.092 -67.333 1 22 24    2.5  20.942  36.489 221.100  20.947  36.486 221.200   1.988   1.249   0.160  -9.000 538.415   9.509   3.524
9014  38.092 -67.333 1 21 23  101.4  20.047  36.616 227.200  20.033  36.611 216.200   2.081   1.288   0.175  -9.000 536.176  10.175   4.037
9014  38.092 -67.333 1 20 22  300.4  18.286  36.609 219.100  18.237  36.608 212.800   2.286  -9.000   0.103  -9.000  -9.000  -9.000  -9.000
9014  38.092 -67.333 1 19 21  501.9  17.028  36.361 193.600  16.948  36.374 185.600   2.231   1.311   0.039  -9.000 479.962  16.990  12.141
9014  38.092 -67.333 1 18 20  759.4  11.826  35.509 141.800  11.728  35.519 137.600   1.387   0.748   0.027  -9.000 215.183  31.405  71.184
9014  38.092 -67.333 1 17 19  901.8   8.272  35.151 156.200   8.177  35.160 160.100   1.131   0.585   0.036  -9.000 141.277  35.221 108.291
9014  38.092 -67.333 1 16 18 1102.0   5.517  35.023 225.900   5.420  35.022 223.200   1.999   1.050   0.116  -9.000 220.070  31.172  69.311
9014  38.092 -67.333 1 15 17 1249.4   4.869  35.011 244.800   4.764  35.011 242.200   2.186   1.141   0.128  -9.000 231.115  30.639  65.215
9014  38.092 -67.333 1 14 15 1401.1   4.403  34.975 254.600   4.288  34.977 252.600   2.494   1.311   0.161  -9.000 258.972  29.209  55.845
9014  38.092 -67.333 1 13 13 1601.5   4.171  34.977 262.100   4.040  34.976 258.700   2.177   1.111   0.129  -9.000 216.767  31.330  70.571
9014  38.092 -67.333 1 12 12 1850.6   3.854  34.955 266.100   3.704  34.955 264.600   2.045   1.035   0.119  -9.000 198.492  32.192  77.893
9014  38.092 -67.333 1 11 11 2100.4   3.664  34.951 269.800   3.493  34.930 265.300   1.446   0.711   0.073  -9.000 134.962  35.608 112.619
9014  38.092 -67.333 1 10 10 2351.5   3.476  34.944 271.000   3.283  34.942 265.700   1.550   0.771   0.080  -9.000 144.859  35.001 105.875
9014  38.092 -67.333 1  9  9 2600.4   3.325  34.947 270.000   3.110  34.945 259.400   1.226   0.600   0.055  -9.000 111.816  37.141 130.575
9014  38.092 -67.333 1  8  8 2848.4   3.145  34.938 271.000   2.908  34.937 265.200   1.238   0.601   0.056  -9.000 110.901  37.207 131.376
9014  38.092 -67.333 1  7  7 3039.6   2.966  34.933 270.100   2.713  34.933 263.200   1.120   0.551   0.051  -9.000 100.682  37.959 140.684
9014  38.092 -67.333 1  6  6 3201.7   2.797  34.927 270.600   2.530  34.927 268.900   1.066   0.515   0.050  -9.000  93.231  38.556 148.281
9014  38.092 -67.333 1  5  5 3350.3   2.672  34.916 274.300   2.392  34.920 270.900   1.403   0.693   0.077  -9.000 124.583  36.275 120.269
9014  38.092 -67.333 1  4  4 3499.9   2.580  34.913 274.200   2.286  34.913 271.500   1.305   0.639   0.072  -9.000 114.293  36.963 128.422
9014  38.092 -67.333 1  3  3 3700.3   2.440  34.906 273.000   2.128  34.907 274.500   1.207   0.599   0.070  -9.000 106.308  37.538 135.425
9014  38.092 -67.333 1  2  2 3895.9   2.207  34.891 271.300   1.879  34.889 269.900   1.343   0.667   0.089  -9.000 116.843  36.781 126.237
9014  38.092 -67.333 1  1  1 4209.8   2.182  34.884 264.200   1.819  34.887 267.300   0.916   0.453   0.064  -9.000  79.239  39.786 164.601
9015  37.859 -67.496 1 22 24    2.7  22.059  36.468 218.300  22.064  36.471 216.200   2.278   1.375   0.133  -9.000  -9.000  -9.000  -9.000
9015  37.859 -67.496 1 21 23  197.5  18.699  36.569 187.100  18.668  36.567 174.900   1.473   0.804   0.033  -9.000 316.494  26.171  40.823
9015  37.859 -67.496 1 20 22  397.6  17.221  36.499 192.800  17.158  36.500 216.200   1.461   0.761   0.060  -9.000 281.292  27.958  49.174
9015  37.859 -67.496 1 19 21  600.1  11.433  35.459 155.300  11.358  35.465 146.800   2.100   1.106   0.130  -9.000 312.203  26.422  41.921
9015  37.859 -67.496 1 18 20  801.5   6.784  35.072 187.800   6.708  35.074 188.100   2.195   1.153   0.139  -9.000 258.123  29.254  56.106
9015  37.859 -67.496 1 17 19 1001.2   5.133  35.020 237.700   5.049  35.018 235.800   2.341   1.229   0.149  -9.000 252.453  29.554  57.895
9015  37.859 -67.496 1 16 18 1149.5   4.683  35.004 251.200   4.589  35.005 249.700  -9.000  -9.000  -9.000  -9.000  -9.000  -9.000  -9.000
9015  37.859 -67.496 1 15 17 1300.1   4.274  34.974 259.300   4.170  34.973 260.500   2.175   1.115   0.134  -9.000 218.745  31.235  69.813
9015  37.859 -67.496 1 14 15 1501.9   3.988  34.959 265.800   3.869  34.961 265.800  -9.000  -9.000  -9.000  -9.000  -9.000  -9.000  -9.000
9015  37.859 -67.496 1 13 13 1700.9   3.792  34.952 268.800   3.657  34.953 268.800   1.916   0.972   0.115  -9.000 185.783  32.786  83.318
9015  37.859 -67.496 1 12 12 1902.1   3.618  34.944 272.000   3.466  34.944 271.400   1.773   0.843   0.099  -9.000 159.609  34.155  96.865
9015  37.859 -67.496 1 11 11 2052.0   3.505  34.941 273.000   3.341  34.940 272.200   1.655   0.822   0.089  -9.000 154.680  34.432  99.763
9015  37.859 -67.496 1 10 10 2300.4   3.305  34.936 272.600   3.120  -9.000  -9.000  -9.000  -9.000  -9.000  -9.000  -9.000  -9.000  -9.000
9015  37.859 -67.496 1  9  9 2600.5   3.042  34.931 273.500   2.832  34.931  -9.000   1.306   0.643   0.068  -9.000 117.980  36.706 125.352
9015  37.859 -67.496 1  8  8 2900.6   2.813  34.927 272.700   2.578  34.927 272.100   1.005   0.491   0.046  -9.000  88.965  38.910 152.895
9015  37.859 -67.496 1  7  7 3152.7   2.579  34.916 274.400   2.322  34.916 273.000   0.987   0.470   0.055  -9.000  84.064  39.352 158.736
9015  37.859 -67.496 1  6  6 3399.1   2.403  34.905 274.700   2.124  34.905 273.000   0.942   0.460   0.050  -9.000  81.472  39.585 161.872
9015  37.859 -67.496 1  5  5 3599.2   2.309  34.899 273.400   2.011  34.899 272.700   0.975   0.467   0.062  -9.000  82.278  39.513 160.893
9015  37.859 -67.496 1  4  4 3752.0   2.261  34.894 272.400   1.948  34.892 271.300   0.937   0.453   0.061  -9.000  79.595  39.755 164.165
9015  37.859 -67.496 1  3  3 3899.8   2.242  34.891 271.900   1.913  34.891 271.600   0.979   0.472   0.063  -9.000  82.845  39.462 160.208
9015  37.859 -67.496 1  2  2 4098.1   2.223  34.888 270.900   1.872  34.888 270.400   0.936   0.458   0.062  -9.000  80.300  39.691 163.301
9015  37.859 -67.496 1  1  1 4398.4   2.213  34.884 267.300   1.827  34.884 269.000   0.829   0.406   0.059  -9.000  71.141  40.604 175.959
9016  37.622 -67.627 1 21 23   98.4  20.797  36.777 200.600  20.783  36.778 174.600   1.233   0.665   0.013  -9.000 285.806  27.716  47.980
9016  37.622 -67.627 1 20 22  300.8  18.065  36.536 191.100  18.017  36.539 196.100   1.641   0.867   0.079  -9.000 332.252  25.233  37.033
9016  37.622 -67.627 1 19 21  500.7  11.428  35.439 136.400  11.366  35.445 131.100   2.153   1.135   0.132  -9.000 320.251  25.951  39.888
9016  37.622 -67.627 1 18 20  749.4   6.328  35.055 199.700   6.260  35.056 200.400   2.229   1.164   0.138  -9.000 254.520  29.445  57.232
9016  37.622 -67.627 1 17 19  999.0   4.816  35.014 245.000   4.734  35.014 245.400   2.132   1.099   0.133  -9.000 221.995  31.081  68.587
9016  37.622 -67.627 1 16 18 1249.3   4.272  34.981 260.400   4.173  34.981 259.400  -9.000  -9.000  -9.000  -9.000  -9.000  -9.000  -9.000
9016  37.622 -67.627 1 15 17 1400.3   4.072  34.971 263.200   3.961  34.968 263.500  -9.000  -9.000  -9.000  -9.000  -9.000  -9.000  -9.000
9016  37.622 -67.627 1 14 15 1599.8   3.864  34.962 266.700   3.737  34.961 266.500   1.895   0.968   0.108  -9.000 185.756  32.787  83.330
9016  37.622 -67.627 1 13 13 1858.4   3.584  34.946 269.500   3.437  34.948 270.100   1.690   0.851   0.089  -9.000 160.832  34.086  96.155
9016  37.622 -67.627 1 12 12 2101.8   3.486  34.958 270.100   3.317  34.957 267.900   1.244   0.609   0.057  -9.000 114.501  36.948 128.243
9016  37.622 -67.627 1 11 11 2402.0   3.207  34.945 268.400   3.014  34.946 269.200   1.073   0.523   0.047  -9.000  96.843  38.267 144.574
9016  37.622 -67.627 1 10 10 2602.1   3.083  34.951 265.600   2.872  34.950 264.000   0.606   0.287   0.024  -9.000  52.788  42.754 207.488
9016  37.622 -67.627 1  9  9 2899.3   2.765  34.928 270.400   2.530  34.927 270.400   0.899   0.433   0.041  -9.000  78.251  39.886 165.960
9016  37.622 -67.627 1  8  8 3152.5   2.553  34.916 271.900   2.297  34.916 271.300   0.847   0.412   0.036  -9.000  73.584  40.357 172.486
9016  37.622 -67.627 1  7  7 3350.7   2.405  34.907 272.300   2.132  34.907 272.000   0.921   0.451   0.050  -9.000  79.888  39.728 163.805
9016  37.622 -67.627 1  6  6 3548.4   2.314  34.900 271.700   2.022  34.903 271.000   0.851   0.415   0.049  -9.000  73.137  40.402 173.119
9016  37.622 -67.627 1  5  5 3751.3   2.264  34.895 270.900   1.951  34.896 270.200   0.895   0.433   0.053  -9.000  76.096  40.104 168.955
9016  37.622 -67.627 1  4  4 3948.0   2.238  34.892 270.800   1.904  34.891 269.100   0.865   0.418   0.054  -9.000  73.350  40.381 172.818
9016  37.622 -67.627 1  3  3 4151.1   2.224  34.888 268.600   1.867  34.886 268.100   0.850   0.411   0.055  -9.000  72.064  40.511 174.642
9016  37.622 -67.627 1  2  2 4399.1   2.221  34.885 267.000   1.835  34.885 267.200   0.841   0.409   0.057  -9.000  71.698  40.548 175.162
9016  37.622 -67.627 1  1  1 4643.3   2.243  34.884 265.300   1.827  34.884 266.500   0.825   0.396   0.049  -9.000  69.504  40.769 178.304
9017  37.383 -67.797 1 22 24    2.4  22.252  36.542 215.000  22.257  36.539 218.000   1.113   0.585   0.025  -9.000 265.777  28.849  53.819
9017  37.383 -67.797 1 21 23  200.5  12.911  35.434 212.400  12.887  35.433 205.800   1.542   0.800   0.075  -9.000 241.823  30.100  61.403
9017  37.383 -67.797 1 20 22  399.8  10.020  35.287 136.600   9.975  35.292 135.700   2.001   1.053   0.119  -9.000 277.411  28.182  50.303
9017  37.383 -67.797 1 19 21  600.0   6.425  35.062 191.600   6.371  35.063 194.800   2.271   1.186   0.142  -9.000 260.650  29.121  55.336
9017  37.383 -67.797 1 18 20  849.2   4.967  35.025 239.600   4.897  35.025 239.800   2.253   1.175   0.143  -9.000 239.274  30.229  62.279
9017  37.383 -67.797 1 17 19 1100.2   4.343  34.985 259.100   4.256  34.986 257.500   2.073   1.068   0.125  -9.000 210.320  31.637  73.100
9017  37.383 -67.797 1 16 18 1300.6   4.017  34.961 263.100   3.916  34.966 264.500  -9.000  -9.000  -9.000  -9.000  -9.000  -9.000  -9.000
9017  37.383 -67.797 1 15 17 1451.4   3.896  34.958 267.900   3.783  34.957 266.400   1.880   0.952   0.110  -9.000 182.990  32.928  84.661
9017  37.383 -67.797 1 14 15 1651.4   3.716  34.950 269.800   3.586  34.949 269.100  -9.000  -9.000  -9.000  -9.000  -9.000  -9.000  -9.000
9017  37.383 -67.797 1 13 13 1901.6   3.516  34.942 271.900   3.366  34.941 271.900   1.701   0.862   0.092  -9.000 162.305  34.003  95.303
9017  37.383 -67.797 1 12 12 2100.4   3.368  34.940 269.500   3.202  34.939 271.800   1.391   0.695   0.066  -9.000 129.813  35.933 116.315
9017  37.383 -67.797 1 11 11 2351.3   3.214  34.943 270.600   3.026  34.941 270.500   1.195   0.590   0.048  -9.000 109.288  37.323 132.790
9017  37.383 -67.797 1 10 10 2649.7   2.984  34.939 269.800   2.770  34.939 269.300   0.911   0.438   0.034  -9.000  80.118  39.707 163.525
9017  37.383 -67.797 1  9  9 3019.6   2.678  34.921 273.400   2.433  34.921 272.900   1.071   0.523   0.050  -9.000  94.058  38.489 147.428
9017  37.383 -67.797 1  8  8 3239.2   2.534  34.915 273.100   2.269  34.913 272.300   0.950   0.462   0.049  -9.000  82.428  39.499 160.713
9017  37.383 -67.797 1  7  7 3401.8   2.456  34.910 273.200   2.176  34.910 272.400   0.966   0.464   0.053  -9.000  82.425  39.500 160.716
9017  37.383 -67.797 1  6  6 3599.0   2.390  34.905 272.600   2.090  34.905 271.400   0.903   0.431   0.045  -9.000  76.282  40.085 168.695
9017  37.383 -67.797 1  5  5 3798.6   2.329  34.900 271.700   2.009  34.900 270.800   0.875   0.420   0.047  -9.000  74.080  40.307 171.786
9017  37.383 -67.797 1  4  4 3999.2   2.267  34.893 270.300   1.926  34.893 269.200   0.852   0.413   0.052  -9.000  72.591  40.458 173.893
9017  37.383 -67.797 1  3  3 4248.2   2.220  34.887 268.100   1.851  34.886 266.900   0.806   0.393   0.049  -9.000  68.892  40.836 179.252
9017  37.383 -67.797 1  2  2 4498.7   2.201  34.882 266.100   1.804  34.882 265.100   0.759   0.371   0.050  -9.000  64.963  41.277 185.601
9017  37.383 -67.797 1  1  1 4799.8   2.242  34.882 265.300   1.806  34.882 264.900   0.776   0.375   0.048  -9.000  65.813  41.182 184.220
