2007oct
      2007.79
STN   LAT    LON CAST SAMP BTL CTDPRS CTDTMP CTDSAL CTDOXY   THETA   SALNTY  OXYGEN  CFC-11  CFC-12  CFC113  SF6  pCFC-12 CFC12age Mean Age
9001  40.296 -69.790 1 24 24    4.5  17.718  32.323 243.700  17.722  -9.000  -9.000  -9.000  -9.000  -9.000  -9.000  -9.000  -9.000  -9.000
9001  40.296 -69.790 1 23 23    4.3  17.718  32.322 243.700  17.722  -9.000  -9.000  -9.000  -9.000  -9.000  -9.000  -9.000  -9.000  -9.000
9001  40.296 -69.790 1 22 22    4.0  17.718  32.319 243.600  17.722  -9.000  -9.000  -9.000  -9.000  -9.000  -9.000  -9.000  -9.000  -9.000
9001  40.296 -69.790 1 21 21    4.4  17.718  32.323 243.700  17.722  -9.000  -9.000  -9.000  -9.000  -9.000  -9.000  -9.000  -9.000  -9.000
9001  40.296 -69.790 1 20 20    4.3  17.718  32.322 243.700  17.722  -9.000  -9.000  -9.000  -9.000  -9.000  -9.000  -9.000  -9.000  -9.000
9001  40.296 -69.790 1 19 19    4.3  17.718  32.322 243.700  17.722  -9.000  -9.000  -9.000  -9.000  -9.000  -9.000  -9.000  -9.000  -9.000
9001  40.296 -69.790 1 18 18    4.4  17.718  32.323 243.700  17.722  -9.000  -9.000  -9.000  -9.000  -9.000  -9.000  -9.000  -9.000  -9.000
9001  40.296 -69.790 1 17 17    4.3  17.718  32.322 243.700  17.722  -9.000  -9.000  -9.000  -9.000  -9.000  -9.000  -9.000  -9.000  -9.000
9001  40.296 -69.790 1 16 16    4.3  17.718  32.322 243.700  17.722  -9.000  -9.000  -9.000  -9.000  -9.000  -9.000  -9.000  -9.000  -9.000
9001  40.296 -69.790 1 15 15    4.4  17.718  32.323 243.700  17.722  -9.000  -9.000  -9.000  -9.000  -9.000  -9.000  -9.000  -9.000  -9.000
9001  40.296 -69.790 1 14 14    4.3  17.718  32.322 243.700  17.722  -9.000  -9.000  -9.000  -9.000  -9.000  -9.000  -9.000  -9.000  -9.000
9001  40.296 -69.790 1 13 13    4.3  17.718  32.322 243.700  17.722  -9.000  -9.000  -9.000  -9.000  -9.000  -9.000  -9.000  -9.000  -9.000
9001  40.296 -69.790 1 12 12    4.3  17.718  32.322 243.700  17.722  -9.000  -9.000  -9.000  -9.000  -9.000  -9.000  -9.000  -9.000  -9.000
9001  40.296 -69.790 1 11 11    4.3  17.718  32.322 243.700  17.722  -9.000  -9.000  -9.000  -9.000  -9.000  -9.000  -9.000  -9.000  -9.000
9001  40.296 -69.790 1 10 10    4.4  17.718  32.323 243.700  17.722  -9.000  -9.000  -9.000  -9.000  -9.000  -9.000  -9.000  -9.000  -9.000
9001  40.296 -69.790 1  9  9    4.2  17.718  32.321 243.600  17.722  -9.000  -9.000  -9.000  -9.000  -9.000  -9.000  -9.000  -9.000  -9.000
9001  40.296 -69.790 1  8  8    4.3  17.718  32.322 243.700  17.722  -9.000  -9.000  -9.000  -9.000  -9.000  -9.000  -9.000  -9.000  -9.000
9001  40.296 -69.790 1  7  7    4.1  17.718  32.320 243.600  17.722  -9.000  -9.000  -9.000  -9.000  -9.000  -9.000  -9.000  -9.000  -9.000
9001  40.296 -69.790 1  6  6    4.4  17.718  32.323 243.700  17.722  -9.000  -9.000  -9.000  -9.000  -9.000  -9.000  -9.000  -9.000  -9.000
9001  40.296 -69.790 1  5  5    4.5  17.718  32.323 243.700  17.722  32.271  -9.000   2.660   1.546   0.245  -9.000  -9.000  -9.000  -9.000
9001  40.296 -69.790 1  4  4   40.5  10.302  32.758 244.600  10.300  -9.000  -9.000  -9.000  -9.000  -9.000  -9.000  -9.000  -9.000  -9.000
9001  40.296 -69.790 1  3  3   40.5  10.302  32.758 244.600  10.300  32.707  -9.000   3.995   2.235   0.340  -9.000  -9.000  -9.000  -9.000
9001  40.296 -69.790 1  2  2   80.9   8.776  33.168 225.200   8.769  -9.000  -9.000  -9.000  -9.000  -9.000  -9.000  -9.000  -9.000  -9.000
9001  40.296 -69.790 1  1  1   81.0   8.776  33.169 225.000   8.770  33.093  -9.000   4.036   2.335   0.342  -9.000  -9.000  -9.000  -9.000
9002  40.152 -69.879 1  3  3    3.2  17.509  32.311 243.500  17.513  32.265 241.600   2.692   1.574   0.245  -9.000  -9.000  -9.000  -9.000
9002  40.152 -69.879 1  2  2   51.4   9.993  32.678 236.000   9.990  32.615 236.200   3.961   2.191   0.327  -9.000  -9.000  -9.000  -9.000
9002  40.152 -69.879 1  1  1  110.9  10.236  34.472 193.800  10.226  34.389 196.900   3.168   1.824   0.226  -9.000 481.592  18.400  12.796
9003  40.012 -68.007 1  4  4    4.0  17.671  32.539 242.200  17.675  32.489 233.600   2.659   1.573   0.247  -9.000  -9.000  -9.000  -9.000
9003  40.012 -68.007 1  3  3   50.4   9.752  33.360 249.900   9.748  33.295 248.200   3.935   2.161   0.332  -9.000  -9.000  -9.000  -9.000
9003  40.012 -68.007 1  2  2  100.7  11.826  34.932 195.900  11.816  34.824 189.400   2.940   1.666   0.196  -9.000 476.522  18.679  13.507
9003  40.012 -68.007 1  1  1  155.1  10.894  35.214 154.200  10.877  35.185 151.600   2.155   1.267   0.120  -9.000 347.798  25.692  35.821
9004  39.906 -68.073 1  9  9    3.4  17.582  32.357 244.200  17.586  32.311 245.400   2.722   1.581   0.251  -9.000  -9.000  -9.000  -9.000
9004  39.906 -68.073 1  8  8   50.4  10.840  33.837 248.800  10.837  33.743 248.000   3.733   2.037   0.329  -9.000  -9.000  -9.000  -9.000
9004  39.906 -68.073 1  7  7  100.6  11.908  35.050 185.800  11.898  34.978 188.600   2.859   1.630   0.196  -9.000 468.563  19.116  14.691
9004  39.906 -68.073 1  6  6  198.3   9.814  35.208 141.900   9.793  35.156 148.200   1.705   0.911   0.082  -9.000 237.435  31.821  66.679
9004  39.906 -68.073 1  5  5  300.4   7.090  35.033 173.400   7.063  34.987 173.300   1.612   0.830   0.080  -9.000 188.657  34.152  86.747
9004  39.906 -68.073 1  4  4  399.7   5.602  34.931 210.700   5.570  34.876 212.600   2.478   1.294   0.165  -9.000 272.164  29.986  55.159
9004  39.906 -68.073 1  3  3  498.5   5.127  34.930 229.800   5.088  34.874 229.200   2.712   1.428   0.196  -9.000 292.963  28.886  49.014
9004  39.906 -68.073 1  2  2  550.4   5.002  34.930 234.000   4.959  34.875 232.300   2.779   1.464   0.195  -9.000 298.381  28.637  47.698
9004  39.906 -68.073 1  1  1  603.6   4.913  34.931 236.900   4.865  34.872 237.500   2.833   1.550   0.197  -9.000 314.430  27.791  43.564
9005  39.853 -68.105 1 11 11    2.6  18.754  32.839 235.600  18.758  32.785 236.300   2.465   1.486   0.227  -9.000  -9.000  -9.000  -9.000
9005  39.853 -68.105 1 10 10   75.2  13.024  35.091 190.300  13.016  35.047 193.000   2.798   1.597   0.189  -9.000 483.589  18.291  12.525
9005  39.853 -68.105 1  9  9  149.9  12.084  35.461 160.600  12.067  35.412 158.000   2.044   1.138   0.100  -9.000 331.179  26.797  39.526
9005  39.853 -68.105 1  8  8  249.5   8.381  35.093 164.000   8.357  35.044 159.600   1.651   0.891   0.084  -9.000 216.217  32.856  74.699
9005  39.853 -68.105 1  7  7  350.3   5.889  34.927 204.400   5.860  34.874 203.300   2.349   1.255   0.162  -9.000 267.918  30.231  56.589
9005  39.853 -68.105 1  6  6  475.1   5.169  34.930 227.100   5.131  34.878 228.200   2.719   1.448   0.200  -9.000 297.725  28.667  47.855
9005  39.853 -68.105 1  5  5  599.4   4.736  34.933 243.400   4.690  34.878 244.400   2.942   1.560   0.215  -9.000 313.521  27.844  43.807
9005  39.853 -68.105 1  4  4  725.0   4.522  34.936 253.500   4.466  34.883 254.000   3.077   1.625   0.236  -9.000 322.908  27.295  41.434
9005  39.853 -68.105 1  3  3  851.3   4.319  34.944 259.700   4.254  34.890 262.800   2.959   1.584   0.220  -9.000 311.405  27.968  44.382
9005  39.853 -68.105 1  2  2  955.7   4.184  34.945 262.200   4.111  34.892 261.200   2.944   1.499   0.214  -9.000 292.579  28.904  49.108
9005  39.853 -68.105 1  1  1  955.4   4.184  34.945 262.100   4.111  34.894 261.300   2.936   1.562   0.217  -9.000 304.875  28.337  46.173
9006  39.789 -68.158 1 13 13    2.7  20.157  33.634 224.100  20.162  33.586 224.800   2.400   1.435   0.222  -9.000  -9.000  -9.000  -9.000
9006  39.789 -68.158 1 12 12   75.5  11.859  34.845 196.100  11.852  34.753 197.600   3.213   1.802   0.232  -9.000 515.765  15.351   7.557
9006  39.789 -68.158 1 11 11  150.6  11.502  35.398 154.700  11.486  35.359 151.600   2.007   1.119   0.087  -9.000 316.709  27.658  42.967
9006  39.789 -68.158 1 10 10  251.2   8.432  35.113 159.400   8.407  35.063 151.400   1.555   0.803   0.070  -9.000 195.396  33.837  83.656
9006  39.789 -68.158 1  9  9  379.5   5.813  34.931 205.000   5.782  34.877 207.000   2.464   1.320   0.165  -9.000 280.698  29.492  52.343
9006  39.789 -68.158 1  8  8  524.8   5.089  34.940 234.000   5.047  34.887 230.900   2.746   1.460   0.190  -9.000 298.960  28.610  47.559
9006  39.789 -68.158 1  7  7  674.9   4.587  34.943 250.300   4.536  34.883 260.500   3.155   1.709   0.229  -9.000 340.796  26.203  37.468
9006  39.789 -68.158 1  6  6  828.9   4.375  34.941 260.900   4.311  34.887 259.800   3.221   1.684   0.243  -9.000 332.043  26.745  39.338
9006  39.789 -68.158 1  5  5  952.0   4.237  34.943 261.200   4.164  34.886 263.400   3.222   1.682   0.234  -9.000 329.221  26.915  39.960
9006  39.789 -68.158 1  4  4 1078.4   4.169  34.950 264.000   4.086  34.898 262.900   2.900   1.520   0.212  -9.000 296.456  28.725  48.161
9006  39.789 -68.158 1  3  3 1196.3   3.988  34.944 266.200   3.896  34.891 266.200   2.742   1.388   0.196  -9.000 268.084  30.222  56.533
9006  39.789 -68.158 1  2  2 1323.7   3.944  34.944 266.500   3.841  34.891 267.000   2.606   1.317   0.182  -9.000 253.768  30.985  61.144
9006  39.789 -68.158 1  1  1 1386.8   3.908  34.944 266.400   3.800  34.894 267.000   2.543   1.338   0.170  -9.000 257.314  30.797  59.981
9007  39.706 -68.203 1 18 18    2.4  20.551  33.825 223.200  20.556  33.777 221.400   2.191   1.348   0.197  -9.000  -9.000  -9.000  -9.000
9007  39.706 -68.203 1 17 17  100.2  12.415  35.263 181.800  12.405  35.247 183.900   2.601   1.508   0.151  -9.000 444.773  20.254  18.105
9007  39.706 -68.203 1 16 16  227.3   9.987  35.254 139.000   9.963  35.210 141.000   1.529   0.849   0.059  -9.000 223.236  32.522  71.933
9007  39.706 -68.203 1 15 15  352.2   6.796  34.960 178.400   6.765  34.915 179.000   1.927   1.042   0.116  -9.000 233.152  32.036  68.222
9007  39.706 -68.203 1 14 14  476.9   5.393  34.925 219.000   5.354  34.871 216.700   2.556   1.380   0.171  -9.000 287.083  29.157  50.481
9007  39.706 -68.203 1 13 13  601.5   4.874  34.943 242.400   4.827  34.892 239.200   2.814   1.482   0.199  -9.000 300.055  28.559  47.299
9007  39.706 -68.203 1 12 12  751.7   4.500  34.953 254.300   4.442  34.896 254.100   2.944   1.518   0.211  -9.000 301.344  28.500  46.994
9007  39.706 -68.203 1 11 11  877.0   4.325  34.952 259.600   4.257  34.896 260.200   2.946   1.486   0.210  -9.000 292.257  28.919  49.187
9007  39.706 -68.203 1 10 10 1002.2   4.138  34.942 260.800   4.062  34.890 264.500   2.958   1.541   0.209  -9.000 300.031  28.560  47.304
9007  39.706 -68.203 1  9  9 1126.5   4.096  34.953 262.400   4.009  34.899 263.500   2.655   1.343   0.185  -9.000 260.922  30.606  58.819
9007  39.706 -68.203 1  8  8 1250.8   3.930  34.942 266.500   3.834  34.887 263.500   2.617   1.367   0.177  -9.000 263.200  30.486  58.096
9007  39.706 -68.203 1  7  7 1377.7   3.869  34.941 267.500   3.762  34.889 267.600   2.563   1.330   0.175  -9.000 255.233  30.907  60.661
9007  39.706 -68.203 1  6  6 1502.8   3.827  34.943 267.300   3.709  34.892 265.200   2.378   1.195   0.155  -9.000 228.816  32.254  69.845
9007  39.706 -68.203 1  5  5 1628.2   3.784  34.946 267.300   3.656  34.893 267.500   2.156   1.085   0.132  -9.000 207.279  33.281  78.445
9007  39.706 -68.203 1  4  4 1756.4   3.705  34.943 268.400   3.566  34.889 255.600   2.044   1.025   0.121  -9.000 194.979  33.856  83.845
9007  39.706 -68.203 1  3  3 1875.6   3.588  34.941 269.700   3.439  34.889 269.700   1.879   0.930   0.106  -9.000 175.792  34.796  93.318
9007  39.706 -68.203 1  2  2 1971.4   3.486  34.938 270.400   3.329  34.888 261.400   1.763   0.887   0.096  -9.000 166.735  35.258  98.212
9007  39.706 -68.203 1  1  1 2077.0   3.415  34.936 270.100   3.250  34.884 269.600   1.681   0.826   0.089  -9.000 154.669  35.932 105.579
9008  39.479 -68.367 1 21 21    4.0  19.746  33.379 229.400  19.750  33.308 228.100   2.369   1.460   0.222  -9.000  -9.000  -9.000  -9.000
9008  39.479 -68.367 1 20 20   74.2  11.961  34.771 224.200  11.955  34.605 211.200   3.266   1.825   0.235  -9.000 524.457  14.070   6.369
9008  39.479 -68.367 1 19 19  148.9  12.133  35.505 157.600  12.116  35.456 153.000   1.918   1.075   0.073  -9.000 313.700  27.834  43.758
9008  39.479 -68.367 1 18 18  249.1   9.196  35.183 140.800   9.171  35.118 149.600   1.342   0.708   0.060  -9.000 179.014  34.631  91.610
9008  39.479 -68.367 1 17 17  375.0   6.748  35.018 183.400   6.715  34.972 181.600   1.694   0.893   0.096  -9.000 199.441  33.648  81.847
9008  39.479 -68.367 1 16 16  524.5   5.195  34.929 227.800   5.153  34.844 226.100   2.696   1.428   0.182  -9.000 294.012  28.838  48.756
9008  39.479 -68.367 1 15 15  673.9   4.619  34.932 250.100   4.567  34.882 249.500   3.031   1.622   0.214  -9.000 323.965  27.232  41.180
9008  39.479 -68.367 1 14 14  824.8   4.438  34.950 258.400   4.374  34.900 257.300   3.015   1.580   0.211  -9.000 312.609  27.898  44.053
9008  39.479 -68.367 1 13 13  949.6   4.243  34.945 264.000   4.170  34.888 263.700   3.081   1.619   0.232  -9.000 316.996  27.641  42.893
9008  39.479 -68.367 1 12 12 1072.6   4.148  34.953 263.900   4.066  34.898 262.900   2.798   1.448   0.205  -9.000 282.106  29.411  51.887
9008  39.479 -68.367 1 11 11 1198.7   4.046  34.950 265.000   3.953  34.895 265.200   2.691   1.365   0.196  -9.000 264.476  30.418  57.694
9008  39.479 -68.367 1 10 10 1326.2   3.920  34.946 266.600   3.817  34.893 266.100   2.508   1.263   0.166  -9.000 243.060  31.538  64.734
9008  39.479 -68.367 1  9  9 1448.8   3.803  34.942 268.300   3.691  34.891 267.500   2.371   1.199   0.165  -9.000 229.282  32.231  69.668
9008  39.479 -68.367 1  8  8 1575.2   3.729  34.943 268.900   3.606  34.884 268.000   2.181   1.104   0.135  -9.000 210.278  33.139  77.162
9008  39.479 -68.367 1  7  7 1699.4   3.636  34.939 269.600   3.503  34.886 269.400   2.104   1.064   0.129  -9.000 201.637  33.545  80.879
9008  39.479 -68.367 1  6  6 1823.9   3.536  34.935 270.800   3.393  34.897 270.800   1.992   0.999   0.118  -9.000 188.290  34.169  86.919
9008  39.479 -68.367 1  5  5 1947.9   3.447  34.933 271.400   3.294  34.878 271.500   1.842   0.912   0.109  -9.000 171.065  35.037  95.856
9008  39.479 -68.367 1  4  4 2074.0   3.377  34.934 271.400   3.213  34.877 271.700   1.694   0.830   0.093  -9.000 155.095  35.908 105.314
9008  39.479 -68.367 1  3  3 2198.9   3.271  34.935 271.000   3.097  34.881 270.600   1.508   0.743   0.079  -9.000 138.044  36.919 116.787
9008  39.479 -68.367 1  2  2 2299.6   3.207  34.936 270.700   3.024  34.884 270.000   1.380   0.701   0.068  -9.000 129.791  37.434 122.833
9008  39.479 -68.367 1  1  1 2426.0   2.795  34.920 272.900   2.607  34.879 269.500   1.742   0.874   0.102  -9.000 158.194  35.734 103.391
9009  39.344 -68.460 1 21 21    5.1  20.950  34.058 221.100  20.954  34.075 221.700   2.176   1.329   0.208  -9.000  -9.000  -9.000  -9.000
9009  39.344 -68.460 1 20 20   97.0  11.806  35.128 195.100  11.796  35.130 195.300   2.835   1.596   0.173  -9.000 456.972  19.684  16.338
9009  39.344 -68.460 1 19 19  225.5   9.630  35.148 143.300   9.607  35.153 156.300   1.916   1.040   0.089  -9.000 268.484  30.198  56.398
9009  39.344 -68.460 1 18 18  347.1   6.776  34.934 180.700   6.746  34.933 183.200   2.137   1.139   0.130  -9.000 254.530  30.945  60.892
9009  39.344 -68.460 1 17 17  474.5   6.140  35.056 202.200   6.099  35.058 200.700   1.579   0.817   0.066  -9.000 176.926  34.738  92.715
9009  39.344 -68.460 1 16 16  600.2   5.307  35.028 227.100   5.258  35.033 227.200   2.081   1.092   0.116  -9.000 226.387  32.372  70.749
9009  39.344 -68.460 1 15 15  750.0   4.806  35.007 244.800   4.746  35.007 243.400   2.218   1.146   0.135  -9.000 231.348  32.127  68.889
9009  39.344 -68.460 1 14 14  874.4   4.444  34.982 258.400   4.376  34.985 255.100   2.488   1.268   0.162  -9.000 251.040  31.129  62.056
9009  39.344 -68.460 1 13 13  999.1   4.228  34.966 261.700   4.151  34.967 257.500   2.568   1.313   0.167  -9.000 256.934  30.817  60.104
9009  39.344 -68.460 1 12 12 1124.3   4.136  34.968 261.300   4.049  34.968 261.300   2.351   1.200   0.150  -9.000 233.674  32.010  68.030
9009  39.344 -68.460 1 11 11 1249.6   3.977  34.957 265.100   3.880  34.957 265.100   2.336   1.180   0.139  -9.000 227.807  32.304  70.226
9009  39.344 -68.460 1 10 10 1375.7   3.847  34.949 266.700   3.741  34.951 267.400   2.274   1.156   0.139  -9.000 221.601  32.599  72.562
9009  39.344 -68.460 1  9  9 1499.4   3.742  34.947 268.000   3.625  34.946 268.500   2.046   1.046   0.119  -9.000 199.379  33.651  81.874
9009  39.344 -68.460 1  8  8 1624.3   3.647  34.943 269.400   3.521  34.944 270.400   1.954   0.973   0.113  -9.000 184.510  34.351  88.743
9009  39.344 -68.460 1  7  7 1749.7   3.540  34.937 270.800   3.403  34.937 271.800   1.956   0.968   0.105  -9.000 182.493  34.454  89.788
9009  39.344 -68.460 1  6  6 1873.8   3.453  34.936 271.500   3.307  34.937 271.300   1.781   0.908   0.092  -9.000 170.374  35.072  96.230
9009  39.344 -68.460 1  5  5 1998.4   3.345  34.938 271.300   3.188  34.939 272.600   1.555   0.761   0.078  -9.000 141.961  36.679 114.014
9009  39.344 -68.460 1  4  4 2121.9   3.216  34.932 271.700   3.049  34.929 273.200   1.583   0.776   0.083  -9.000 143.738  36.570 112.765
9009  39.344 -68.460 1  3  3 2249.5   3.041  34.930 271.300   2.865  34.933 271.300   1.422   0.697   0.070  -9.000 127.878  37.559 124.321
9009  39.344 -68.460 1  2  2 2372.7   2.860  34.924 272.500   2.675  34.924 272.500   1.400   0.692   0.066  -9.000 125.706  37.701 126.020
9009  39.344 -68.460 1  1  1 2465.3   2.714  34.918 273.800   2.523  34.918 273.600   1.489   0.755   0.076  -9.000 136.045  37.042 118.214
9010  39.092 -68.638 1 23 23    4.4  21.678  34.503 215.100  21.682  34.507 219.900   2.032   1.240   0.179  -9.000 539.871  10.507   0.867
9010  39.092 -68.638 1 22 22  127.5  12.204  35.389 178.800  12.190  35.404 178.200   2.427   1.332   0.128  -9.000 389.526  23.074  27.524
9010  39.092 -68.638 1 21 21  252.7   8.694  35.111 150.100   8.669  35.116 152.300   1.585   0.838   0.077  -9.000 206.569  33.315  78.748
9010  39.092 -68.638 1 20 20  397.0   6.433  34.989 188.100   6.398  34.997 192.300   1.963   1.015   0.116  -9.000 222.993  32.533  72.026
9010  39.092 -68.638 1 19 19  554.2   5.172  34.973 228.500   5.128  34.969 230.800   2.555   1.324   0.167  -9.000 272.392  29.973  55.083
9010  39.092 -68.638 1 18 18  606.2   4.816  34.946 236.000   4.769  34.957 243.100   2.911   1.521   0.206  -9.000 307.023  28.224  45.613
9010  39.092 -68.638 1 17 17  753.0   4.582  34.969 252.900   4.524  34.965 251.000   2.761   1.427   0.189  -9.000 284.567  29.273  51.119
9010  39.092 -68.638 1 16 16  904.4   4.231  34.947 260.300   4.162  34.947 263.200   2.999   1.551   0.211  -9.000 303.497  28.401  46.491
9010  39.092 -68.638 1 15 15 1038.9   4.053  34.943 264.300   3.974  34.943 266.400   2.900   1.480   0.205  -9.000 286.849  29.168  50.539
9010  39.092 -68.638 1 14 14 1192.3   3.974  34.947 267.600   3.882  34.948 266.600   2.669   1.362   0.178  -9.000 262.869  30.503  58.200
9010  39.092 -68.638 1 13 13 1351.0   3.846  34.946 267.700   3.741  34.949 268.200   2.372   1.192   0.151  -9.000 228.481  32.271  69.973
9010  39.092 -68.638 1 12 12 1503.2   3.686  34.939 266.900   3.570  34.939 269.900   2.193   1.086   0.136  -9.000 206.364  33.324  78.836
9010  39.092 -68.638 1 11 11 1648.3   3.567  34.936 269.600   3.439  34.937 270.700   2.034   1.003   0.119  -9.000 189.365  34.119  86.418
9010  39.092 -68.638 1 10 10 1802.7   3.469  34.933 271.300   3.329  34.934 274.100   1.932   0.947   0.113  -9.000 177.842  34.691  92.229
9010  39.092 -68.638 1  9  9 1957.7   3.368  34.934 270.900   3.215  34.936 272.000   1.721   0.854   0.095  -9.000 159.502  35.661 102.584
9010  39.092 -68.638 1  8  8 2145.5   3.240  34.935 271.400   3.072  34.937 271.200   1.469   0.712   0.070  -9.000 132.061  37.286 121.080
9010  39.092 -68.638 1  7  7 2247.2   3.149  34.932 271.200   2.971  34.934 271.200   1.444   0.707   0.065  -9.000 130.482  37.389 122.298
9010  39.092 -68.638 1  6  6 2389.5   3.018  34.930 271.700   2.829  34.930 272.000   1.342   0.643   0.063  -9.000 117.823  38.217 132.277
9010  39.092 -68.638 1  5  5 2544.2   2.897  34.925 272.200   2.695  34.925 272.700   1.371   0.675   0.071  -9.000 122.866  37.887 128.259
9010  39.092 -68.638 1  4  4 2695.6   2.769  34.921 273.200   2.555  34.921 272.900   1.338   0.654   0.061  -9.000 118.206  38.192 131.970
9010  39.092 -68.638 1  3  3 2849.5   2.566  34.910 275.400   2.341  34.890 269.600   1.632   0.813   0.085  -9.000 145.298  36.474 111.673
9010  39.092 -68.638 1  2  2 2950.6   2.420  34.903 276.500   2.188  34.905 276.300   1.686   0.841   0.102  -9.000 149.088  36.246 109.087
9010  39.092 -68.638 1  1  1 3007.6   2.329  34.898 274.700   2.093  34.898 275.300   1.572   0.782   0.097  -9.000 137.927  36.926 116.870
9011  38.827 -68.814 1 23 23    1.7  22.061  34.055 213.500  22.066  34.071 212.200   2.029   1.261   0.181  -9.000  -9.000  -9.000  -9.000
9011  38.827 -68.814 1 22 22  147.3  12.529  35.521 169.900  12.512  35.521 165.500   2.174   1.239   0.108  -9.000 368.308  24.334  31.579
9011  38.827 -68.814 1 21 21  301.0   7.676  35.033 160.800   7.648  35.047 160.500   1.504   0.810   0.069  -9.000 189.642  34.106  86.290
9011  38.827 -68.814 1 20 20  449.4   6.055  35.035 197.100   6.016  35.035 201.000   1.782   0.933   0.098  -9.000 201.115  33.570  81.108
9011  38.827 -68.814 1 19 19  593.3   4.922  34.966 242.000   4.876  34.963 192.400   2.688   1.328   0.189  -9.000 269.624  30.133  56.012
9011  38.827 -68.814 1 18 18  752.3   4.488  34.961 256.100   4.430  34.959 255.100   2.858   1.507   0.207  -9.000 298.997  28.608  47.551
9011  38.827 -68.814 1 17 17  875.9   4.322  34.963 261.800   4.255  34.963 256.200   2.785   1.453   0.192  -9.000 285.754  29.218  50.817
9011  38.827 -68.814 1 16 16 1000.6   4.120  34.949 262.900   4.043  34.947 259.400   2.881   1.486   0.207  -9.000 289.063  29.066  49.982
9011  38.827 -68.814 1 15 15 1148.4   4.028  34.954 265.500   3.939  34.953 264.600   2.546   1.297   0.172  -9.000 251.070  31.128  62.046
9011  38.827 -68.814 1 14 14 1301.1   3.857  34.945 267.800   3.757  34.942 266.600   2.488   1.265   0.166  -9.000 242.614  31.561  64.885
9011  38.827 -68.814 1 13 13 1450.6   3.743  34.942 268.600   3.631  34.939 255.400   2.280   1.159   0.149  -9.000 220.921  32.632  72.826
9011  38.827 -68.814 1 12 12 1596.5   3.634  34.941 269.900   3.510  34.936 258.200   2.008   1.009   0.118  -9.000 191.199  34.033  85.571
9011  38.827 -68.814 1 11 11 1749.1   3.494  34.937 271.000   3.359  34.935 270.700  -9.000  -9.000  -9.000  -9.000  -9.000  -9.000  -9.000
9011  38.827 -68.814 1 10 10 1871.3   3.376  34.933 271.900   3.231  34.934 272.400   1.771   0.864   0.102  -9.000 161.437  35.552 101.395
9011  38.827 -68.814 1  9  9 1997.1   3.341  34.941 271.200   3.184  34.940 270.800   1.431   0.698   0.077  -9.000 130.185  37.409 122.528
9011  38.827 -68.814 1  8  8 2149.1   3.243  34.939 269.900   3.074  34.940 269.200   1.312   0.647   0.065  -9.000 120.028  38.073 130.513
9011  38.827 -68.814 1  7  7 2344.4   3.066  34.932 271.200   2.881  34.935 266.900   1.344   0.661   0.069  -9.000 121.442  37.980 129.387
9011  38.827 -68.814 1  6  6 2547.0   2.893  34.928 272.100   2.691  34.931 270.900   1.251   0.606   0.059  -9.000 110.286  38.751 138.922
9011  38.827 -68.814 1  5  5 2739.4   2.679  34.916 268.600   2.462  34.902 273.800   1.475   0.723   0.082  -9.000 130.027  37.419 122.650
9011  38.827 -68.814 1  4  4 2896.8   2.505  34.907 270.600   2.276  34.903 275.500   1.616   0.793   0.098  -9.000 141.246  36.723 114.517
9011  38.827 -68.814 1  3  3 3047.7   2.324  34.898 270.500   2.083  34.899 275.600   1.612   0.802   0.105  -9.000 141.415  36.712 114.398
9011  38.827 -68.814 1  2  2 3143.7   2.240  34.894 269.700   1.992  34.896 274.900   1.560   0.768   0.099  -9.000 134.787  37.119 119.116
9011  38.827 -68.814 1  1  1 3270.0   2.134  34.886 264.700   1.876  34.884 269.200   1.252   0.619   0.085  -9.000 107.992  38.917 141.005
9012  38.561 -67.029 1 24 24    2.8  21.922  34.189 215.000  21.927  34.168 214.400   2.035   1.250   0.188  -9.000  -9.000  -9.000  -9.000
9012  38.561 -67.029 1 23 23  101.6  14.157  35.779 166.500  14.145  35.371 146.200   1.959   1.078   0.091  -9.000 345.999  25.823  36.237
9012  38.561 -67.029 1 22 22  224.3  10.133  35.269 151.600  10.109  35.075 190.100   1.760   0.927   0.090  -9.000 245.503  31.416  63.915
9012  38.561 -67.029 1 21 21  352.0   6.556  34.927 178.900   6.525  34.948 183.700   2.073   1.021   0.132  -9.000 225.590  32.410  71.045
9012  38.561 -67.029 1 20 20  472.8   5.935  35.042 201.200   5.895  35.043 208.800   1.764   0.934   0.101  -9.000 200.101  33.617  81.554
9012  38.561 -67.029 1 19 19  604.7   5.237  35.025 231.100   5.188  35.022 229.700   2.073   1.092   0.127  -9.000 225.551  32.411  71.059
9012  38.561 -67.029 1 18 18  724.7   4.815  35.007 242.000   4.758  35.004 240.700   2.259   1.183   0.142  -9.000 238.931  31.746  66.153
9012  38.561 -67.029 1 17 17  876.0   4.473  34.993 251.800   4.405  34.997 251.000   2.243   1.193   0.144  -9.000 236.583  31.864  66.982
9012  38.561 -67.029 1 16 16 1024.1   4.194  34.977 258.200   4.115  34.975 259.400   2.239   1.163   0.146  -9.000 227.196  32.333  70.451
9012  38.561 -67.029 1 15 15 1174.5   4.056  34.974 261.200   3.965  34.974 261.700   2.069   1.027   0.137  -9.000 199.142  33.662  81.979
9012  38.561 -67.029 1 14 14 1323.9   3.877  34.963 263.500   3.775  34.962 265.800   1.972   0.991   0.120  -9.000 190.303  34.075  85.984
9012  38.561 -67.029 1 13 13 1473.7   3.708  34.951 267.100   3.595  34.950 267.600   1.849   0.905   0.115  -9.000 172.194  34.979  95.246
9012  38.561 -67.029 1 12 12 1623.7   3.591  34.946 268.600   3.465  34.943 269.300   1.748   0.870   0.101  -9.000 164.484  35.381  99.538
9012  38.561 -67.029 1 11 11 1776.4   3.478  34.945 269.700   3.340  34.942 269.600   1.562   0.773   0.088  -9.000 145.254  36.477 111.704
9012  38.561 -67.029 1 10 10 1949.3   3.375  34.944 269.300   3.222  34.943 269.600   1.397   0.678   0.070  -9.000 126.692  37.637 125.248
9012  38.561 -67.029 1  9  9 2101.1   3.258  34.941 269.000   3.093  34.940 269.300   1.274   0.617   0.062  -9.000 114.560  38.444 135.082
9012  38.561 -67.029 1  8  8 2300.6   3.122  34.941 268.200   2.940  34.940 268.700   1.017   0.497   0.044  -9.000  91.598  40.186 157.607
9012  38.561 -67.029 1  7  7 2501.2   2.908  34.929 270.600   2.710  34.929 270.600   1.152   0.564   0.062  -9.000 102.726  39.296 145.854
9012  38.561 -67.029 1  6  6 2699.5   2.720  34.919 272.800   2.506  34.921 272.900   1.323   0.649   0.068  -9.000 116.986  38.271 132.950
9012  38.561 -67.029 1  5  5 2900.6   2.500  34.908 275.000   2.271  34.907 274.900   1.455   0.721   0.090  -9.000 128.387  37.526 123.925
9012  38.561 -67.029 1  4  4 3046.8   2.375  34.902 275.500   2.134  34.903 275.600   1.483   0.734   0.093  -9.000 129.794  37.434 122.831
9012  38.561 -67.029 1  3  3 3197.3   2.264  34.895 274.500   2.010  34.895 274.600   1.402   0.702   0.089  -9.000 123.370  37.854 127.860
9012  38.561 -67.029 1  2  2 3347.9   2.166  34.888 272.300   1.898  34.890 271.200   1.246   0.627   0.084  -9.000 109.583  38.802 139.558
9012  38.561 -67.029 1  1  1 3501.3   2.127  34.884 267.900   1.844  34.884 269.000   1.080   0.552   0.076  -9.000  96.264  39.813 152.612
9013  38.317 -67.134 1 24 24    3.8  22.066  34.173 212.100  22.070  34.177  -9.000   2.076   1.263   0.182  -9.000  -9.000  -9.000  -9.000
9013  38.317 -67.134 1 23 23  204.1  10.614  35.343 139.300  10.592  35.345  -9.000   1.339   0.703   0.029  -9.000 190.666  34.058  85.817
9013  38.317 -67.134 1 22 22  350.8   7.309  35.039 167.100   7.277  35.038  -9.000   1.568   0.824   0.073  -9.000 189.397  34.117  86.404
9013  38.317 -67.134 1 21 21  507.4   5.655  35.027 213.800   5.613  35.021  -9.000   1.918   0.993   0.102  -9.000 209.636  33.169  77.435
9013  38.317 -67.134 1 20 20  651.1   4.893  35.001 238.400   4.842  34.995  -9.000   2.377   1.240   0.141  -9.000 251.461  31.107  61.914
9013  38.317 -67.134 1 19 19  807.9   4.517  34.992 249.600   4.455  34.991  -9.000   2.370   1.254   0.144  -9.000 249.262  31.223  62.659
9013  38.317 -67.134 1 18 18  952.5   4.293  34.981 256.600   4.220  34.988  -9.000   2.276   1.165   0.128  -9.000 228.803  32.255  69.850
9013  38.317 -67.134 1 17 17 1101.6   4.106  34.974 260.500   4.021  34.972  -9.000   2.139   1.081   0.119  -9.000 210.178  33.143  77.204
9013  38.317 -67.134 1 16 16 1251.9   3.908  34.962 262.600   3.811  34.962  -9.000   2.027   1.013   0.112  -9.000 194.849  33.863  83.904
9013  38.317 -67.134 1 15 15 1408.4   3.787  34.961 265.100   3.678  34.962  -9.000   1.774   0.882   0.092  -9.000 168.549  35.165  97.222
9013  38.317 -67.134 1 14 14 1553.8   3.621  34.948 268.400   3.501  34.946  -9.000   1.773   0.869   0.093  -9.000 164.565  35.376  99.490
9013  38.317 -67.134 1 13 13 1702.4   3.504  34.945 269.200   3.373  34.944  -9.000   1.633   0.795   0.079  -9.000 149.599  36.217 108.763
9013  38.317 -67.134 1 12 12 1852.8   3.416  34.946 268.600   3.271  34.938  -9.000   1.412   0.685   0.064  -9.000 128.287  37.533 124.002
9013  38.317 -67.134 1 11 11 2002.8   3.308  34.945 268.500   3.152  34.944  -9.000   1.223   0.601   0.054  -9.000 111.897  38.635 137.468
9013  38.317 -67.134 1 10 10 2200.6   3.169  34.943 267.900   2.996  34.943  -9.000   1.048   0.521   0.042  -9.000  96.270  39.812 152.606
9013  38.317 -67.134 1  9  9 2400.9   2.971  34.935 268.300   2.782  34.934  -9.000   1.021   0.489   0.043  -9.000  89.379  40.373 160.146
9013  38.317 -67.134 1  8  8 2597.5   2.789  34.925 270.100   2.584  34.926  -9.000   1.115   0.543   0.052  -9.000  98.256  39.654 150.509
9013  38.317 -67.134 1  7  7 2847.9   2.588  34.915 272.900   2.362  34.915  -9.000   1.215   0.594   0.065  -9.000 106.293  39.039 142.557
9013  38.317 -67.134 1  6  6 3046.7   2.427  34.905 274.000   2.185  34.906  -9.000   1.318   0.650   0.072  -9.000 115.275  38.393 134.446
9013  38.317 -67.134 1  5  5 3196.5   2.348  34.901 273.200   2.092  34.899  -9.000   1.216   0.594   0.069  -9.000 104.881  39.140 143.854
9013  38.317 -67.134 1  4  4 3350.0   2.265  34.895 272.900   1.995  34.894  -9.000   1.214   0.599   0.079  -9.000 105.273  39.112 143.495
9013  38.317 -67.134 1  3  3 3498.0   2.209  34.890 272.200   1.924  34.890  -9.000   1.237   0.619   0.075  -9.000 108.445  38.884 140.592
9013  38.317 -67.134 1  2  2 3645.3   2.167  34.886 270.100   1.868  34.887  -9.000   1.140   0.580   0.075  -9.000 101.373  39.404 147.255
9013  38.317 -67.134 1  1  1 3867.3   2.142  34.881 265.900   1.819  34.882  -9.000   0.964   0.485   0.064  -9.000  84.647  40.799 166.032
9014  38.092 -67.333 1 24 24    3.5  25.219  35.219 198.200  25.225  35.221 196.600   1.683   1.081   0.154  -9.000 543.222   8.839  -1.638
9014  38.092 -67.333 1 23 23   96.6  12.815  35.121 189.200  12.805  35.091 193.900   2.872   1.626   0.184  -9.000 487.825  17.990  11.814
9014  38.092 -67.333 1 22 22  299.6   8.861  35.160 143.400   8.831  35.165 140.800   1.202   0.624   0.045  -9.000 155.165  35.904 105.270
9014  38.092 -67.333 1 21 21  499.6   5.992  35.058 209.400   5.950  35.057 207.100   1.681   0.849   0.077  -9.000 182.459  34.455  89.807
9014  38.092 -67.333 1 20 20  698.0   5.036  35.031 240.000   4.980  35.031 261.900   2.069   1.067   0.117  -9.000 218.082  32.767  73.947
9014  38.092 -67.333 1 19 19  897.2   4.476  35.000 252.800   4.405  35.000 252.100   2.201   1.093   0.132  -9.000 216.805  32.828  74.460
9014  38.092 -67.333 1 18 18 1096.9   4.102  34.971 260.500   4.018  34.970 261.600   2.194   1.116   0.138  -9.000 216.929  32.822  74.411
9014  38.092 -67.333 1 17 17 1246.3   3.938  34.962 263.700   3.842  34.960 264.600   2.131   1.088   0.128  -9.000 209.614  33.170  77.444
9014  38.092 -67.333 1 16 16 1396.6   3.787  34.954 266.300   3.679  34.954 266.600   1.974   1.022   0.115  -9.000 195.288  33.842  83.706
9014  38.092 -67.333 1 15 15 1546.8   3.670  34.951 267.800   3.550  34.948 268.300   1.779   0.866   0.093  -9.000 164.438  35.383  99.566
9014  38.092 -67.333 1 14 14 1697.8   3.558  34.948 268.400   3.426  34.955 241.400   1.633   0.789   0.078  -9.000 148.908  36.256 109.200
9014  38.092 -67.333 1 13 13 1849.8   3.446  34.945 268.800   3.301  34.943 270.200   1.522   0.740   0.071  -9.000 138.811  36.872 116.242
9014  38.092 -67.333 1 12 12 2050.3   3.318  34.948 267.400   3.157  34.949 267.400   1.167   0.557   0.051  -9.000 103.764  39.221 144.886
9014  38.092 -67.333 1 11 11 2249.3   3.163  34.943 267.700   2.985  34.942 268.000   1.031   0.494   0.042  -9.000  91.250  40.214 157.984
9014  38.092 -67.333 1 10 10 2500.9   2.940  34.935 268.500   2.742  34.933 268.500   0.948   0.469   0.035  -9.000  85.579  40.715 164.863
9014  38.092 -67.333 1  9  9 2749.9   2.710  34.924 270.300   2.491  34.922 270.400   0.911   0.437   0.036  -9.000  78.732  41.337 173.631
9014  38.092 -67.333 1  8  8 2949.2   2.503  34.911 272.000   2.269  34.910 273.000   1.070   0.519   0.050  -9.000  92.436  40.119 156.702
9014  38.092 -67.333 1  7  7 3100.2   2.400  34.905 271.900   2.153  34.905 272.300   1.049   0.507   0.056  -9.000  89.782  40.337 159.651
9014  38.092 -67.333 1  6  6 3250.2   2.306  34.899 271.500   2.046  34.897 269.700   0.986   0.468   0.052  -9.000  82.440  40.998 168.819
9014  38.092 -67.333 1  5  5 3399.6   2.254  34.895 270.600   1.979  34.894 268.800   0.898   0.431   0.049  -9.000  75.702  41.643 178.036
9014  38.092 -67.333 1  4  4 3547.9   2.219  34.891 269.400   1.929  34.891 268.000   0.845   0.400   0.046  -9.000  70.118  42.207 186.314
9014  38.092 -67.333 1  3  3 3700.0   2.191  34.887 268.900   1.886  34.886 270.000   0.910   0.447   0.053  -9.000  78.232  41.388 174.354
9014  38.092 -67.333 1  2  2 3896.9   2.175  34.884 267.100   1.848  34.883 266.300   0.832   0.403   0.047  -9.000  70.467  42.172 185.792
9014  38.092 -67.333 1  1  1 4137.1   2.159  34.879 263.800   1.806  34.879 266.000   0.766   0.401   0.045  -9.000  70.051  42.214 186.415
9015  37.859 -67.496 1 24 24    2.3  27.461  36.215 198.900  27.467  36.216 142.600   1.534   0.974   0.130  -9.000 536.747  11.521   2.925
9015  37.859 -67.496 1 23 23  201.3  13.332  35.558 148.100  13.307  35.593 145.000   2.372   1.332   0.104  -9.000 410.968  21.928  23.690
9015  37.859 -67.496 1 22 22  402.0   8.493  35.157 156.300   8.453  35.157 110.200   1.084   0.562   0.036  -9.000 137.228  36.969 117.370
9015  37.859 -67.496 1 21 21  598.7   5.427  34.994 223.400   5.378  34.998 215.800   2.196   1.144   0.134  -9.000 238.578  31.764  66.277
9015  37.859 -67.496 1 20 20  801.6   4.696  34.982 249.500   4.633  34.966 220.200   2.742   1.422   0.176  -9.000 285.328  29.238  50.925
9015  37.859 -67.496 1 19 19 1002.4   4.485  34.999 253.900   4.405  34.998 253.100   2.206   1.093   0.127  -9.000 216.906  32.823  74.420
9015  37.859 -67.496 1 18 18 1201.1   4.118  34.974 262.100   4.024  34.972 222.500   2.153   1.074   0.123  -9.000 208.950  33.202  77.727
9015  37.859 -67.496 1 17 17 1351.3   3.947  34.964 265.700   3.841  34.963 264.000   2.011   1.002   0.113  -9.000 193.143  33.942  84.680
9015  37.859 -67.496 1 16 16 1501.8   3.763  34.952 266.800   3.647  34.952 257.800   1.948   0.959   0.110  -9.000 183.012  34.427  89.520
9015  37.859 -67.496 1 15 15 1653.7   3.704  34.957 270.200   3.574  34.955 265.500   1.695   0.824   0.087  -9.000 156.760  35.815 104.277
9015  37.859 -67.496 1 14 14 1851.5   3.521  34.947 271.100   3.375  34.949 267.500   1.579   0.776   0.080  -9.000 146.159  36.421 111.072
9015  37.859 -67.496 1 13 13 2052.6   3.371  34.944 270.300   3.209  34.946 269.500   1.348   0.660   0.061  -9.000 123.301  37.859 127.913
9015  37.859 -67.496 1 12 12 2302.1   3.199  34.943 270.300   3.015  34.941 265.700   1.080   0.519   0.046  -9.000  96.057  39.829 152.831
9015  37.859 -67.496 1 11 11 2550.8   2.983  34.936 270.100   2.779  34.934 269.200   0.980   0.485   0.041  -9.000  88.708  40.433 160.974
9015  37.859 -67.496 1 10 10 2802.1   2.738  34.922 273.300   2.514  34.922 239.400   1.144   0.548   0.051  -9.000  98.880  39.604 149.854
9015  37.859 -67.496 1  9  9 3002.3   2.589  34.916 274.800   2.347  34.918 270.300   0.926   0.442   0.043  -9.000  79.099  41.300 173.102
9015  37.859 -67.496 1  8  8 3155.1   2.476  34.910 273.900   2.221  34.910 270.300   0.846   0.401   0.043  -9.000  71.312  42.087 184.527
9015  37.859 -67.496 1  7  7 3304.9   2.389  34.904 274.200   2.120  34.905 259.600   0.928   0.449   0.043  -9.000  79.460  41.267 172.622
9015  37.859 -67.496 1  6  6 3455.1   2.323  34.899 273.500   2.040  34.903 272.600   1.017   0.486   0.054  -9.000  85.692  40.705 164.722
9015  37.859 -67.496 1  5  5 3655.9   2.266  34.894 272.300   1.963  34.888 271.700   0.976   0.472   0.045  -9.000  82.957  40.952 168.163
9015  37.859 -67.496 1  4  4 3804.0   2.237  34.890 272.700   1.918  34.891 270.100   0.952   0.452   0.051  -9.000  79.311  41.280 172.813
9015  37.859 -67.496 1  3  3 4003.5   2.212  34.886 270.700   1.872  34.886 269.300   0.984   0.476   0.057  -9.000  83.404  40.911 167.598
9015  37.859 -67.496 1  2  2 4254.3   2.208  34.883 268.700   1.839  34.881 267.900   0.873   0.420   0.051  -9.000  73.572  41.859 181.170
9015  37.859 -67.496 1  1  1 4464.2   2.191  34.879 265.500   1.798  34.879 265.200   0.886   0.427   0.053  -9.000  74.726  41.742 179.471
9016  37.622 -67.627 1 24 24    3.3  27.657  36.266 199.600  27.663  36.264 173.600   1.507   0.999   0.128  -9.000  -9.000  -9.000  -9.000
9016  37.622 -67.627 1 23 23  101.7  21.618  36.638 157.700  21.603  36.635 110.300   1.928   1.225   0.072  -9.000 543.298   8.792  -1.654
9016  37.622 -67.627 1 22 22  296.0  17.559  36.433 165.800  17.513  36.432 125.800   2.210   1.319   0.018  -9.000 494.283  17.532  10.823
9016  37.622 -67.627 1 21 21  500.7  11.515  35.448 134.400  11.453  35.449 114.300   1.318   0.718   0.017  -9.000 203.437  33.461  80.094
9016  37.622 -67.627 1 20 20  752.2   5.883  35.037 210.400   5.817  35.038 155.900   1.762   0.928   0.095  -9.000 198.270  33.703  82.367
9016  37.622 -67.627 1 19 19  951.5   4.796  35.002 241.700   4.719  35.008 236.200   2.238   1.163   0.134  -9.000 234.645  31.961  67.678
9016  37.622 -67.627 1 18 18 1151.0   4.272  34.960 261.800   4.181  34.960 229.600   2.726   1.434   0.187  -9.000 281.252  29.460  52.163
9016  37.622 -67.627 1 17 17 1349.9   4.085  34.958 260.600   3.979  34.957 248.000   2.467   1.245   0.168  -9.000 241.750  31.604  65.179
9016  37.622 -67.627 1 16 16 1501.0   3.996  34.966 266.300   3.876  34.968 263.500   1.993   0.977   0.126  -9.000 188.823  34.144  86.671
9016  37.622 -67.627 1 15 15 1651.2   3.807  34.952 269.000   3.677  34.950 266.500   2.024   0.987   0.126  -9.000 188.805  34.145  86.678
9016  37.622 -67.627 1 14 14 1801.1   3.672  34.945 270.700   3.529  34.944 269.800   1.876   0.912   0.110  -9.000 173.178  34.929  94.717
9016  37.622 -67.627 1 13 13 2002.3   3.515  34.940 272.000   3.356  34.940 268.000   1.717   0.837   0.090  -9.000 157.587  35.768 103.766
9016  37.622 -67.627 1 12 12 2251.9   3.334  34.938 272.800   3.153  34.937 270.800   1.485   0.733   0.074  -9.000 136.656  37.004 117.777
9016  37.622 -67.627 1 11 11 2499.9   3.152  34.937 270.900   2.950  34.938 271.000   1.222   0.598   0.056  -9.000 110.389  38.744 138.828
9016  37.622 -67.627 1 10 10 2751.2   2.927  34.930 271.200   2.704  34.939 238.900   1.091   0.543   0.053  -9.000  99.006  39.594 149.723
9016  37.622 -67.627 1  9  9 2950.6   2.750  34.924 272.000   2.510  34.922 271.600   0.972   0.472   0.048  -9.000  85.226  40.747 165.306
9016  37.622 -67.627 1  8  8 3101.7   2.597  34.916 273.600   2.345  34.918 272.100   0.959   0.459   0.050  -9.000  82.177  41.022 169.153
9016  37.622 -67.627 1  7  7 3301.8   2.431  34.906 273.600   2.162  34.906 272.600   0.966   0.468   0.064  -9.000  83.018  40.946 168.086
9016  37.622 -67.627 1  6  6 3502.7   2.373  34.901 272.600   2.084  34.902 258.000   0.949   0.456   0.064  -9.000  80.626  41.161 171.127
9016  37.622 -67.627 1  5  5 3703.1   2.329  34.897 272.300   2.019  34.897 272.600   0.961   0.467   0.065  -9.000  82.367  41.005 168.910
9016  37.622 -67.627 1  4  4 3900.7   2.274  34.892 271.300   1.943  34.891 271.000   0.986   0.472   0.062  -9.000  82.991  40.948 168.120
9016  37.622 -67.627 1  3  3 4102.7   2.244  34.888 269.300   1.892  34.889 175.300   0.797   0.378   0.053  -9.000  66.351  42.621 192.522
9016  37.622 -67.627 1  2  2 4349.9   2.227  34.884 268.000   1.847  34.881 266.800   0.739   0.351   0.048  -9.000  61.551  43.161 200.773
9016  37.622 -67.627 1  1  1 4681.0   2.227  34.879 263.600   1.807  34.877 264.500   0.708   0.344   0.053  -9.000  60.320  43.300 202.930
9017  37.383 -67.797 1 24 24    5.3  26.592  36.293 203.000  26.597  36.292 197.300   1.589   1.016   0.134  -9.000 542.871   9.058  -1.499
9017  37.383 -67.797 1 23 23  200.6  19.325  36.669 190.800  19.293  36.665 191.200   2.144   1.309   0.071  -9.000 529.328  13.204   5.546
9017  37.383 -67.797 1 22 22  399.6  17.855  36.510 193.100  17.790  36.509 192.700  -9.000  -9.000  -9.000  -9.000  -9.000  -9.000  -9.000
9017  37.383 -67.797 1 21 21  601.3  14.233  35.865 148.600  14.146  35.861 143.300   1.846   1.010   0.018  -9.000 325.559  27.136  40.801
9017  37.383 -67.797 1 20 20  848.6   7.630  35.132 175.300   7.544  35.132 169.100   1.095   0.531   0.030  -9.000 124.159  37.802 127.237
9017  37.383 -67.797 1 19 19 1099.3   4.894  35.001 241.800   4.803  35.002 242.700   2.305   1.200   0.131  -9.000 243.361  31.523  64.632
9017  37.383 -67.797 1 18 18 1297.9   4.279  34.959 260.500   4.175  34.971 261.000   2.771   1.409   0.178  -9.000 276.450  29.738  53.735
9017  37.383 -67.797 1 17 17 1448.1   4.187  34.966 262.300   4.070  34.961 262.000   2.405   1.208   0.142  -9.000 235.869  31.900  67.237
9017  37.383 -67.797 1 16 16 1598.4   3.959  34.945 268.000   3.831  34.948 268.000   2.584   1.264   0.158  -9.000 243.756  31.503  64.499
9017  37.383 -67.797 1 15 15 1747.9   3.854  34.949 268.500   3.714  34.946 268.400   2.193   1.090   0.120  -9.000 209.027  33.198  77.694
9017  37.383 -67.797 1 14 14 1949.0   3.791  34.962 269.000   3.632  34.956 266.600   1.610   0.764   0.079  -9.000 146.035  36.429 111.158
9017  37.383 -67.797 1 13 13 2149.1   3.556  34.945 270.100   3.381  34.941 270.300   1.602   0.772   0.075  -9.000 145.677  36.451 111.408
9017  37.383 -67.797 1 12 12 2401.9   3.370  34.943 270.800   3.173  34.938 270.300   1.317   0.651   0.054  -9.000 121.613  37.969 129.251
9017  37.383 -67.797 1 11 11 2651.7   3.135  34.935 270.900   2.918  34.931 269.500   1.275   0.613   0.055  -9.000 113.051  38.553 136.433
9017  37.383 -67.797 1 10 10 2852.9   3.016  34.935 270.700   2.781  34.932 268.800   0.991   0.469   0.042  -9.000  85.934  40.683 164.421
9017  37.383 -67.797 1  9  9 3053.1   2.832  34.927 271.500   2.580  34.924 270.600   0.977   0.475   0.046  -9.000  86.156  40.663 164.141
9017  37.383 -67.797 1  8  8 3201.9   2.685  34.919 272.800   2.421  34.916 271.900   0.975   0.478   0.045  -9.000  85.997  40.678 164.341
9017  37.383 -67.797 1  7  7 3403.1   2.501  34.909 276.100   2.219  34.907 272.200   1.083   0.528   0.057  -9.000  94.026  39.992 154.995
9017  37.383 -67.797 1  6  6 3601.5   2.388  34.902 274.400   2.088  34.900 273.800   1.051   0.514   0.055  -9.000  90.959  40.237 158.300
9017  37.383 -67.797 1  5  5 3802.1   2.309  34.895 273.200   1.989  34.892 271.800   0.999   0.498   0.056  -9.000  87.736  40.521 162.176
9017  37.383 -67.797 1  4  4 4002.8   2.269  34.891 271.900   1.927  34.894 270.400   0.918   0.452   0.050  -9.000  79.452  41.267 172.632
9017  37.383 -67.797 1  3  3 4250.4   2.245  34.887 270.100   1.875  34.883 268.800   0.856   0.426   0.048  -9.000  74.780  41.737 179.391
9017  37.383 -67.797 1  2  2 4504.0   2.238  34.883 267.200   1.839  34.880 267.200   0.698   0.353   0.041  -9.000  61.938  43.117 200.100
9017  37.383 -67.797 1  1  1 4823.1   2.237  34.878 262.600   1.799  34.881 262.400   0.642   0.334   0.036  -9.000  58.599  43.518 206.318
9018  37.138 -67.943 1 24 24    3.6  26.323  36.315 203.700  26.329  36.314 200.100   1.618   1.052   0.130  -9.000  -9.000  -9.000  -9.000
9018  37.138 -67.943 1 23 23   99.1  21.539  36.759 205.800  21.525  36.758 179.000   1.964   1.233   0.091  -9.000 545.780   7.357   1.118
9018  37.138 -67.943 1 22 22  299.1  18.234  36.574 196.800  18.186  36.577 198.000   2.245   1.363   0.030  -9.000 526.250  13.755   6.089
9018  37.138 -67.943 1 21 21  498.0  16.669  36.290 175.700  16.591  36.296 176.200   2.211   1.297   0.029  -9.000 467.248  19.188  14.894
9018  37.138 -67.943 1 20 20  698.9  12.715  35.646 156.300  12.621  35.662 154.500   1.777   0.984   0.024  -9.000 295.392  28.774  48.419
9018  37.138 -67.943 1 19 19  900.7   8.448  35.176 152.300   8.351  35.178 155.800   1.011   0.528   0.022  -9.000 128.662  37.508 123.710
9018  37.138 -67.943 1 18 18 1098.9   5.472  35.036 213.900   5.376  35.036 225.500   1.917   1.010   0.105  -9.000 211.219  33.094  76.765
9018  37.138 -67.943 1 17 17 1298.8   4.589  34.970 250.200   4.482  34.970 252.100   2.686   1.418   0.170  -9.000 282.881  29.366  51.636
9018  37.138 -67.943 1 16 16 1499.7   4.442  34.995 254.400   4.318  34.994 254.300   2.103   1.081   0.125  -9.000 214.029  32.960  75.594
9018  37.138 -67.943 1 15 15 1724.3   4.128  34.978 262.700   3.986  34.974 262.000   1.993   1.015   0.119  -9.000 197.587  33.735  82.672
9018  37.138 -67.943 1 14 14 1949.7   3.866  34.959 265.200   3.706  34.957 267.600   1.870   0.949   0.108  -9.000 182.126  34.472  89.980
9018  37.138 -67.943 1 13 13 2176.0   3.671  34.953 270.400   3.492  34.950 268.300   1.620   0.776   0.086  -9.000 147.358  36.348 110.239
9018  37.138 -67.943 1 12 12 2398.2   3.523  34.950 269.700   3.324  34.950 269.000   1.374   0.665   0.068  -9.000 125.270  37.730 126.362
9018  37.138 -67.943 1 11 11 2625.5   3.327  34.943 270.900   3.109  34.942 270.600   1.211   0.594   0.053  -9.000 110.706  38.721 138.543
9018  37.138 -67.943 1 10 10 2849.2   3.123  34.935 271.100   2.886  34.937 271.500   1.161   0.584   0.049  -9.000 107.634  38.942 141.331
9018  37.138 -67.943 1  9  9 3075.0   2.916  34.930 271.300   2.660  34.925 270.500   1.013   0.489   0.042  -9.000  89.106  40.398 160.483
9018  37.138 -67.943 1  8  8 3298.6   2.676  34.918 273.500   2.401  34.917 273.300   1.078   0.514   0.052  -9.000  92.427  40.120 156.712
9018  37.138 -67.943 1  7  7 3525.0   2.528  34.908 275.200   2.233  34.907 275.400   1.276   0.630   0.073  -9.000 112.355  38.603 137.057
9018  37.138 -67.943 1  6  6 3750.0   2.459  34.904 273.700   2.141  34.902 273.900   1.093   0.535   0.063  -9.000  95.047  39.910 153.904
9018  37.138 -67.943 1  5  5 3976.4   2.354  34.897 272.300   2.013  34.895 272.000   0.939   0.461   0.062  -9.000  81.421  41.090 170.114
9018  37.138 -67.943 1  4  4 4200.2   2.292  34.891 270.800   1.927  34.886 273.500   0.898   0.439   0.049  -9.000  77.265  41.485 175.757
9018  37.138 -67.943 1  3  3 4424.6   2.273  34.887 269.100   1.882  34.887 269.000   0.849   0.416   0.050  -9.000  73.138  41.902 181.812
9018  37.138 -67.943 1  2  2 4649.8   2.266  34.883 267.800   1.848  34.883 267.900   0.796   0.393   0.049  -9.000  69.064  42.317 187.939
9018  37.138 -67.943 1  1  1 4987.7   2.256  34.877 262.100   1.797  34.877 263.600   0.657   0.329   0.039  -9.000  57.782  43.621 207.932
9019  36.895 -66.090 1 24 24    1.7  26.101  36.424 203.900  26.107  36.422 201.100   1.641   1.073   0.142  -9.000  -9.000  -9.000  -9.000
9019  36.895 -66.090 1 23 23  198.0  18.629  36.630 204.100  18.599  36.629 203.600   2.212   1.349   0.079  -9.000 529.806  13.109   5.441
9019  36.895 -66.090 1 22 22  399.8  18.034  36.569 207.900  17.969  36.569 208.400   2.323   1.359   0.067  -9.000 520.286  14.719   6.936
9019  36.895 -66.090 1 21 21  599.9  16.138  36.198 175.900  16.044  36.205 176.500   2.226   1.267   0.039  -9.000 445.683  20.211  17.969
9019  36.895 -66.090 1 20 20  798.9  11.944  35.535 149.500  11.840  35.543 144.000   1.568   0.840   0.030  -9.000 243.047  31.539  64.738
9019  36.895 -66.090 1 19 19  999.4   7.696  35.129 167.500   7.594  35.126 166.900   1.263   0.653   0.047  -9.000 153.188  36.015 106.504
9019  36.895 -66.090 1 18 18 1200.1   5.071  34.991 230.900   4.969  34.991 233.100   2.397   1.246   0.162  -9.000 255.034  30.918  60.726
9019  36.895 -66.090 1 17 17 1400.6   4.643  35.001 248.900   4.526  35.000 250.500   2.196   1.100   0.134  -9.000 220.140  32.669  73.132
9019  36.895 -66.090 1 16 16 1599.0   4.157  34.953 263.800   4.027  34.956 252.100   2.734   1.393   0.177  -9.000 271.519  30.023  55.376
9019  36.895 -66.090 1 15 15 1824.2   3.967  34.951 266.900   3.818  34.949 261.300   2.369   1.193   0.158  -9.000 230.179  32.186  69.328
9019  36.895 -66.090 1 14 14 2049.1   3.786  34.946 269.800   3.618  34.946 270.500   2.092   1.036   0.123  -9.000 197.939  33.718  82.515
9019  36.895 -66.090 1 13 13 2275.2   3.579  34.938 271.700   3.391  34.937 272.800   1.883   0.916   0.098  -9.000 173.054  34.935  94.783
9019  36.895 -66.090 1 12 12 2499.9   3.451  34.941 272.000   3.243  34.940 271.800   1.507   0.741   0.084  -9.000 139.030  36.859 116.087
9019  36.895 -66.090 1 11 11 2725.0   3.304  34.941 271.400   3.076  34.941 265.100   1.247   0.603   0.064  -9.000 112.240  38.611 137.161
9019  36.895 -66.090 1 10 10 2950.0   3.131  34.936 270.700   2.883  34.935 252.000   1.157   0.550   0.054  -9.000 101.412  39.401 147.215
9019  36.895 -66.090 1  9  9 3174.6   2.952  34.930 271.800   2.684  34.930 271.100   1.066   0.504   0.052  -9.000  92.020  40.152 157.152
9019  36.895 -66.090 1  8  8 3399.1   2.741  34.921 272.600   2.454  34.920 270.700   1.001   0.478   0.051  -9.000  86.263  40.654 164.008
9019  36.895 -66.090 1  7  7 3624.6   2.551  34.910 273.400   2.245  34.911 266.100   1.017   0.482   0.051  -9.000  86.072  40.671 164.248
9019  36.895 -66.090 1  6  6 3851.7   2.420  34.902 272.500   2.091  34.902 271.600   0.927   0.441   0.058  -9.000  78.177  41.393 174.433
9019  36.895 -66.090 1  5  5 4074.8   2.337  34.895 271.700   1.985  34.896 271.500   0.910   0.440   0.058  -9.000  77.638  41.448 175.216
9019  36.895 -66.090 1  4  4 4300.3   2.299  34.890 270.700   1.922  34.892 270.100   0.893   0.433   0.058  -9.000  76.239  41.589 177.252
9019  36.895 -66.090 1  3  3 4523.0   2.277  34.886 269.100   1.874  34.886 224.400   0.860   0.418   0.054  -9.000  73.505  41.865 181.270
9019  36.895 -66.090 1  2  2 4751.0   2.267  34.882 266.900   1.837  34.884 264.300   0.792   0.386   0.049  -9.000  67.837  42.454 190.003
9019  36.895 -66.090 1  1  1 5016.5   2.266  34.878 262.800   1.803  34.879 264.600   0.701   0.352   0.046  -9.000  61.856  43.126 200.243
9020  36.621 -66.208 1 24 24    2.5  26.136  36.366 204.700  26.142  36.362 203.300   1.643   1.062   0.138  -9.000  -9.000  -9.000  -9.000
9020  36.621 -66.208 1 23 23  100.0  21.734  36.690 208.700  21.719  36.684 217.400   2.021   1.260   0.147  -9.000  -9.000  -9.000  -9.000
9020  36.621 -66.208 1 22 22  300.9  18.309  36.603 208.300  18.261  36.602 208.700   2.246   1.365   0.068  -9.000 528.830  13.302   5.650
9020  36.621 -66.208 1 21 21  501.5  17.764  36.521 200.600  17.681  36.521 207.700   2.280   1.380   0.084  -9.000 522.110  14.450   6.698
9020  36.621 -66.208 1 20 20  700.6  14.837  35.971 170.300  14.733  35.975 168.400   2.121   1.197   0.030  -9.000 396.791  22.663  26.168
9020  36.621 -66.208 1 19 19  899.8  10.504  35.359 145.900  10.394  35.361 145.000   1.316   0.701   0.023  -9.000 189.156  34.129  86.515
9020  36.621 -66.208 1 18 18 1099.5   6.782  35.084 191.300   6.676  35.085 189.200   1.485   0.791   0.059  -9.000 177.087  34.729  92.630
9020  36.621 -66.208 1 17 17 1300.1   5.054  35.010 239.200   4.943  35.004 237.400   2.204   1.147   0.125  -9.000 234.608  31.963  67.691
9020  36.621 -66.208 1 16 16 1498.5   4.555  34.998 254.200   4.430  34.995 252.900   2.212   1.144   0.130  -9.000 227.871  32.301  70.203
9020  36.621 -66.208 1 15 15 1726.7   4.139  34.970 262.600   3.997  34.969 262.800   2.228   1.120   0.134  -9.000 218.136  32.765  73.926
9020  36.621 -66.208 1 14 14 1949.3   3.903  34.959 266.400   3.743  34.961 266.700   1.951   0.977   0.111  -9.000 187.870  34.189  87.114
9020  36.621 -66.208 1 13 13 2175.2   3.680  34.946 270.100   3.502  34.946 270.400   1.822   0.902   0.096  -9.000 171.354  35.022  95.699
9020  36.621 -66.208 1 12 12 2400.6   3.542  34.946 271.200   3.343  34.944 270.700   1.496   0.743   0.080  -9.000 140.102  36.793 115.326
9020  36.621 -66.208 1 11 11 2625.2   3.400  34.946 270.000   3.181  34.930 270.200   1.246   0.607   0.056  -9.000 113.582  38.514 135.957
9020  36.621 -66.208 1 10 10 2850.4   3.233  34.943 269.700   2.994  34.940 269.700   1.066   0.534   0.042  -9.000  99.016  39.593 149.712
9020  36.621 -66.208 1  9  9 3075.5   3.043  34.936 270.000   2.784  34.935 270.700   0.950   0.463   0.044  -9.000  84.962  40.771 165.637
9020  36.621 -66.208 1  8  8 3301.2   2.807  34.923 272.800   2.529  34.923 271.800   1.130   0.548   0.055  -9.000  99.257  39.573 149.460
9020  36.621 -66.208 1  7  7 3525.5   2.608  34.914 274.500   2.310  34.914 273.500   1.045   0.506   0.051  -9.000  90.645  40.262 158.641
9020  36.621 -66.208 1  6  6 3749.6   2.451  34.904 274.600   2.133  34.903 272.500   1.096   0.535   0.062  -9.000  95.005  39.914 153.950
9020  36.621 -66.208 1  5  5 3974.3   2.359  34.897 271.600   2.018  34.898 269.100   0.937   0.456   0.054  -9.000  80.560  41.168 171.214
9020  36.621 -66.208 1  4  4 4199.9   2.305  34.892 270.500   1.940  34.892 269.700   0.866   0.417   0.051  -9.000  73.447  41.871 181.356
9020  36.621 -66.208 1  3  3 4425.2   2.277  34.887 268.700   1.886  34.887 268.700   0.798   0.393   0.049  -9.000  69.109  42.312 187.864
9020  36.621 -66.208 1  2  2 4749.6   2.269  34.882 267.000   1.839  34.884 267.500   0.771   0.376   0.046  -9.000  66.087  42.651 192.971
9020  36.621 -66.208 1  1  1 5038.7   2.265  34.878 262.300   1.799  34.880 263.000   0.656   0.321   0.044  -9.000  56.405  43.796 210.663
9021  36.200 -66.543 1 24 24    2.8  26.237  36.339 204.300  26.243  36.339 198.800   1.624   1.032   0.140  -9.000 544.515   8.059  -1.161
9021  36.200 -66.543 1 23 23  199.6  18.879  36.642 200.700  18.848  36.639 201.600   2.178   1.321   0.092  -9.000 524.284  14.100   6.395
9021  36.200 -66.543 1 22 22  399.0  18.127  36.590 211.900  18.061  36.591 212.600   2.247   1.353   0.091  -9.000 520.129  14.742   6.957
9021  36.200 -66.543 1 21 21  598.7  17.618  36.510 212.900  17.519  36.512 212.600   2.274   1.365   0.102  -9.000 513.192  15.599   7.833
9021  36.200 -66.543 1 20 20  799.6  14.414  35.900 170.500  14.296  35.908 169.400   2.094   1.175   0.032  -9.000 381.956  23.514  28.958
9021  36.200 -66.543 1 19 19 1000.0   9.502  35.256 144.300   9.387  35.266 146.800   1.162   0.607   0.025  -9.000 155.900  35.863 104.812
9021  36.200 -66.543 1 18 18 1198.6   6.333  35.072 200.900   6.220  35.071 201.700   1.610   0.822   0.070  -9.000 179.818  34.590  91.188
9021  36.200 -66.543 1 17 17 1399.6   5.092  35.031 238.500   4.971  35.030 237.800   1.987   1.005   0.109  -9.000 206.017  33.341  78.983
9021  36.200 -66.543 1 16 16 1600.9   4.434  34.982 254.800   4.300  34.981 255.900   2.381   1.207   0.149  -9.000 238.838  31.750  66.186
9021  36.200 -66.543 1 15 15 1822.8   4.104  34.966 262.500   3.953  34.962 263.700   2.238   1.114   0.136  -9.000 216.552  32.840  74.563
9021  36.200 -66.543 1 14 14 2051.4   3.862  34.955 266.700   3.692  34.955 267.700   1.942   0.971   0.112  -9.000 186.298  34.262  87.850
9021  36.200 -66.543 1 13 13 2274.9   3.659  34.949 270.000   3.470  34.952 270.100   1.712   0.837   0.090  -9.000 158.834  35.698 102.995
9021  36.200 -66.543 1 12 12 2500.0   3.504  34.947 270.700   3.296  34.943 270.700   1.420   0.695   0.074  -9.000 130.784  37.370 122.064
9021  36.200 -66.543 1 11 11 2724.8   3.353  34.948 270.000   3.125  34.946 269.100   1.091   0.541   0.055  -9.000 100.975  39.436 147.668
9021  36.200 -66.543 1 10 10 2950.0   3.161  34.942 268.900   2.913  34.931 269.700   0.967   0.464   0.047  -9.000  85.699  40.704 164.712
9021  36.200 -66.543 1  9  9 3174.2   2.984  34.935 269.500   2.716  34.930 270.300   0.886   0.427   0.044  -9.000  78.102  41.401 174.541
9021  36.200 -66.543 1  8  8 3399.6   2.764  34.923 270.600   2.476  34.919 270.900   0.858   0.421   0.043  -9.000  76.074  41.606 177.494
9021  36.200 -66.543 1  7  7 3624.0   2.566  34.912 272.300   2.259  34.908 272.300   0.900   0.425   0.045  -9.000  75.957  41.618 177.665
9021  36.200 -66.543 1  6  6 3848.5   2.415  34.902 272.500   2.086  34.900 272.500   0.949   0.455   0.054  -9.000  80.636  41.161 171.115
9021  36.200 -66.543 1  5  5 4073.4   2.339  34.896 271.400   1.987  34.889 271.600   0.873   0.418   0.053  -9.000  73.764  41.839 180.886
9021  36.200 -66.543 1  4  4 4299.0   2.296  34.890 270.200   1.919  34.888 270.400   0.886   0.432   0.056  -9.000  76.049  41.608 177.529
9021  36.200 -66.543 1  3  3 4523.6   2.276  34.886 268.600   1.873  34.882 269.400   0.877   0.432   0.060  -9.000  75.962  41.617 177.656
9021  36.200 -66.543 1  2  2 4748.0   2.271  34.883 267.000   1.842  34.881 267.500   0.772   0.378   0.050  -9.000  66.447  42.611 192.359
9021  36.200 -66.543 1  1  1 5043.1   2.270  34.878 262.900   1.803  34.875 264.800   0.672   0.344   0.043  -9.000  60.464  43.283 202.663
9022  35.698 -66.811 1 24 24    2.8  26.527  36.303 202.800  26.532  36.301 204.500   1.605   1.034   0.138  -9.000  -9.000  -9.000  -9.000
9022  35.698 -66.811 1 23 23   99.7  22.588  36.718 193.600  22.573  36.713 198.200   1.932   1.203   0.120  -9.000  -9.000  -9.000  -9.000
9022  35.698 -66.811 1 22 22  307.3  18.466  36.590 205.400  18.417  36.585 190.000   2.242   1.322   0.034  -9.000 515.474  15.379   7.587
9022  35.698 -66.811 1 21 21  502.5  18.027  36.565 207.200  17.944  36.564 207.700   2.264   1.362   0.068  -9.000 521.268  14.574   6.807
9022  35.698 -66.811 1 20 20  701.3  16.143  36.193 179.400  16.033  36.195 176.700   2.227   1.262   0.031  -9.000 443.991  20.291  18.222
9022  35.698 -66.811 1 19 19  900.9  12.431  35.595 152.500  12.309  35.604 148.800   1.681   0.917   0.028  -9.000 271.559  30.021  55.362
9022  35.698 -66.811 1 18 18 1102.9   8.089  35.126 156.700   7.971  35.131 156.900   1.138   0.595   0.034  -9.000 142.351  36.655 113.739
9022  35.698 -66.811 1 17 17 1302.0   5.892  35.083 219.500   5.772  35.079 210.500   1.499   0.759   0.062  -9.000 162.315  35.503 100.859
9022  35.698 -66.811 1 16 16 1500.8   4.891  35.032 241.400   4.762  35.015 243.700   1.978   1.000   0.105  -9.000 202.834  33.489  80.357
9022  35.698 -66.811 1 15 15 1724.8   4.459  35.016 256.400   4.313  35.015 255.900   1.734   0.875   0.092  -9.000 173.436  34.916  94.578
9022  35.698 -66.811 1 14 14 1949.5   3.967  34.968 264.500   3.806  34.968 265.300   1.887   0.935   0.111  -9.000 180.432  34.559  90.866
9022  35.698 -66.811 1 13 13 2173.3   3.755  34.963 266.000   3.575  34.962 266.300   1.546   0.764   0.079  -9.000 145.755  36.446 111.354
9022  35.698 -66.811 1 12 12 2398.3   3.625  34.965 267.500   3.425  34.965 266.000   1.204   0.592   0.055  -9.000 112.153  38.617 137.239
9022  35.698 -66.811 1 11 11 2626.5   3.429  34.960 267.200   3.209  34.957 267.100   0.907   0.434   0.032  -9.000  81.348  41.097 170.207
9022  35.698 -66.811 1 10 10 2850.7   3.255  34.952 266.300   3.015  34.951 266.900   0.774   0.376   0.031  -9.000  69.809  42.239 186.778
9022  35.698 -66.811 1  9  9 3100.0   3.031  34.943 266.400   2.770  34.943 267.100   0.598   0.281   0.022  -9.000  51.534  44.434 220.738
9022  35.698 -66.811 1  8  8 3350.4   2.830  34.930 267.800   2.546  34.928 267.300   0.600   0.271   0.026  -9.000  49.150  44.790 226.384
9022  35.698 -66.811 1  7  7 3601.3   2.609  34.917 270.300   2.303  34.916 270.500   0.643   0.297   0.028  -9.000  53.209  44.200 217.034
9022  35.698 -66.811 1  6  6 3851.6   2.440  34.905 270.400   2.111  34.903 270.600   0.664   0.306   0.034  -9.000  54.307  44.061 214.840
9022  35.698 -66.811 1  5  5 4100.2   2.361  34.898 269.900   2.006  34.899 269.900   0.648   0.303   0.030  -9.000  53.537  44.159 216.379
9022  35.698 -66.811 1  4  4 4348.2   2.313  34.892 268.200   1.930  34.893 267.200   0.609   0.287   0.033  -9.000  50.572  44.578 223.012
9022  35.698 -66.811 1  3  3 4598.5   2.281  34.887 266.300   1.869  34.887 265.900   0.533   0.259   0.030  -9.000  45.555  45.332 235.013
9022  35.698 -66.811 1  2  2 4845.8   2.272  34.882 264.600   1.830  34.881 265.100   0.480   0.237   0.036  -9.000  41.663  46.003 245.706
9022  35.698 -66.811 1  1  1 5158.0   2.211  34.869 256.900   1.731  34.871 260.700   0.279   0.144   0.017  -9.000  25.225  49.753 306.235
9023  35.228 -65.128 1 24 24    2.7  25.996  36.369 203.400  26.001  36.370 192.500   1.631   1.037   0.150  -9.000 542.469   9.306  -1.241
9023  35.228 -65.128 1 23 23  201.0  19.088  36.652 202.000  19.056  36.652 187.400   2.163   1.301   0.101  -9.000 520.883  14.631   6.857
9023  35.228 -65.128 1 22 22  400.8  18.198  36.598 210.000  18.132  36.596 208.900   2.233   1.327   0.097  -9.000 511.699  15.742   8.002
9023  35.228 -65.128 1 21 21  600.8  17.731  36.523 209.800  17.631  36.525 210.600   2.245   1.345   0.096  -9.000 508.161  16.082   8.431
9023  35.228 -65.128 1 20 20  800.2  14.665  35.940 170.600  14.546  35.946 179.200   2.087   1.142   0.036  -9.000 375.559  23.897  30.190
9023  35.228 -65.128 1 19 19 1000.5  10.394  35.343 144.600  10.272  35.346 149.000   1.255   0.659   0.019  -9.000 176.862  34.741  92.749
9023  35.228 -65.128 1 18 18 1200.7   6.594  35.074 192.800   6.479  35.075 165.800   1.522   0.774   0.062  -9.000 171.606  35.009  95.564
9023  35.228 -65.128 1 17 17 1400.2   5.008  35.010 239.200   4.888  35.009 219.200   2.246   1.156   0.139  -9.000 235.874  31.899  67.235
9023  35.228 -65.128 1 16 16 1601.5   4.456  34.989 254.700   4.322  34.987 245.300   2.304   1.163   0.148  -9.000 230.419  32.174  69.238
9023  35.228 -65.128 1 15 15 1826.3   4.122  34.969 261.900   3.971  34.966 257.100   2.186   1.081   0.127  -9.000 210.347  33.135  77.134
9023  35.228 -65.128 1 14 14 2049.8   3.844  34.954 267.000   3.674  34.953 263.000   1.947   0.969   0.119  -9.000 185.732  34.289  88.116
9023  35.228 -65.128 1 13 13 2274.2   3.681  34.955 267.700   3.492  34.953 268.000   1.582   0.793   0.091  -9.000 150.672  36.157 108.085
9023  35.228 -65.128 1 12 12 2500.0   3.558  34.962 267.700   3.348  34.959 268.700   1.189   0.561   0.052  -9.000 105.893  39.068 142.925
9023  35.228 -65.128 1 11 11 2722.9   3.381  34.958 265.000   3.151  34.951 245.900   0.890   0.407   0.046  -9.000  76.087  41.604 177.474
9023  35.228 -65.128 1 10 10 2949.3   3.204  34.953 264.400   2.955  34.953 266.400   0.641   0.279   0.029  -9.000  51.657  44.416 220.446
9023  35.228 -65.128 1  9  9 3173.9   3.012  34.940 268.000   2.744  34.937 260.000   0.673   0.300   0.024  -9.000  54.960  43.979 213.539
9023  35.228 -65.128 1  8  8 3398.9   2.773  34.924 270.400   2.486  34.921 260.700   0.870   0.375   0.051  -9.000  67.796  42.459 190.073
9023  35.228 -65.128 1  7  7 3624.6   2.625  34.916 270.400   2.316  34.917 272.000   0.740   0.353   0.040  -9.000  63.297  42.964 197.752
9023  35.228 -65.128 1  6  6 3849.9   2.454  34.905 271.600   2.124  34.903 272.400   0.824   0.393   0.045  -9.000  69.801  42.239 186.789
9023  35.228 -65.128 1  5  5 4099.7   2.352  34.896 270.400   1.997  34.896 270.800   0.826   0.399   0.046  -9.000  70.462  42.173 185.799
9023  35.228 -65.128 1  4  4 4349.6   2.308  34.891 269.600   1.925  34.889 269.600   0.845   0.408   0.049  -9.000  71.873  42.030 183.691
9023  35.228 -65.128 1  3  3 4599.6   2.292  34.887 267.700   1.880  34.887 267.900   0.710   0.329   0.043  -9.000  57.902  43.606 207.694
9023  35.228 -65.128 1  2  2 4848.2   2.282  34.883 266.000   1.839  34.883 264.400   0.645   0.310   0.037  -9.000  54.527  44.033 214.401
9023  35.228 -65.128 1  1  1 5180.3   2.238  34.872 258.300   1.755  34.875 261.600   0.396   0.197   0.025  -9.000  34.562  47.387 267.751
9024  34.740 -65.424 1 24 24    2.8  26.738  36.293 199.900  26.744  36.290 197.500   1.593   1.008   0.151  -9.000 541.488   9.796  -0.492
9024  34.740 -65.424 1 23 23  100.5  23.363  36.715 186.900  23.348  36.713 203.500   1.876   1.169   0.118  -9.000  -9.000  -9.000  -9.000
9024  34.740 -65.424 1 22 22  299.8  18.408  36.613 206.200  18.360  36.614 215.300   2.260   1.335   0.089  -9.000 519.402  14.849   7.055
9024  34.740 -65.424 1 21 21  500.7  18.066  36.579 206.400  17.983  36.580 214.500   2.271   1.366   0.086  -9.000 523.726  14.198   6.480
9024  34.740 -65.424 1 20 20  700.4  16.432  36.248 175.600  16.321  36.252 171.700   2.250   1.279   0.035  -9.000 455.890  19.734  16.490
9024  34.740 -65.424 1 19 19  901.3  12.162  35.562 148.300  12.042  35.569 142.600   1.651   0.887   0.028  -9.000 259.332  30.690  59.328
9024  34.740 -65.424 1 18 18 1099.8   8.147  35.164 166.800   8.030  35.160 193.200   1.237   0.651   0.037  -9.000 156.259  35.843 104.589
9024  34.740 -65.424 1 17 17 1300.5   5.662  35.039 222.600   5.544  35.043 239.500   1.876   0.982   0.102  -9.000 207.416  33.275  78.387
9024  34.740 -65.424 1 16 16 1502.5   4.898  35.025 241.300   4.768  35.021 256.600   2.165   1.064   0.127  -9.000 215.883  32.872  74.834
9024  34.740 -65.424 1 15 15 1725.4   4.436  35.007 257.300   4.291  35.007 263.400   2.083   1.069   0.125  -9.000 211.613  33.075  76.600
9024  34.740 -65.424 1 14 14 1950.4   4.067  34.982 262.000   3.904  34.985 268.000   1.790   0.900   0.105  -9.000 174.634  34.855  93.936
9024  34.740 -65.424 1 13 13 2200.4   3.750  34.962 267.600   3.567  34.960 269.900   1.603   0.776   0.084  -9.000 148.000  36.308 109.793
9024  34.740 -65.424 1 12 12 2450.0   3.562  34.957 268.300   3.358  34.955 269.500   1.316   0.629   0.067  -9.000 118.748  38.156 131.536
9024  34.740 -65.424 1 11 11 2700.5   3.368  34.953 267.700   3.142  34.955 266.000   0.981   0.469   0.045  -9.000  87.613  40.532 162.329
9024  34.740 -65.424 1 10 10 2951.4   3.191  34.948 266.600   2.942  34.947 264.700   0.778   0.388   0.035  -9.000  71.784  42.039 183.824
9024  34.740 -65.424 1  9  9 3200.2   2.956  34.937 267.800   2.685  34.935 267.000   0.687   0.320   0.031  -9.000  58.443  43.538 206.626
9024  34.740 -65.424 1  8  8 3450.0   2.754  34.925 269.000   2.461  34.925 271.700   0.702   0.314   0.037  -9.000  56.709  43.757 210.058
9024  34.740 -65.424 1  7  7 3699.2   2.544  34.911 271.800   2.229  34.911 270.900   0.848   0.399   0.048  -9.000  71.224  42.096 184.658
9024  34.740 -65.424 1  6  6 3949.4   2.404  34.901 271.400   2.065  34.900 274.500   0.939   0.448   0.059  -9.000  79.347  41.277 172.766
9024  34.740 -65.424 1  5  5 4198.8   2.324  34.893 270.300   1.958  34.893 280.000   0.881   0.418   0.057  -9.000  73.701  41.845 180.979
9024  34.740 -65.424 1  4  4 4448.4   2.290  34.888 268.700   1.896  34.887 270.500   0.837   0.399   0.052  -9.000  70.215  42.198 186.169
9024  34.740 -65.424 1  3  3 4698.2   2.285  34.885 267.700   1.861  34.888 267.700   0.793   0.383   0.052  -9.000  67.379  42.506 190.778
9024  34.740 -65.424 1  2  2 4949.0   2.284  34.881 265.600   1.829  34.882 267.500   0.659   0.311   0.045  -9.000  54.707  44.011 214.041
9024  34.740 -65.424 1  1  1 5257.9   2.259  34.873 259.200   1.765  34.871 260.800   0.467   0.229   0.032  -9.000  40.224  46.251 249.662
9025  34.259 -65.706 1 24 24    4.1  26.707  36.292 202.000  26.713  36.291 206.800   1.587   0.983   0.136  -9.000 527.454  13.544   5.892
9025  34.259 -65.706 1 23 23  100.9  22.914  36.657 207.400  22.899  36.664 216.900   1.956   1.205   0.149  -9.000  -9.000  -9.000  -9.000
9025  34.259 -65.706 1 22 22  301.3  18.438  36.616 208.200  18.389  36.613 209.100   2.236   1.353   0.093  -9.000 527.079  13.609   5.954
9025  34.259 -65.706 1 21 21  502.0  18.070  36.583 207.500  17.987  36.587 210.300   2.246   1.351   0.081  -9.000 518.080  15.043   7.240
9025  34.259 -65.706 1 20 20  697.9  15.908  36.153 170.300  15.799  36.164 171.600   2.157   1.229   0.027  -9.000 427.820  21.111  20.924
9025  34.259 -65.706 1 19 19  899.5  11.679  35.514 155.800  11.562  35.527 156.500   1.691   0.987   0.029  -9.000 282.005  29.417  51.919
9025  34.259 -65.706 1 18 18 1100.7   7.499  35.129 177.500   7.386  35.131 176.100   1.290   0.667   0.052  -9.000 154.928  35.918 105.418
9025  34.259 -65.706 1 17 17 1302.9   5.422  35.035 226.000   5.307  35.034 227.300   1.979   1.029   0.113  -9.000 214.628  32.932  75.347
9025  34.259 -65.706 1 16 16 1500.3   4.701  35.005 255.000   4.574  35.011 249.400   2.114   0.983   0.131  -9.000 197.337  33.746  82.783
9025  34.259 -65.706 1 15 15 1723.5   4.226  34.975 259.600   4.083  34.975 260.800   2.233   1.145   0.144  -9.000 224.055  32.483  71.622
9025  34.259 -65.706 1 14 14 1949.8   3.957  34.967 264.700   3.796  34.968 265.000   1.793   0.801   0.103  -9.000 154.485  35.943 105.693
9025  34.259 -65.706 1 13 13 2197.9   3.677  34.950 267.700   3.496  34.948 269.000   1.685   0.814   0.093  -9.000 154.619  35.935 105.610
9025  34.259 -65.706 1 12 12 2448.8   3.533  34.954 269.100   3.329  34.953 268.100   1.264   0.618   0.063  -9.000 116.485  38.306 133.371
9025  34.259 -65.706 1 11 11 2700.8   3.335  34.950 267.800   3.109  34.953 268.300   1.024   0.491   0.045  -9.000  91.555  40.190 157.653
9025  34.259 -65.706 1 10 10 2949.6   3.141  34.945 267.400   2.893  34.946 267.700   0.788   0.387   0.028  -9.000  71.402  42.078 184.393
9025  34.259 -65.706 1  9  9 3199.3   2.919  34.934 268.500   2.649  34.933 268.300   0.730   0.352   0.026  -9.000  64.155  42.868 196.277
9025  34.259 -65.706 1  8  8 3449.3   2.731  34.925 269.200   2.439  34.925 272.000   0.588   0.279   0.026  -9.000  50.325  44.615 223.598
9025  34.259 -65.706 1  7  7 3699.3   2.562  34.914 270.700   2.246  34.910 270.500   0.624   0.287   0.029  -9.000  51.284  44.472 221.328
9025  34.259 -65.706 1  6  6 3949.4   2.431  34.904 270.800   2.091  34.900 270.900   0.677   0.312   0.032  -9.000  55.344  43.930 212.773
9025  34.259 -65.706 1  5  5 4198.5   2.352  34.896 269.900   1.985  34.897 270.200   0.707   0.331   0.042  -9.000  58.453  43.536 206.606
9025  34.259 -65.706 1  4  4 4449.4   2.317  34.891 268.600   1.921  34.896 268.600   0.671   0.310   0.042  -9.000  54.637  44.020 214.182
9025  34.259 -65.706 1  3  3 4700.1   2.305  34.887 266.900   1.880  34.887 267.200   0.651   0.306   0.045  -9.000  53.894  44.114 215.666
9025  34.259 -65.706 1  2  2 4948.5   2.294  34.882 265.700   1.839  34.884 265.400   0.587   0.277   0.039  -9.000  48.753  44.849 227.325
9025  34.259 -65.706 1  1  1 5297.8   2.267  34.873 259.500   1.768  34.875 260.500   0.381   0.192   0.031  -9.000  33.740  47.570 270.655
9026  33.788 -66.000 1 24 24    2.1  25.860  36.443 205.600  25.866  36.442 198.900   1.653   1.060   0.146  -9.000  -9.000  -9.000  -9.000
9026  33.788 -66.000 1 23 23  100.3  20.731  36.696 216.600  20.717  36.700 199.300   2.067   1.255   0.125  -9.000 537.525  11.310   2.506
9026  33.788 -66.000 1 22 22  301.0  18.157  36.586 203.200  18.109  36.585 207.700   2.237   1.367   0.081  -9.000 526.147  13.773   6.106
9026  33.788 -66.000 1 21 21  499.1  17.200  36.405 205.900  17.119  36.410 193.600   2.269   1.305   0.058  -9.000 481.488  18.406  12.810
9026  33.788 -66.000 1 20 20  696.0  13.900  35.820 157.700  13.801  35.822 157.400   1.937   1.039   0.027  -9.000 329.780  26.882  39.835
9026  33.788 -66.000 1 19 19  899.3   9.357  35.251 151.600   9.255  35.253 150.800   1.238   0.664   0.034  -9.000 169.332  35.125  96.795
9026  33.788 -66.000 1 18 18 1097.2   6.445  35.100 201.700   6.341  35.100 202.000   1.533   0.773   0.069  -9.000 170.124  35.085  96.365
9026  33.788 -66.000 1 17 17 1295.9   4.894  35.005 241.400   4.784  35.004 242.900   2.282   1.180   0.139  -9.000 239.314  31.726  66.019
9026  33.788 -66.000 1 16 16 1497.9   4.398  34.982 257.500   4.274  34.984 257.400   2.381   1.231   0.154  -9.000 243.120  31.535  64.714
9026  33.788 -66.000 1 15 15 1724.4   4.113  34.975 262.200   3.971  34.976 262.800   2.084   1.044   0.122  -9.000 203.061  33.479  80.258
9026  33.788 -66.000 1 14 14 1950.5   3.860  34.965 266.500   3.700  34.966 266.400   1.735   0.864   0.096  -9.000 165.768  35.309  98.761
9026  33.788 -66.000 1 13 13 2176.1   3.641  34.959 267.500   3.462  34.962 268.500   1.460   0.732   0.073  -9.000 138.787  36.874 116.259
9026  33.788 -66.000 1 12 12 2401.3   3.424  34.949 269.100   3.227  34.948 269.500   1.245   0.611   0.065  -9.000 114.483  38.450 135.152
9026  33.788 -66.000 1 11 11 2624.1   3.331  34.957 265.600   3.113  34.957 265.900   0.801   0.388   0.033  -9.000  72.339  41.983 182.997
9026  33.788 -66.000 1 10 10 2847.9   3.118  34.946 266.500   2.881  34.956 266.800   0.724   0.341   0.031  -9.000  62.837  43.016 198.546
9026  33.788 -66.000 1  9  9 3100.3   2.885  34.935 267.100   2.626  34.934 267.700   0.593   0.275   0.019  -9.000  50.029  44.659 224.299
9026  33.788 -66.000 1  8  8 3348.3   2.693  34.923 269.400   2.413  34.927 269.600   0.592   0.280   0.023  -9.000  50.399  44.604 223.423
9026  33.788 -66.000 1  7  7 3601.1   2.533  34.912 270.900   2.229  34.914 271.300   0.725   0.342   0.038  -9.000  61.012  43.221 201.706
9026  33.788 -66.000 1  6  6 3846.4   2.428  34.904 270.800   2.099  34.906 271.100   0.668   0.312   0.036  -9.000  55.335  43.931 212.790
9026  33.788 -66.000 1  5  5 4099.1   2.345  34.897 270.100   1.990  34.900 270.200   0.688   0.326   0.040  -9.000  57.549  43.651 208.393
9026  33.788 -66.000 1  4  4 4349.2   2.319  34.893 269.100   1.936  34.894 269.000   0.632   0.293   0.037  -9.000  51.648  44.417 220.467
9026  33.788 -66.000 1  3  3 4599.4   2.290  34.888 267.100   1.878  34.887 267.200   0.578   0.276   0.035  -9.000  48.570  44.877 227.760
9026  33.788 -66.000 1  2  2 4849.7   2.279  34.882 265.300   1.837  34.881 265.000   0.557   0.272   0.031  -9.000  47.834  44.986 229.508
9026  33.788 -66.000 1  1  1 5199.0   2.243  34.873 258.600   1.758  34.876 260.200   0.346   0.167   0.021  -9.000  29.308  48.612 287.300
