EXPOCODE 31WTTUNES_2 WHP-ID P16S/P17S DATES 083191 TO 100191                20020416WHPOSIOSA
  STNNBR  CASTNO  BTLNBR  REVPRS  REVTMP  SALNTY  OXYGEN  SILCAT  NITRAT  NITRIT  PHSHHT  DELC14  C14ERR  DELC13    QUALT1
                            DBAR  ITS-90  PSS-78 UMOL/KG UMOL/KG UMOL/KG UMOL/KG UMOL/KG    0/00    0/00    0/00         * 
                 *******                 ******* ******* ******* ******* ******* ******* *******         *******         *
     132       3      41     5.4  27.47   35.769    -9.0     1.8    -9.0    -9.0   -9.00  -999.0    -9.0    -9.0 229299999
     132       3      81     5.9  27.47   35.767    -9.0     1.7    -9.0    -9.0   -9.00    76.5     3.6     1.7 229299922
     132       3      42  1089.4   4.12   34.545    -9.0    83.4    -9.0    -9.0   -9.00  -999.0    -9.0    -9.0 229299999
     132       3      83  1089.9   4.12   34.545    -9.0    83.2    -9.0    -9.0   -9.00  -178.0     3.1    -0.1 229299922
     132       3      43  1290.4   3.44   34.572    -9.0    98.     -9.0    -9.0   -9.00  -999.0    -9.0    -9.0 229299999
     132       3      84  1290.9   3.44   34.569    -9.0    98.2    -9.0    -9.0   -9.00  -195.3     3.2    -0.1 229299922
     132       3      45  1491.5   2.97   34.593    -9.0   109.6    -9.0    -9.0   -9.00  -999.0    -9.0    -9.0 229299999
     132       3      85  1492.    2.97   34.592    -9.0   109.6    -9.0    -9.0   -9.00  -200.9     2.6    -0.2 229299922
     132       3      44  1742.4   2.52   34.619    -9.0   119.7    -9.0    -9.0   -9.00  -999.0    -9.0    -9.0 229299999
     132       3      87  1742.9   2.52   34.617    -9.0   120.5    -9.0    -9.0   -9.00  -224.4     2.2    -0.3 229299922
     132       3      47  1991.9   2.22   34.641    -9.0   126.5    -9.0    -9.0   -9.00  -999.0    -9.0    -9.0 229299999
     132       3      89  1992.4   2.22   34.638    -9.0   126.9    -9.0    -9.0   -9.00  -226.8     2.1    -0.4 229299922
     132       3      90  2240.5   2.01   34.656    -9.0   132.7    -9.0    -9.0   -9.00  -229.8     2.2    -0.6 229299922
     132       1      41  2427.5   1.89   34.665    -9.0   134.7    -9.0    -9.0   -9.00  -999.0    -9.0    -9.0 229299999
     132       1      81  2428.    1.89   34.665    -9.0   135.2    -9.0    -9.0   -9.00  -224.6     3.1    -0.2 229299922
     132       1      42  2728.4   1.79   34.671    -9.0   136.6    -9.0    -9.0   -9.00  -999.0    -9.0    -9.0 229299999
     132       1      83  2728.9   1.79   34.672    -9.0   137.1    -9.0    -9.0   -9.00  -219.9     3.1    -0.2 229299922
     132       1      43  2928.6   1.7    34.675    -9.0   135.8    -9.0    -9.0   -9.00  -999.0    -9.0    -9.0 229299999
     132       1      84  2929.1   1.7    34.677    -9.0   137.1    -9.0    -9.0   -9.00  -221.1     2.      0.4 229299922
     132       1      44  3179.4  -9.000  -9.000    -9.0    -9.0    -9.0    -9.0   -9.00  -999.0    -9.0    -9.0 259599999
     132       1      85  3179.9  -9.000  34.686    -9.0    -9.0    -9.0    -9.0   -9.00  -211.6     3.     -0.3 229599922
     132       1      45  3428.5   1.55   34.687    -9.0   136.7    -9.0    -9.0   -9.00  -999.0    -9.0    -9.0 229299999
     132       1      87  3429.    1.55   34.685    -9.0   137.4    -9.0    -9.0   -9.00  -208.2     2.1    -0.3 229299922
     132       1      89  3677.6   1.54   34.687    -9.0   137.9    -9.0    -9.0   -9.00  -208.9     2.2    -0.3 229299922
     132       3      93  4055.    1.478  34.69    167.5   139.6    34.8     0.     2.4   -221.1     1.8    -0.4 222222242
     132       3      94  4360.    1.468  34.693   169.2   139.6    34.7     0.     2.38  -213.7     1.8    -0.6 222222222
     143       4      41     2.5  26.4    36.602    -9.0     1.8    -9.0    -9.0   -9.00  -999.0    -9.0    -9.0 229299999
     143       4      83     3.   26.4    36.591    -9.0     2.4    -9.0    -9.0   -9.00    89.4     3.8     1.5 229299922
     143       4      42   992.2   4.5    34.514    -9.0    70.4    -9.0    -9.0   -9.00  -999.0    -9.0    -9.0 229299999
     143       4      84   992.7   4.5    34.513    -9.0    70.2    -9.0    -9.0   -9.00  -161.      3.2     0.  229299922
     143       4      43  1194.1   3.8    34.545    -9.0    87.5    -9.0    -9.0   -9.00  -999.0    -9.0    -9.0 229299999
     143       4      85  1194.6   3.8    -9.000    -9.0    -9.0    -9.0    -9.0   -9.00  -187.3     3.3    -0.1 259599922
     143       4      45  1396.    3.21   34.571    -9.0   100.5    -9.0    -9.0   -9.00  -999.0    -9.0    -9.0 229299999
     143       4      87  1396.5   3.21   34.572    -9.0   100.3    -9.0    -9.0   -9.00  -205.6     3.1    -0.2 229299922
     143       4      44  1597.3   2.77   34.594    -9.0   108.7    -9.0    -9.0   -9.00  -999.0    -9.0    -9.0 229299999
     143       4      89  1597.8   2.77   34.594    -9.0   108.7    -9.0    -9.0   -9.00  -209.7     3.2    -0.5 229299922
     143       4      47  1797.3   2.37   34.621    -9.0   116.3    -9.0    -9.0   -9.00  -999.0    -9.0    -9.0 229299999
     143       4      90  1797.8   2.37   34.62     -9.0   116.     -9.0    -9.0   -9.00  -217.      3.     -0.2 229299922
     143       4      93  1996.    2.12   34.639    -9.0   120.6    -9.0    -9.0   -9.00  -219.8     3.1     0.  229299922
     143       4      48  2192.3   1.98   34.651    -9.0   123.2    -9.0    -9.0   -9.00  -999.0    -9.0    -9.0 229299999
     143       4      94  2192.8   1.98   34.651    -9.0   123.5    -9.0    -9.0   -9.00  -220.5     3.     -0.5 229299922
     143       1      41  2355.7   1.89   34.664    -9.0   127.4    -9.0    -9.0   -9.00  -999.0    -9.0    -9.0 229299999
     143       1      81  2356.2   1.89   34.662    -9.0   127.3    -9.0    -9.0   -9.00  -223.1     3.1    -0.1 229299922
     143       1      42  2631.4   1.77   34.701    -9.0   124.2    -9.0    -9.0   -9.00  -999.0    -9.0    -9.0 249499999
     143       1      83  2631.9   1.77   34.671    -9.0   130.7    -9.0    -9.0   -9.00  -215.5     3.3    -0.2 229299922
     143       2      43  2861.3   1.71   34.673    -9.0   130.3    -9.0    -9.0   -9.00  -999.0    -9.0    -9.0 229299999
     143       2      84  2861.8   1.71   34.676    -9.0   132.3    -9.0    -9.0   -9.00  -217.9     3.2    -0.1 229299922
     143       2      45  3122.1   1.65   34.681    -9.0   134.3    -9.0    -9.0   -9.00  -999.0    -9.0    -9.0 229299999
     143       2      85  3122.6   1.65   34.681    -9.0   134.2    -9.0    -9.0   -9.00  -218.5     3.3    -0.3 229299922
     143       2      44  3380.   -9.000  -9.000    -9.0    -9.0    -9.0    -9.0   -9.00  -999.0    -9.0    -9.0 259599999
     143       2      87  3380.5  -9.000  34.686    -9.0    -9.0    -9.0    -9.0   -9.00  -218.1     3.2    -0.1 229599922
     143       2      47  3634.1   1.55   34.687    -9.0   134.5    -9.0    -9.0   -9.00  -999.0    -9.0    -9.0 229299999
     143       2      89  3634.6   1.55   34.687    -9.0   134.9    -9.0    -9.0   -9.00  -210.8     3.2    -0.2 229299922
     143       2      90  3883.7   1.56   34.689    -9.0   134.2    -9.0    -9.0   -9.00  -205.5     3.1    -0.1 229299922
     143       2      48  4079.1   1.548  34.689    -9.0   133.8    -9.0    -9.0   -9.00  -999.0    -9.0    -9.0 229299999
     143       2      93  4079.6   1.548  34.69     -9.0   133.1    -9.0    -9.0   -9.00  -203.6     3.2    -0.2 229299922
     143       2      49  4260.3   1.546  34.69     -9.0   132.3    -9.0    -9.0   -9.00  -999.0    -9.0    -9.0 229299999
     143       2      94  4260.8   1.546  34.691    -9.0   132.8    -9.0    -9.0   -9.00  -201.7     3.1    -0.1 229299922
     153       3      49     7.4  -9.000  36.45     -9.0    -9.0    -9.0    -9.0   -9.00  -999.0    -9.0    -9.0 229599999
     153       3      81     7.9  -9.000  36.426    -9.0    -9.0    -9.0    -9.0   -9.00   111.2     2.7     1.3 229599922
     153       3      41  1189.6   3.1    34.523    -9.0    80.7    -9.0    -9.0   -9.00  -999.0    -9.0    -9.0 229299999
     153       3      83  1190.1   3.1    34.523    -9.0    80.5    -9.0    -9.0   -9.00  -169.8     3.      0.2 229299922
     153       3      42  1392.    2.94   34.558    -9.0    93.2    -9.0    -9.0   -9.00  -999.0    -9.0    -9.0 229299999
     153       3      84  1392.5   2.94   34.558    -9.0    93.6    -9.0    -9.0   -9.00  -192.4     3.3    -0.2 229299922
     153       3      43  1594.4   2.5    34.59     -9.0   103.8    -9.0    -9.0   -9.00  -999.0    -9.0    -9.0 229299999
     153       3      85  1594.9   2.5    34.59     -9.0   103.7    -9.0    -9.0   -9.00  -195.7     3.     -0.2 229299922
     153       3      45  1796.6   2.26   34.615    -9.0   111.8    -9.0    -9.0   -9.00  -999.0    -9.0    -9.0 229299999
     153       3      87  1797.1   2.26   34.615    -9.0   111.0    -9.0    -9.0   -9.00  -197.9     3.7    -0.2 229299922
     153       3      44  1997.7   2.09   34.631    -9.0   116.0    -9.0    -9.0   -9.00  -999.0    -9.0    -9.0 229299999
     153       3      89  1998.2   2.09   34.632    -9.0   115.9    -9.0    -9.0   -9.00  -202.6     3.4    -0.1 229299922
     153       3      47  2197.4   2.     34.644    -9.0   119.9    -9.0    -9.0   -9.00  -999.0    -9.0    -9.0 229299999
     153       3      90  2197.9   2.     34.645    -9.0   119.7    -9.0    -9.0   -9.00  -216.      3.2    -0.2 229299922
     153       3      93  2396.5   1.9    34.656    -9.0   123.0    -9.0    -9.0   -9.00  -221.3     2.9     0.1 229299922
     153       3      48  2595.9   1.83   34.662    -9.0   125.0    -9.0    -9.0   -9.00  -999.0    -9.0    -9.0 229299999
     153       3      94  2596.4   1.83   34.662    -9.0   124.9    -9.0    -9.0   -9.00  -220.1     3.1    -0.2 229299922
     153       1      41  2843.6   1.78   34.668    -9.0   126.     -9.0    -9.0   -9.00  -999.0    -9.0    -9.0 229299999
     153       1      81  2844.1   1.78   34.667    -9.0   126.3    -9.0    -9.0   -9.00  -214.4     3.2    -0.2 229299922
     153       1      42  3045.7   1.71   34.674    -9.0   126.7    -9.0    -9.0   -9.00  -999.0    -9.0    -9.0 229299999
     153       1      83  3046.2   1.71   34.671    -9.0   127.6    -9.0    -9.0   -9.00  -207.7     3.     -0.1 229299922
     153       1      43  3247.8   1.64   34.67     -9.0   125.6    -9.0    -9.0   -9.00  -999.0    -9.0    -9.0 239299999
     153       1      84  3248.3   1.64   34.684    -9.0   125.5    -9.0    -9.0   -9.00  -205.2     2.9    -0.1 239299922
     153       1      45  3449.8   1.65   34.68     -9.0   129.5    -9.0    -9.0   -9.00  -999.0    -9.0    -9.0 229299999
     153       1      85  3450.3   1.65   34.68     -9.0   129.3    -9.0    -9.0   -9.00  -207.9     3.2    -0.3 229299922
     153       1      44  3652.5   1.65   34.679    -9.0   129.6    -9.0    -9.0   -9.00  -999.0    -9.0    -9.0 229299999
     153       1      87  3653.    1.65   34.679    -9.0   128.     -9.0    -9.0   -9.00  -208.2     2.9    -0.1 229299922
     153       1      47  3852.9   1.66   34.68     -9.0   129.5    -9.0    -9.0   -9.00  -999.0    -9.0    -9.0 229299999
     153       1      89  3853.4   1.66   34.68     -9.0   129.3    -9.0    -9.0   -9.00  -211.7     3.2    -0.2 229299922
     153       1      90  4054.5   1.68   34.679    -9.0   129.4    -9.0    -9.0   -9.00  -212.8     2.9    -0.4 229299922
     153       1      48  4254.6   1.7    34.681    -9.0   129.1    -9.0    -9.0   -9.00  -999.0    -9.0    -9.0 229299999
     153       1      93  4255.1   1.7    34.68     -9.0   129.5    -9.0    -9.0   -9.00  -208.5     3.1    -0.2 229299922
     153       1      49  4454.6   1.72   34.681    -9.0   129.4    -9.0    -9.0   -9.00  -999.0    -9.0    -9.0 229299999
     153       1      94  4455.1   1.72   34.68     -9.0   129.8    -9.0    -9.0   -9.00  -204.6     2.2     0.1 229299922
     166       4      49     4.   -9.000  35.549    -9.0    -9.0    -9.0    -9.0   -9.00  -999.0    -9.0    -9.0 229599999
     166       4      81     4.5  -9.000  -9.000    -9.0    -9.0    -9.0    -9.0   -9.00   130.1     3.6     0.6 259599922
     166       1      47   448.9   8.76   34.46     -9.0     6.3    -9.0    -9.0   -9.00  -999.0    -9.0    -9.0 229299999
     166       1      85   449.4   8.76   34.484    -9.0     7.2    -9.0    -9.0   -9.00    15.4     3.3     0.6 229299922
     166       1      44   744.    6.01   34.316    -9.0    12.7    -9.0    -9.0   -9.00  -999.0    -9.0    -9.0 229299999
     166       1      87   744.5   6.01   34.321    -9.0    12.9    -9.0    -9.0   -9.00   -39.8     3.2     0.5 229299922
     166       1      45  1120.9   3.84   34.404    -9.0    53.6    -9.0    -9.0   -9.00  -999.0    -9.0    -9.0 229299999
     166       1      89  1121.4   3.84   34.433    -9.0    57.7    -9.0    -9.0   -9.00  -139.1     3.6     0.  249299922
     166       3      47  1406.4   2.89   34.528    -9.0    84.1    -9.0    -9.0   -9.00  -999.0    -9.0    -9.0 229299999
     166       3      81  1406.9   2.89   34.527    -9.0    84.8    -9.0    -9.0   -9.00  -177.8     3.     -0.2 229299922
     166       3      42  1545.2   2.65   34.556    -9.0    92.8    -9.0    -9.0   -9.00  -999.0    -9.0    -9.0 229299999
     166       3      87  1545.7   2.65   34.557    -9.0    93.     -9.0    -9.0   -9.00  -182.5     3.     -0.3 229299922
     166       3      44  1700.7   2.34   34.596    -9.0   104.3    -9.0    -9.0   -9.00  -999.0    -9.0    -9.0 229299999
     166       3      83  1701.2   2.34   34.596    -9.0   104.3    -9.0    -9.0   -9.00  -200.      3.     -0.2 229299922
     166       3      45  1946.9   2.1    34.628    -9.0   116.1    -9.0    -9.0   -9.00  -999.0    -9.0    -9.0 229299999
     166       3      84  1947.4   2.1    34.63     -9.0   115.6    -9.0    -9.0   -9.00  -210.5     2.9    -0.4 229299922
     166       3      41  2398.9   1.85   34.654    -9.0   124.5    -9.0    -9.0   -9.00  -999.0    -9.0    -9.0 229299999
     166       3      90  2399.4   1.85   34.652    -9.0   123.8    -9.0    -9.0   -9.00  -211.6     2.2    -0.5 229299922
     166       1      43  2434.3   1.85   34.652    -9.0   123.8    -9.0    -9.0   -9.00  -999.0    -9.0    -9.0 229299999
     166       1      90  2434.8   1.85   34.655    -9.0   124.5    -9.0    -9.0   -9.00  -210.5     2.9    -0.6 229299922
     166       3      93  2619.5   1.78   34.66     -9.0   124.9    -9.0    -9.0   -9.00  -216.3     3.2    -0.6 229299922
     166       1      42  2637.4   1.78   34.662    -9.0   126.1    -9.0    -9.0   -9.00  -999.0    -9.0    -9.0 229299999
     166       1      93  2637.9   1.78   34.662    -9.0   126.1    -9.0    -9.0   -9.00  -206.9     3.     -0.3 229299922
     166       1      41  2777.3   1.73   34.667    -9.0   125.6    -9.0    -9.0   -9.00  -999.0    -9.0    -9.0 229299999
     166       1      94  2777.8   1.73   34.668    -9.0   124.8    -9.0    -9.0   -9.00  -210.1     3.     -0.2 229299922
     166       3      48  2906.7   1.672  34.669    -9.0   126.2    -9.0    -9.0   -9.00  -999.0    -9.0    -9.0 229299999
     166       3      94  2907.2   1.672  34.67     -9.0   126.2    -9.0    -9.0   -9.00  -211.2     2.9    -0.4 229299922
     172       4      49     4.   -9.000  35.391    -9.0    -9.0    -9.0    -9.0   -9.00  -999.0    -9.0    -9.0 229599999
     172       4      90     4.5  -9.000  33.421    -9.0    -9.0    -9.0    -9.0   -9.00   127.4     3.5     0.8 229599922
     172       3      85  1236.8  -9.000  34.45     -9.0    -9.0    -9.0    -9.0   -9.00  -153.5     4.3     0.  229599922
     172       2      99  1287.4   3.175  34.469   165.6    68.3    34.7     0.     2.42  -999.0    -9.0    -0.1 222222292
     172       3      41  1486.5   2.71   34.539    -9.0    87.     34.9     0.     2.44  -999.0    -9.0    -9.0 229222299
     172       3      81  1487.    2.71   34.54     -9.0    86.3    34.9     0.     2.42  -177.7     3.1    -0.3 229222222
     172       3      42  1738.4   2.33   34.595    -9.0   103.5    35.1     0.     2.47  -999.0    -9.0    -9.0 229222299
     172       3      83  1738.9   2.33   34.599    -9.0   104.3    35.3     0.     2.46  -198.2     2.8    -0.4 229222222
     172       3      43  1988.9   2.12   34.624    -9.0   114.8    35.4     0.     2.5   -999.0    -9.0    -9.0 229222299
     172       3      84  1989.4   2.12   34.627    -9.0   115.     35.4     0.     2.46  -216.4     2.8    -0.8 229222222
     172       3      45  2242.1   1.97   34.644    -9.0   122.1    35.4     0.     2.51  -999.0    -9.0    -9.0 229222299
     172       3      87  2242.6   1.97   34.643    -9.0   121.2    35.4     0.     2.48  -211.8     4.1    -0.5 229222222
     172       3      44  2494.8   1.85   34.654    -9.0   125.6    35.4     0.     2.51  -999.0    -9.0    -9.0 229222299
     172       3      89  2495.3   1.85   34.655    -9.0   125.6    35.4     0.     2.46  -215.7     2.9    -0.6 229222222
     172       3      47  2747.9   1.75   34.664    -9.0   127.4    35.1     0.     2.48  -999.0    -9.0    -9.0 229222299
     172       3      93  2748.4   1.75   34.665    -9.0   127.5    35.2     0.     2.44  -216.6     2.9    -0.6 229222222
     172       1      45  2991.8   1.65   34.672    -9.0   127.9    34.9     0.     2.4   -999.0    -9.0    -9.0 229222299
     172       1      83  2992.3   1.65   34.672    -9.0   128.3    35.1     0.     2.42  -207.2     2.9    -0.3 229222222
     172       1      43  3240.4   1.6    34.677    -9.0   127.7    34.7     0.     2.39  -999.0    -9.0    -9.0 229222299
     172       1      84  3240.9   1.6    34.678    -9.0   127.5    34.6     0.     2.39  -205.8     2.7    -0.4 229222222
     172       1      42  3492.9  -9.000  34.684    -9.0    -9.0    -9.0    -9.0   -9.00  -999.0    -9.0    -9.0 229599999
     172       1      87  3493.4  -9.000  34.685    -9.0    -9.0    -9.0    -9.0   -9.00  -207.1     2.5    -0.2 229599922
     172       1      41  3751.6   1.5    34.689    -9.0   126.3    34.1     0.     2.37  -999.0    -9.0    -9.0 229222299
     172       1      89  3752.1   1.5    34.689    -9.0   125.6    34.      0.     2.31  -201.1     3.3    -0.1 229222222
     172       1      93  4018.1   1.49   34.692    -9.0   125.4    33.8     0.     2.32  -197.4     3.     -0.2 229222222
     172       1      48  4236.5   1.49   34.693    -9.0   125.2    33.6     0.     2.34  -999.0    -9.0    -9.0 229222299
     172       1      94  4237.    1.49   34.693    -9.0   124.8    33.5     0.     2.3   -189.6     3.4    -0.1 229222222
     179       4      49     3.   -9.000  35.175    -9.0    -9.0    -9.0    -9.0   -9.00  -999.0    -9.0    -9.0 229599999
     179       4      90     3.5  -9.000  35.174    -9.0    -9.0    -9.0    -9.0   -9.00  -188.3     3.     -0.3 229599942
     179       3      47  1217.    3.43   34.404    -9.0    52.6    32.9     0.     2.3   -999.0    -9.0    -9.0 229222299
     179       3      81  1217.5   3.43   34.402    -9.0    53.     33.2     0.     2.31   126.6     3.9     0.4 229222242
     179       3      44  1463.5   2.79   34.912    -9.0    -9.0    -9.0    -9.0   -9.00  -999.0    -9.0    -9.0 249599999
     179       3      83  1464.    2.79   34.508    -9.0    75.     34.3     0.     2.38  -126.8     3.9    -0.7 229222242
     179       3      45  1700.7   2.43   34.586    -9.0    95.2    34.8     0.     2.43  -999.0    -9.0    -9.0 229222299
     179       3      84  1701.2   2.43   34.585    -9.0    94.9    34.8     0.     2.41  -161.3     3.1    -0.2 229222242
     179       1      43  3076.3   1.67   34.673    -9.0   125.3    34.4     0.     2.41  -999.0    -9.0    -9.0 229222299
     179       1      81  3076.8   1.67   34.673    -9.0   126.1    34.5     0.     2.42  -999.0    -9.0    -9.0 229222292
     179       1      41  3334.    1.61   34.679    -9.0   126.1    34.3     0.     2.41  -999.0    -9.0    -9.0 229222299
     179       1      83  3334.5   1.61   34.68     -9.0   126.5    34.3     0.     2.39  -208.1     3.     -0.5 229222222
     179       1      84  3591.2   1.55   34.687    -9.0   126.4    34.      0.     2.37  -199.7     3.     -0.9 229222222
     179       1      45  3845.7   1.45   34.695    -9.0   124.2    33.4     0.     2.34  -999.0    -9.0    -9.0 229222299
     179       1      87  3846.2   1.45   34.695    -9.0   124.2    33.4     0.     2.32  -193.2     3.3    -0.4 229222222
     179       1      44  4098.6   1.34   34.702    -9.0   122.5    32.9     0.     2.31  -999.0    -9.0    -9.0 229222299
     179       1      89  4099.1   1.34   34.685    -9.0   119.     32.9     0.     2.28  -179.2     3.      0.  239322222
     179       1      47  4299.    1.31   34.704    -9.0   122.2    32.8     0.     2.29  -999.0    -9.0    -9.0 229222299
     179       1      93  4299.5   1.31   34.704    -9.0   121.8    32.7     0.     2.22  -177.5     3.1    -0.2 229222222
     179       1      48  4497.3   1.31   34.705    -9.0   121.9    32.7     0.     2.29  -999.0    -9.0    -9.0 229222299
     179       1      94  4497.8   1.31   34.683    -9.0   116.3    32.9     0.     2.26  -182.4     3.     -0.3 239422222
     180       4      90     3.5  -9.000  34.743    -9.0    -9.0    -9.0    -9.0   -9.00   113.4     3.9     1.1 229599922
     180       3      42  1331.4   3.28   34.422    -9.0    57.     33.4     0.     2.33  -999.0    -9.0    -9.0 229222299
     180       3      81  1331.9   3.28   34.422    -9.0    57.     33.5     0.     2.33  -130.2     3.2     0.2 229222222
     180       3      43  1626.9   2.72   34.552    -9.0    85.5    34.6     0.     2.42  -999.0    -9.0    -9.0 229222299
     180       3      83  1627.4   2.72   34.552    -9.0    85.5    34.6     0.     2.42  -164.2     3.3    -0.6 229222222
     180       3      41  1925.8   2.41   34.611    -9.0   106.2    35.1     0.     2.46  -999.0    -9.0    -9.0 229222299
     180       3      84  1926.3   2.41   34.613    -9.0   106.2    35.2     0.     2.46  -194.1     2.9    -0.8 229222222
     180       3      87  2223.9   2.19   34.638    -9.0   115.3    35.3     0.     2.46  -200.4     3.2    -0.7 229222222
     180       3      45  2522.    2.03   34.651    -9.0   123.3    35.6     0.     2.5   -999.0    -9.0    -9.0 229222299
     180       3      89  2522.5   2.03   34.651    -9.0   123.2    35.6     0.     2.44  -212.      2.9    -1.  229222222
     180       3      49  2821.7   1.89   34.663    -9.0   128.8    35.6     0.     2.5   -999.0    -9.0    -9.0 229222299
     180       3      93  2822.2   1.89   34.665    -9.0   128.7    35.5     0.     2.47  -215.8     3.3    -0.4 229222222
     180       3      47  3122.7   1.79   34.674    -9.0   128.     35.1     0.     2.46  -999.0    -9.0    -9.0 229222299
     180       3      94  3123.2   1.79   34.675    -9.0   128.4    35.      0.     2.44  -213.      3.     -0.8 229222222
     180       3      48  3426.2   1.69   34.691    -9.0   122.4    33.8     0.     2.37  -999.0    -9.0    -9.0 229222299
     180       3      85  3426.7   1.69   34.691    -9.0   122.4    33.8     0.     2.35  -192.9     3.     -0.9 229222222
     180       1      42  3840.4   1.5    34.712    -9.0   115.     32.2     0.     2.23  -999.0    -9.0    -9.0 229222299
     180       1      81  3840.9   1.5    34.712    -9.0   115.     32.3     0.     2.24  -176.1     3.     -0.1 229222222
     180       1      43  4128.    1.33   34.714    -9.0   117.4    32.2     0.     2.22  -999.0    -9.0    -9.0 229222299
     180       1      83  4128.5   1.33   34.713    -9.0   117.4    32.2     0.     2.21  -170.9     3.1     0.  229222222
     180       1      41  4419.   -9.000  34.711    -9.0    -9.0    -9.0    -9.0   -9.00  -999.0    -9.0    -9.0 229599999
     180       1      84  4419.5  -9.000  34.711    -9.0    -9.0    -9.0    -9.0   -9.00  -166.8     3.3    -0.3 229599922
     180       1      87  4714.    1.15   34.71     -9.0   121.1    32.1     0.     2.17  -168.4     2.3    -0.2 229222222
     180       1      45  5015.5  -9.000  34.708    -9.0    -9.0    -9.0    -9.0   -9.00  -999.0    -9.0    -9.0 229599999
     180       1      89  5016.   -9.000  34.708    -9.0    -9.0    -9.0    -9.0   -9.00  -163.9     3.0    -0.5 229599922
     180       1      49  5323.3   1.13   34.707    -9.0   123.5    32.2     0.     2.22  -999.0    -9.0    -9.0 229222299
     180       1      93  5323.8   1.13   34.707    -9.0   123.5    32.2     0.     2.18  -159.7     3.4    -0.3 229222222
     180       1      47  5638.9   1.15   34.707    -9.0   123.6    32.2     0.     2.22  -999.0    -9.0    -9.0 229222299
     180       1      94  5639.4   1.15   34.707    -9.0   123.4    32.2     0.     2.22  -163.9     3.1    -0.7 229222222
     187       4      90     3.5  -9.000  35.091    -9.0    -9.0    -9.0    -9.0   -9.00   124.1     3.8     1.1 229599922
     187       3      48  1590.   -9.000  34.544    -9.0    -9.0    -9.0    -9.0   -9.00  -999.0    -9.0    -9.0 229599999
     187       3      81  1590.5  -9.000  34.545    -9.0    -9.0    -9.0    -9.0   -9.00  -166.9     3.      0.1 229599922
     187       3      47  1785.3   2.44   34.601    -9.0   101.3    35.      0.     2.45  -999.0    -9.0    -9.0 229222299
     187       3      83  1785.8   2.44   34.601    -9.0   101.5    35.      0.     2.44  -189.5     3.     -0.1 229222222
     187       3      49  1981.1   2.24   34.626    -9.0   111.8    35.3     0.     2.46  -999.0    -9.0    -9.0 229222299
     187       3      84  1981.6   2.24   34.627    -9.0   111.4    35.3     0.     2.46  -202.4     3.2    -0.2 229222222
     187       3      45  2226.3   2.06   34.645    -9.0   120.3    35.4     0.     2.49  -999.0    -9.0    -9.0 229222299
     187       3      87  2226.8   2.06   34.643    -9.0   120.3    35.5     0.     2.47  -213.6     3.     -0.3 229222222
     187       3      89  2474.3   1.94   34.655    -9.0   125.9    35.6     0.     2.48  -219.      2.6    -0.4 229222222
     187       3      41  2727.5   1.84   34.663    -9.0   128.4    35.4     0.     2.48  -999.0    -9.0    -9.0 229222299
     187       3      93  2728.    1.84   34.663    -9.0   130.3    35.6     0.     2.46  -213.7     2.3    -0.5 229222222
     187       3      43  2982.2   1.75   34.669    -9.0   131.9    35.4     0.     2.49  -999.0    -9.0    -9.0 229222299
     187       3      94  2982.7   1.75   34.671    -9.0   131.9    35.4     0.     2.46  -216.7     2.5    -0.2 229222222
     187       3      42  3243.9   1.67   34.68     -9.0   129.9    34.8     0.     2.44  -999.0    -9.0    -9.0 229222299
     187       3      85  3244.4   1.67   34.68     -9.0   130.3    34.8     0.     2.42  -208.3     2.9    -0.2 229222222
     187       1      43  3463.5   1.57   34.688    -9.0   126.4    33.9     0.     2.37  -999.0    -9.0    -9.0 229222299
     187       1      81  3464.    1.57   34.692    -9.0   126.1    34.      0.     2.36  -197.6     3.1    -0.3 229222222
     187       1      41  3767.7   1.45   34.702    -9.0   122.3    33.1     0.     2.31  -999.0    -9.0    -9.0 229222299
     187       1      83  3768.2   1.45   34.702    -9.0   122.3    33.      0.     2.3   -187.7     2.8     0.1 229222222
     187       1      84  4070.9   1.35   34.707    -9.0   120.4    32.5     0.     2.25  -175.5     3.     -0.1 229222222
     187       1      45  4375.7   1.23   34.71     -9.0   120.4    32.3     0.     2.24  -999.0    -9.0    -9.0 229222299
     187       1      87  4376.2   1.23   34.71     -9.0   120.3    32.4     0.     2.23  -175.3     3.1    -0.3 229222222
     187       1      49  4680.5   1.16   34.71     -9.0   121.8    32.2     0.     2.23  -999.0    -9.0    -9.0 229222299
     187       1      89  4681.    1.16   34.71     -9.0   121.9    32.1     0.     2.22  -165.5     2.9    -0.2 229222222
     187       1      47  4985.9   1.15   34.709    -9.0   121.7    32.1     0.     2.22  -999.0    -9.0    -9.0 229222299
     187       1      93  4986.4   1.15   34.709    -9.0   121.8    32.1     0.     2.18  -166.3     3.     -0.1 229222222
     187       1      48  5291.8   1.15   34.709    -9.0   123.     32.2     0.     2.23  -999.0    -9.0    -9.0 229222299
     187       1      94  5292.3   1.15   34.708    -9.0   123.2    32.2     0.     2.18  -169.3     3.3    -0.3 229222222
     198       4      90     1.5  19.432  35.584   228.3     1.2     0.1     0.     0.07   127.9     2.9     1.1 222222222
     198       3      42  1233.8   3.58   34.415    -9.0    55.     33.3     0.     2.29  -999.0    -9.0    -9.0 229222299
     198       3      81  1234.3   3.58   34.415    -9.0    55.2    33.4     0.     2.29  -140.1     3.3     0.3 229222222
     198       3      43  1485.    3.2    34.519    -9.0    80.     34.5     0.     2.39  -999.0    -9.0    -9.0 229222299
     198       3      83  1485.5   3.2    34.522    -9.0    80.3    34.6     0.     2.37  -165.2     3.      0.1 229222222
     198       3      41  1735.8   2.42   34.597    -9.0   102.     35.1     0.     2.45  -999.0    -9.0    -9.0 229222299
     198       3      84  1736.3   2.42   34.598    -9.0   102.6    35.1     0.     2.42  -193.9     3.     -0.2 229222222
     198       3      99  1852.2   2.263  34.619   153.     -9.0    -9.0    -9.0   -9.00  -999.0    -9.0    -9.0 222599992
     198       3      87  1986.5   2.17   34.629    -9.0   115.6    35.5     0.     2.47  -215.6     2.9    -0.3 229222222
     198       3      45  2238.5   2.     34.647    -9.0   125.1    35.7     0.     2.5   -999.0    -9.0    -9.0 229222299
     198       3      89  2239.    2.     34.659    -9.0   125.1    35.8     0.     2.49  -217.1     3.     -0.4 239222222
     198       3      49  2540.5   1.86   34.659    -9.0   129.9    35.7     0.     2.5   -999.0    -9.0    -9.0 229222299
     198       3      93  2541.    1.86   34.659    -9.0   130.9    35.7     0.     2.46  -216.1     2.5    -0.4 229222222
     198       3      47  2867.3   1.73   34.67     -9.0   133.3    35.5     0.     2.48  -999.0    -9.0    -9.0 229222299
     198       3      94  2867.8   1.73   34.669    -9.0   132.9    35.5     0.     2.46  -218.9     2.3    -0.2 229222222
     198       3      48  3193.6   1.63   34.678    -9.0   131.6    34.9     0.     2.42  -999.0    -9.0    -9.0 229222299
     198       3      85  3194.1   1.63   34.678    -9.0   131.3    34.9     0.     2.42  -202.4     3.3    -0.3 229222222
     198       1      43  3429.3   1.54   34.686    -9.0   129.     34.3     0.     2.37  -999.0    -9.0    -9.0 229222299
     198       1      81  3429.8   1.54   34.686    -9.0   129.6    34.4     0.     2.36  -200.      2.9    -0.3 229222222
     198       1      41  3682.5   1.45   34.692    -9.0   126.9    33.8     0.     2.33  -999.0    -9.0    -9.0 229222299
     198       1      83  3683.    1.45   34.692    -9.0   127.3    33.9     0.     2.33  -191.9     3.3    -0.2 229222222
     198       1      84  3937.2   1.36   34.698    -9.0   124.8    33.4     0.     2.29  -188.2     3.     -0.3 229222222
     198       1      45  4188.7   1.33   34.701    -9.0   124.7    33.1     0.     2.3   -999.0    -9.0    -9.0 229222299
     198       1      87  4189.2   1.33   34.7      -9.0   124.7    33.1     0.     2.28  -180.6     3.1    -0.5 229222222
     198       1      49  4442.4   1.32   34.703    -9.0   123.5    32.9     0.     2.29  -999.0    -9.0    -9.0 229222299
     198       1      89  4442.9   1.32   34.703    -9.0   123.9    33.      0.     2.27  -177.9     3.3    -0.6 229222222
     198       1      47  4694.7   1.34   34.703    -9.0   123.2    32.9     0.     2.27  -999.0    -9.0    -9.0 229222299
     198       1      93  4695.2   1.34   34.704    -9.0   123.1    32.7     0.     2.24  -176.7     3.     -0.4 229222222
     198       1      48  4946.4   1.368  34.704    -9.0   123.6    32.9     0.     2.29  -999.0    -9.0    -9.0 229222299
     198       1      94  4946.9   1.368  34.703    -9.0   123.4    32.8     0.     2.26  -180.9     3.1    -0.4 229222222
     210       4      90     1.5  23.558  35.924   211.9     1.7     0.1     0.     0.13   117.5     3.1     1.1 222222222
     210       3      42  1236.7   3.15   34.517    -9.0    81.3    34.9     0.     2.44  -999.0    -9.0    -9.0 229222299
     210       3      81  1237.2   3.15   34.517    -9.0    81.3    35.      0.     2.43  -170.4     3.7     0.  229222222
     210       3      43  1385.5   2.869  34.551    -9.0    92.     35.1     0.     2.46  -999.0    -9.0    -9.0 229222299
     210       3      83  1386.    2.869  34.553    -9.0    91.8    35.1     0.     2.44  -188.4     3.2     0.1 229222222
     210       3      41  1585.5   2.54   34.583    -9.0   102.8    35.3     0.     2.47  -999.0    -9.0    -9.0 229222299
     210       3      84  1586.    2.54   34.585    -9.0   103.     35.3     0.     2.46  -197.9     2.7    -0.2 229222222
     210       3      87  1790.2   2.31   34.61     -9.0   110.5    35.2     0.     2.46  -201.4     3.5    -0.3 229222222
     210       3      45  1986.2   2.14   34.631    -9.0   117.8    35.4     0.     2.48  -999.0    -9.0    -9.0 229222299
     210       3      89  1986.7   2.14   34.631    -9.0   117.6    35.3     0.     2.45  -209.8     3.1    -0.2 229222222
     210       3      49  2238.1   1.97   34.644    -9.0   123.9    35.5     0.     2.48  -999.0    -9.0    -9.0 229222299
     210       3      93  2238.6   1.97   34.647    -9.0   124.6    35.5     0.     2.46  -214.5     3.5    -0.3 229222222
     210       3      47  2489.2   1.875  34.651    -9.0   126.     35.3     0.     2.46  -999.0    -9.0    -9.0 229222299
     210       3      94  2489.7   1.875  34.656    -9.0   125.4    35.2     0.     2.46  -213.8     3.1    -0.2 229222222
     210       3      48  2790.6   1.74   34.666    -9.0   126.5    34.9     0.     2.43  -999.0    -9.0    -9.0 229222299
     210       3      85  2791.1   1.74   34.666    -9.0   126.7    34.8     0.     2.43  -210.1     2.3    -0.1 229222222
     210       1      43  3155.4   1.64   34.674    -9.0   127.8    34.5     0.     2.41  -999.0    -9.0    -9.0 229222299
     210       1      81  3155.9   1.64   34.676    -9.0   129.6    34.7     0.     2.41  -206.3     3.5    -0.2 229222222
     210       1      41  3408.    1.56   34.682    -9.0   128.3    34.3     0.     2.38  -999.0    -9.0    -9.0 229222299
     210       1      83  3408.5   1.56   34.682    -9.0   127.8    34.3     0.     2.37  -200.8     3.1    -0.1 229222222
     210       1      84  3661.5   1.49   34.689    -9.0   127.1    33.8     0.     2.35  -203.      3.5    -0.2 229222222
     210       1      45  3914.3   1.45   34.692    -9.0   126.6    33.7     0.     2.35  -999.0    -9.0    -9.0 229222299
     210       1      87  3914.8   1.45   34.692    -9.0   127.4    33.7     0.     2.34  -198.3     3.5    -0.3 229222222
     210       1      49  4168.    1.41   34.694    -9.0   125.8    33.4     0.     2.33  -999.0    -9.0    -9.0 229222299
     210       1      89  4168.5   1.41   34.695    -9.0   124.7    33.2     0.     2.31  -185.3     3.2    -0.3 229222222
     210       1      47  4371.1   1.37   34.699    -9.0   123.6    33.1     0.     2.31  -999.0    -9.0    -9.0 229222299
     210       1      93  4371.6   1.37   34.698    -9.0   124.8    33.2     0.     2.3   -185.      3.2    -0.4 229222222
     210       1      48  4574.4   1.36   34.699    -9.0   124.1    32.9     0.     2.3   -999.0    -9.0    -9.0 229222299
     210       1      94  4574.9   1.36   34.7      -9.0   123.8    32.9     0.     2.29  -175.5     3.5     0.  229222222
